0 14.02927017211914
1 14.438647270202637
2 6.036202907562256
3 7.298775672912598
4 5.062576770782471
5 4.963513374328613
6 6.2549872398376465
7 11.347845077514648
8 8.088354110717773
9 5.376431941986084
10 3.4917149543762207
11 8.575347900390625
12 4.780368804931641
13 1.614025592803955
14 2.179807662963867
15 6.225731372833252
16 9.511825561523438
17 2.621208429336548
18 9.367095947265625
19 4.645397663116455
20 6.800373554229736
21 2.7610256671905518
22 6.741850852966309
23 1.4082305431365967
24 3.6662919521331787
25 2.595853328704834
26 4.2999043464660645
27 1.8929082155227661
28 4.110422611236572
29 5.476645469665527
30 3.16884708404541
31 6.741001129150391
32 1.6398015022277832
33 3.2439329624176025
34 2.9483468532562256
35 4.594784259796143
36 0.7590764164924622
37 1.049591064453125
38 6.589087009429932
39 4.548027515411377
40 1.5069358348846436
41 2.694277763366699
42 2.96990966796875
43 1.533878207206726
44 5.195740222930908
45 1.6461873054504395
46 2.2192602157592773
47 3.2306928634643555
48 5.4024658203125
49 1.9675204753875732
50 4.473942279815674
51 0.459206759929657
52 2.8002729415893555
53 2.7202327251434326
54 0.9318027496337891
55 1.4042203426361084
56 1.1888823509216309
57 2.0212483406066895
58 1.4990394115447998
59 1.526374340057373
60 1.5327653884887695
61 5.443137168884277
62 2.507467269897461
63 1.5761997699737549
64 1.6752991676330566
65 3.9544153213500977
66 1.2411028146743774
67 4.4628119468688965
68 2.2348644733428955
69 2.10129714012146
70 1.9194626808166504
71 1.4445738792419434
72 1.369049072265625
73 2.9180514812469482
74 0.5744383335113525
75 2.898184299468994
76 1.2694122791290283
77 2.2313060760498047
78 1.3028604984283447
79 1.6438878774642944
80 1.706902027130127
81 0.6416030526161194
82 1.6958364248275757
83 1.4703296422958374
84 1.7053169012069702
85 2.1232266426086426
86 2.3134841918945312
87 1.1357156038284302
88 2.3798749446868896
89 1.3758933544158936
90 0.7702040076255798
91 0.8557237386703491
92 2.2042675018310547
93 0.8431534767150879
94 1.4872087240219116
95 1.72243332862854
96 0.8436142802238464
97 1.064321756362915
98 0.9168726205825806
99 1.31938898563385
100 0.9381128549575806
101 0.913169264793396
102 1.1968493461608887
103 0.9313979744911194
104 1.3813931941986084
105 1.9042478799819946
106 0.756490170955658
107 1.098405361175537
108 1.5499125719070435
109 0.5825204849243164
110 1.3767691850662231
111 0.8871910572052002
112 0.7913989424705505
113 0.6903471946716309
114 1.063723087310791
115 0.8776021003723145
116 0.9588112235069275
117 1.2082746028900146
118 0.8878996968269348
119 1.2052512168884277
120 0.8851451873779297
121 0.8860096335411072
122 0.39437195658683777
123 0.9049341678619385
124 1.3872299194335938
125 0.946054995059967
126 1.0352777242660522
127 0.42626672983169556
128 0.28577372431755066
129 0.7424761652946472
130 0.6208845376968384
131 0.5355669856071472
132 0.34481900930404663
133 0.6033090949058533
134 0.6607567071914673
135 0.7543481588363647
136 0.5596979856491089
137 0.7450741529464722
138 0.5384642481803894
139 0.48197051882743835
140 0.7468879818916321
141 0.6160053610801697
142 0.5932038426399231
143 0.5306036472320557
144 0.7309853434562683
145 0.586800217628479
146 0.6253093481063843
147 0.9405435919761658
148 0.44878482818603516
149 0.7581318616867065
150 0.7774450182914734
151 0.3709595203399658
152 0.5484575033187866
153 0.5092483162879944
154 0.42301785945892334
155 0.32810157537460327
156 0.3454101085662842
157 0.3939477801322937
158 0.3269525170326233
159 0.38915643095970154
160 0.7008336186408997
161 0.35242122411727905
162 0.19246982038021088
163 0.4598039984703064
164 0.2771390974521637
165 0.2946196496486664
166 0.7405569553375244
167 0.4933035671710968
168 0.33041539788246155
169 0.23915520310401917
170 0.4243471026420593
171 0.40899914503097534
172 0.27067071199417114
173 0.32475781440734863
174 0.2451765537261963
175 0.15614053606987
176 0.2971998453140259
177 0.1969817578792572
178 0.28485119342803955
179 0.2889384329319
180 0.3053585886955261
181 0.32050254940986633
182 0.2745486795902252
183 0.15910238027572632
184 0.2131095677614212
185 0.21691864728927612
186 0.3265339434146881
187 0.2590124011039734
188 0.24420048296451569
189 0.17932629585266113
190 0.18912211060523987
191 0.18450725078582764
192 0.12375285476446152
193 0.2260020524263382
194 0.24089594185352325
195 0.1962299793958664
196 0.19613005220890045
197 0.16604897379875183
198 0.16080796718597412
199 0.13308653235435486
200 0.23057545721530914
201 0.2236109972000122
202 0.17461775243282318
203 0.18230853974819183
204 0.1437871754169464
205 0.2001844346523285
206 0.1384708285331726
207 0.13120603561401367
208 0.1619436889886856
209 0.16151006519794464
210 0.14142252504825592
211 0.15482373535633087
212 0.0940578281879425
213 0.09816504269838333
214 0.11578192561864853
215 0.1331709623336792
216 0.13723091781139374
217 0.11175677180290222
218 0.212937593460083
219 0.18139034509658813
220 0.07843228429555893
221 0.07126528024673462
222 0.13285642862319946
223 0.11756770312786102
224 0.1450803279876709
225 0.10831470042467117
226 0.11050431430339813
227 0.0591663122177124
228 0.11188731342554092
229 0.09447157382965088
230 0.08541321009397507
231 0.10697334259748459
232 0.07688930630683899
233 0.15379086136817932
234 0.12433386594057083
235 0.07802645862102509
236 0.07779072970151901
237 0.12046123296022415
238 0.04531827196478844
239 0.10089867562055588
240 0.10005509853363037
241 0.06892919540405273
242 0.07180964201688766
243 0.06419596821069717
244 0.05861455202102661
245 0.05983439087867737
246 0.06172023341059685
247 0.0890493169426918
248 0.09120655804872513
249 0.05826444923877716
250 0.06361560523509979
251 0.10708873718976974
252 0.06578521430492401
253 0.08162743598222733
254 0.06337685883045197
255 0.08923434466123581
256 0.06652217358350754
257 0.06380341947078705
258 0.05584103241562843
259 0.05907239392399788
260 0.0744049996137619
261 0.061223093420267105
262 0.0716138556599617
263 0.04631808400154114
264 0.06875883787870407
265 0.06664792448282242
266 0.04156913980841637
267 0.04314834997057915
268 0.04303976520895958
269 0.05547230318188667
270 0.04790342599153519
271 0.07673407346010208
272 0.08671025186777115
273 0.08030429482460022
274 0.04487187787890434
275 0.046505190432071686
276 0.07332239300012589
277 0.06091286242008209
278 0.06628589332103729
279 0.07228148728609085
280 0.041881199926137924
281 0.043835368007421494
282 0.06816213577985764
283 0.057104554027318954
284 0.057552628219127655
285 0.05287021026015282
286 0.05109669640660286
287 0.06800328195095062
288 0.047838956117630005
289 0.057891596108675
290 0.040481191128492355
291 0.059642113745212555
292 0.056956205517053604
293 0.05492732673883438
294 0.041494086384773254
295 0.061445970088243484
296 0.06447011977434158
297 0.0697491466999054
298 0.04985053092241287
299 0.05832058936357498
300 0.052348893135786057
301 0.046477653086185455
302 0.04754668101668358
303 0.05403829738497734
304 0.04053943604230881
305 0.041005365550518036
306 0.0641862004995346
307 0.04101302847266197
308 0.05117511376738548
309 0.07309780269861221
310 0.03851405531167984
311 0.053592830896377563
312 0.043633732944726944
313 0.039921555668115616
314 0.038949646055698395
315 0.04502856731414795
316 0.04352816194295883
317 0.04898207634687424
318 0.05501696839928627
319 0.04851525276899338
320 0.03197386488318443
321 0.04086475446820259
322 0.03607097268104553
323 0.0452897846698761
324 0.04548462852835655
325 0.04895557463169098
326 0.052287790924310684
327 0.03643225505948067
328 0.040172744542360306
329 0.05565335601568222
330 0.04812229797244072
331 0.031223516911268234
332 0.04644468426704407
333 0.03890823945403099
334 0.057830341160297394
335 0.05720971152186394
336 0.038798410445451736
337 0.03867574408650398
338 0.053362030535936356
339 0.03729337081313133
340 0.033989451825618744
341 0.06291162222623825
342 0.023772260174155235
343 0.042636822909116745
344 0.04710837081074715
345 0.04496961832046509
346 0.031205883249640465
347 0.04858461767435074
348 0.03746972233057022
349 0.041456438601017
350 0.03946386277675629
351 0.039426956325769424
352 0.03639259189367294
353 0.02715970203280449
354 0.04546065255999565
355 0.041554588824510574
356 0.034306079149246216
357 0.028221819549798965
358 0.03439892828464508
359 0.04060563072562218
360 0.029928548261523247
361 0.03281006962060928
362 0.03178878128528595
363 0.03283880278468132
364 0.047512274235486984
365 0.05322571471333504
366 0.048437315970659256
367 0.04424523934721947
368 0.05399230495095253
369 0.04631318897008896
370 0.04273303970694542
371 0.03528352454304695
372 0.03485330939292908
373 0.05341753736138344
374 0.03418874740600586
375 0.04450930655002594
376 0.045398689806461334
377 0.043285056948661804
378 0.03776692971587181
379 0.04882489889860153
380 0.023686857894062996
381 0.03620700538158417
382 0.038025230169296265
383 0.04917776584625244
384 0.03901243209838867
385 0.03821496292948723
386 0.032165370881557465
387 0.050545670092105865
388 0.037411879748106
389 0.03762293979525566
390 0.04937094449996948
391 0.02945527620613575
392 0.04419251158833504
393 0.04392985627055168
394 0.024688754230737686
395 0.03155802935361862
396 0.03262144699692726
397 0.03674960881471634
398 0.041622526943683624
399 0.03392878174781799
400 0.04557518661022186
401 0.04965287074446678
402 0.028320858255028725
403 0.047038037329912186
404 0.02860475704073906
405 0.027487264946103096
406 0.038756027817726135
407 0.027537399902939796
408 0.03276268392801285
409 0.030385669320821762
410 0.021547282114624977
411 0.03281846642494202
412 0.04162267968058586
413 0.041130464524030685
414 0.034644514322280884
415 0.028750382363796234
416 0.03307931870222092
417 0.02434527687728405
418 0.02751026302576065
419 0.02096758969128132
420 0.02399224415421486
421 0.02720426395535469
422 0.03585820645093918
423 0.026455963030457497
424 0.032290007919073105
425 0.04418756812810898
426 0.03141331672668457
427 0.027981076389551163
428 0.027315840125083923
429 0.03456868976354599
430 0.043344683945178986
431 0.027686990797519684
432 0.025642583146691322
433 0.030117643997073174
434 0.030333252623677254
435 0.032375678420066833
436 0.04343683272600174
437 0.022838082164525986
438 0.026753975078463554
439 0.028216416016221046
440 0.029221002012491226
441 0.034295469522476196
442 0.02656739391386509
443 0.027880752459168434
444 0.034778714179992676
445 0.03285118564963341
446 0.024838687852025032
447 0.019265444949269295
448 0.03412190452218056
449 0.01978110522031784
450 0.03531639277935028
451 0.03500722348690033
452 0.03145165741443634
453 0.039403051137924194
454 0.03578301519155502
455 0.030326249077916145
456 0.026633959263563156
457 0.03074585273861885
458 0.03624977171421051
459 0.031699713319540024
460 0.02400805801153183
461 0.020135603845119476
462 0.022505387663841248
463 0.02993994951248169
464 0.026038171723484993
465 0.029167870059609413
466 0.02173585817217827
467 0.02668517641723156
468 0.019292978569865227
469 0.025641240179538727
470 0.023722968995571136
471 0.027692245319485664
472 0.027550313621759415
473 0.02538633532822132
474 0.017748620361089706
475 0.022375773638486862
476 0.031774215400218964
477 0.028499217703938484
478 0.01729990541934967
479 0.031256720423698425
480 0.03274974972009659
481 0.02410612441599369
482 0.01570606231689453
483 0.019692236557602882
484 0.02326352149248123
485 0.028206517919898033
486 0.0245116725564003
487 0.021891532465815544
488 0.03074042499065399
489 0.02114865928888321
490 0.017422379925847054
491 0.03171396628022194
492 0.02053346484899521
493 0.02291797660291195
494 0.0176699161529541
495 0.01777496375143528
496 0.026982303708791733
497 0.027654681354761124
498 0.024595221504569054
499 0.031030407175421715
500 0.019800594076514244
501 0.020002294331789017
502 0.029691431671380997
503 0.01791405864059925
504 0.020189832895994186
505 0.023245999589562416
506 0.019254488870501518
507 0.018842600286006927
508 0.026549385860562325
509 0.026520879939198494
510 0.023614050820469856
511 0.024020114913582802
512 0.024429431185126305
513 0.029712894931435585
514 0.014980214647948742
515 0.02780706249177456
516 0.01680130884051323
517 0.02813771739602089
518 0.027264432981610298
519 0.023615147918462753
520 0.019540533423423767
521 0.024003891274333
522 0.018083393573760986
523 0.019752636551856995
524 0.020661816000938416
525 0.015508487820625305
526 0.02251357212662697
527 0.019674131646752357
528 0.02264540269970894
529 0.026868736371397972
530 0.014787519350647926
531 0.019203320145606995
532 0.0212247371673584
533 0.014214265160262585
534 0.023441951721906662
535 0.01838766224682331
536 0.024117037653923035
537 0.02239401265978813
538 0.020149851217865944
539 0.01662844605743885
540 0.022031523287296295
541 0.017817148938775063
542 0.023848598822951317
543 0.022781390696763992
544 0.017200477421283722
545 0.015427269972860813
546 0.019171742722392082
547 0.014203425496816635
548 0.011776214465498924
549 0.026780707761645317
550 0.018443843349814415
551 0.029076766222715378
552 0.016074959188699722
553 0.025646479800343513
554 0.01466502994298935
555 0.017839856445789337
556 0.017851317301392555
557 0.017588896676898003
558 0.007116568274796009
559 0.023412181064486504
560 0.020239602774381638
561 0.018069619312882423
562 0.019240902736783028
563 0.01953224651515484
564 0.017337782308459282
565 0.022447384893894196
566 0.017030442133545876
567 0.017372671514749527
568 0.01861369051039219
569 0.016559135168790817
570 0.017458993941545486
571 0.01386941783130169
572 0.015949878841638565
573 0.025113798677921295
574 0.02235475741326809
575 0.015485826879739761
576 0.02068924531340599
577 0.017588602378964424
578 0.017953721806406975
579 0.021437356248497963
580 0.015248160809278488
581 0.017042938619852066
582 0.022126704454421997
583 0.01585293374955654
584 0.02202981524169445
585 0.015483679249882698
586 0.015027474611997604
587 0.01994175650179386
588 0.016677185893058777
589 0.012526966631412506
590 0.01583060994744301
591 0.009978452697396278
592 0.015599740669131279
593 0.011214003898203373
594 0.015588561072945595
595 0.01647888496518135
596 0.011778934858739376
597 0.015715358778834343
598 0.02204318903386593
599 0.01630682498216629
600 0.00950644351541996
601 0.011393758468329906
602 0.010010522790253162
603 0.014288922771811485
604 0.01228319387882948
605 0.015416116453707218
606 0.011188557371497154
607 0.02323736995458603
608 0.014850723557174206
609 0.016021007671952248
610 0.02161363884806633
611 0.01709412969648838
612 0.014043446630239487
613 0.012494733557105064
614 0.01694086566567421
615 0.016295060515403748
616 0.01632462441921234
617 0.008991862647235394
618 0.01139373891055584
619 0.011270019225776196
620 0.016306057572364807
621 0.022289864718914032
622 0.016007108613848686
623 0.011240596882998943
624 0.01584654487669468
625 0.014615933410823345
626 0.01761304959654808
627 0.01661910116672516
628 0.01626012660562992
629 0.010963697917759418
630 0.011638273485004902
631 0.011147729121148586
632 0.013247787021100521
633 0.013110024854540825
634 0.007225714158266783
635 0.012770441360771656
636 0.0162822175770998
637 0.012703862972557545
638 0.01749943196773529
639 0.016978230327367783
640 0.018157262355089188
641 0.01966841332614422
642 0.014521491713821888
643 0.010120243765413761
644 0.014440606348216534
645 0.011115475557744503
646 0.005810916423797607
647 0.013466667383909225
648 0.011948876082897186
649 0.008449438959360123
650 0.013875266537070274
651 0.012619606219232082
652 0.010680826380848885
653 0.01189506333321333
654 0.014744235202670097
655 0.00925880391150713
656 0.008799063973128796
657 0.0117313452064991
658 0.008395818062126637
659 0.013050569221377373
660 0.008400865830481052
661 0.010887117125093937
662 0.014764205552637577
663 0.012200613506138325
664 0.011984250508248806
665 0.014639454893767834
666 0.010185266844928265
667 0.01463728304952383
668 0.012754839845001698
669 0.010505205020308495
670 0.0061094993725419044
671 0.008590178564190865
672 0.013219020329415798
673 0.009614715352654457
674 0.007425722200423479
675 0.010447069071233273
676 0.007854701019823551
677 0.00541644124314189
678 0.010714647360146046
679 0.009397568181157112
680 0.013366389088332653
681 0.008334381505846977
682 0.010775826871395111
683 0.008494697511196136
684 0.009885049425065517
685 0.008439449593424797
686 0.011587085202336311
687 0.011540442705154419
688 0.006692546419799328
689 0.008335871621966362
690 0.013194638304412365
691 0.008904513902962208
692 0.011183966882526875
693 0.008859027177095413
694 0.012179221957921982
695 0.006993154529482126
696 0.012981163337826729
697 0.012216013856232166
698 0.010001381859183311
699 0.013156087137758732
700 0.00971667468547821
701 0.01115457434207201
702 0.008774138055741787
703 0.010999644175171852
704 0.00821617990732193
705 0.007236497942358255
706 0.01052631251513958
707 0.0061824810691177845
708 0.0053978534415364265
709 0.013106864877045155
710 0.0086298119276762
711 0.00655025988817215
712 0.010261842980980873
713 0.008174363523721695
714 0.009697547182440758
715 0.011554833501577377
716 0.007233728189021349
717 0.011559674516320229
718 0.009174183011054993
719 0.008713524788618088
720 0.009067144244909286
721 0.00661521265283227
722 0.007281600963324308
723 0.004230959340929985
724 0.00855120550841093
725 0.008274678140878677
726 0.009782218374311924
727 0.0083418358117342
728 0.010802505537867546
729 0.006530158221721649
730 0.00824128370732069
731 0.010061310604214668
732 0.006205313373357058
733 0.011674726381897926
734 0.008394679054617882
735 0.005686488468199968
736 0.006852304097265005
737 0.008252585306763649
738 0.006542032118886709
739 0.009608226828277111
740 0.010616297833621502
741 0.007530952338129282
742 0.0049672359600663185
743 0.007515263743698597
744 0.008951609022915363
745 0.006718400865793228
746 0.004704327788203955
747 0.00960539374500513
748 0.005689952056854963
749 0.006350776646286249
750 0.005871484987437725
751 0.008121099323034286
752 0.008956820704042912
753 0.005228460766375065
754 0.007478268817067146
755 0.00652942294254899
756 0.010227908380329609
757 0.006002791691571474
758 0.007023873273283243
759 0.008415443822741508
760 0.007551183924078941
761 0.005415392108261585
762 0.006969369947910309
763 0.00481303920969367
764 0.00447490718215704
765 0.0056915283203125
766 0.0044197156094014645
767 0.006843797862529755
768 0.006136782933026552
769 0.007749971468001604
770 0.006588471122086048
771 0.004571427125483751
772 0.005542629398405552
773 0.005648540798574686
774 0.005723549984395504
775 0.005983980372548103
776 0.006530916318297386
777 0.004526094067841768
778 0.0063468380831182
779 0.005700040142983198
780 0.004739816766232252
781 0.004026480484753847
782 0.004299069754779339
783 0.005230678245425224
784 0.009286084212362766
785 0.0047977096401154995
786 0.004906104411929846
787 0.004502694588154554
788 0.00520915724337101
789 0.004444139543920755
790 0.005651483312249184
791 0.0054452079348266125
792 0.005262500606477261
793 0.006623082794249058
794 0.005724690854549408
795 0.003424528520554304
796 0.004743199795484543
797 0.006602480076253414
798 0.004196013789623976
799 0.004632413852959871
800 0.0029716480057686567
801 0.004826707299798727
802 0.003751169191673398
803 0.003650643862783909
804 0.004833165556192398
805 0.004897977691143751
806 0.004435936454683542
807 0.0055761439725756645
808 0.00480167381465435
809 0.005069530103355646
810 0.003910133149474859
811 0.003350416896864772
812 0.004546561744064093
813 0.005360653158277273
814 0.0040854900144040585
815 0.005214213393628597
816 0.004416142590343952
817 0.005195151083171368
818 0.006105363834649324
819 0.004114001058042049
820 0.003619931638240814
821 0.0037006346974521875
822 0.004036290105432272
823 0.003693199949339032
824 0.004300221335142851
825 0.004304131027311087
826 0.004760082345455885
827 0.003941826522350311
828 0.005810991395264864
829 0.003947426564991474
830 0.0035484207328408957
831 0.00607810216024518
832 0.005122597329318523
833 0.003319478826597333
834 0.004049160983413458
835 0.004332385025918484
836 0.004489286802709103
837 0.005023762583732605
838 0.005038640461862087
839 0.004444474820047617
840 0.003573649562895298
841 0.005959681700915098
842 0.004856644663959742
843 0.0026927529834210873
844 0.004109845031052828
845 0.00403607776388526
846 0.004251998383551836
847 0.003744056448340416
848 0.004012398421764374
849 0.003377938875928521
850 0.004753556102514267
851 0.003704487346112728
852 0.003421301720663905
853 0.006583902053534985
854 0.005036864895373583
855 0.00320509378798306
856 0.0029309308156371117
857 0.004459856078028679
858 0.0033742075320333242
859 0.002748683327808976
860 0.0032758000306785107
861 0.0036278211046010256
862 0.0037593503948301077
863 0.003882412100210786
864 0.0033444485161453485
865 0.003463723696768284
866 0.0034117631148546934
867 0.002886885078623891
868 0.004160843323916197
869 0.0029566094744950533
870 0.004017709754407406
871 0.003438684158027172
872 0.0027068196795880795
873 0.0031971400603652
874 0.0036486561875790358
875 0.004702582024037838
876 0.003528838511556387
877 0.0031809655483812094
878 0.003930018749088049
879 0.003948374185711145
880 0.0026640796568244696
881 0.003432399593293667
882 0.004986747168004513
883 0.0024894876405596733
884 0.00260471785441041
885 0.00375899625942111
886 0.0034320198465138674
887 0.002697062212973833
888 0.004245914053171873
889 0.00255612307228148
890 0.003415493294596672
891 0.004050634801387787
892 0.0037283736746758223
893 0.003539379918947816
894 0.004984518978744745
895 0.003927027806639671
896 0.002835100283846259
897 0.0025712191127240658
898 0.0038261001463979483
899 0.003537537297233939
900 0.002531171077862382
901 0.003601240459829569
902 0.0022011450491845608
903 0.0022436880972236395
904 0.0025120123755186796
905 0.002992141293361783
906 0.003001428907737136
907 0.0023045013658702374
908 0.0014918276574462652
909 0.0022552097216248512
910 0.002761392155662179
911 0.003034562338143587
912 0.0022517142351716757
913 0.0024406772572547197
914 0.0026418999768793583
915 0.0021571919787675142
916 0.0029526781290769577
917 0.002288851188495755
918 0.002392142079770565
919 0.00323373731225729
920 0.002490063663572073
921 0.00285709067247808
922 0.002888733521103859
923 0.0024184565991163254
924 0.002341437852010131
925 0.002782974159345031
926 0.0031921297777444124
927 0.0031954259611666203
928 0.0029314234852790833
929 0.0032608131878077984
930 0.003049170831218362
931 0.002378227422013879
932 0.002482475247234106
933 0.002681227633729577
934 0.002848958596587181
935 0.0019155633635818958
936 0.0018500264268368483
937 0.001969188917428255
938 0.0016267019091174006
939 0.0028674236964434385
940 0.0023452143650501966
941 0.002576554659754038
942 0.002778909867629409
943 0.0020383258815854788
944 0.002860198961570859
945 0.0023098676465451717
946 0.0027159431483596563
947 0.002609963295981288
948 0.0021085580810904503
949 0.0025609226431697607
950 0.0034424150362610817
951 0.0016085192328318954
952 0.0023614715319126844
953 0.0016210706671699882
954 0.00229464890435338
955 0.002182582626119256
956 0.0021574299316853285
957 0.002726644743233919
958 0.0019162625540047884
959 0.002580783097073436
960 0.0018832202767953277
961 0.001883821445517242
962 0.002080492442473769
963 0.0019706294406205416
964 0.0016735703684389591
965 0.001880823285318911
966 0.0025967012625187635
967 0.001988935051485896
968 0.0022899836767464876
969 0.002236359054222703
970 0.0014218250289559364
971 0.00188725208863616
972 0.001895815716125071
973 0.002001846907660365
974 0.0019092176808044314
975 0.001870940555818379
976 0.002090639900416136
977 0.0031076446175575256
978 0.002885766327381134
979 0.0025581661611795425
980 0.0021589298266917467
981 0.0021760903764516115
982 0.002196559449657798
983 0.0012576445005834103
984 0.0014197247801348567
985 0.0023935516364872456
986 0.00143809849396348
987 0.0026968535967171192
988 0.0017850736621767282
989 0.0014812387526035309
990 0.0019912011921405792
991 0.0013354882830753922
992 0.001517652184702456
993 0.0015968304360285401
994 0.002144700149074197
995 0.0019116959301754832
996 0.001825563027523458
997 0.0014759780606254935
998 0.0014737873570993543
999 0.0015910635702311993
