0 48.577396392822266
1 11.718000411987305
2 9.54481029510498
3 6.953578948974609
4 2.8719587326049805
5 6.616171836853027
6 3.1044983863830566
7 4.757887363433838
8 2.968876361846924
9 1.361782431602478
10 1.211400032043457
11 1.1063332557678223
12 1.2644728422164917
13 1.6636066436767578
14 0.7694259285926819
15 0.4209485650062561
16 0.30412283539772034
17 0.20089876651763916
18 0.1558656245470047
19 0.07494597882032394
20 0.07692321389913559
21 0.041336365044116974
22 0.015853848308324814
23 0.02826577052474022
24 0.019589969888329506
25 0.015948954969644547
26 0.0062128761783242226
27 0.006191267631947994
28 0.006662473548203707
29 0.00439928425475955
30 0.006989047862589359
31 0.007104318123310804
32 0.004544322844594717
33 0.0033561033196747303
34 0.006510901730507612
35 0.0026056915521621704
36 0.003110293298959732
37 0.003989770542830229
38 0.001585921156220138
39 0.002551824552938342
40 0.0030577732250094414
41 0.0016564253019168973
42 0.0015213738661259413
43 0.0012707851128652692
44 0.0012055895058438182
45 0.0014010644517838955
46 0.0011387132108211517
47 0.0011035277275368571
48 0.0012861635768786073
49 0.0008426016429439187
50 0.0010332323145121336
51 0.0012939972802996635
52 0.0012526914943009615
53 0.0006394553347490728
54 0.0006956449360586703
55 0.000913976866286248
56 0.0005883402773179114
57 0.0008140478166751564
58 0.0005749789997935295
59 0.0006267720018513501
60 0.0006781122647225857
61 0.00050785590428859
62 0.0005288146785460413
63 0.0004334377881605178
64 0.00034931162372231483
65 0.0003440487489569932
66 0.00040781410643830895
67 0.0003771755436901003
68 0.000692632922437042
69 0.0006533353007398546
70 0.0006286395946517587
71 0.0004003382637165487
72 0.0003364295116625726
73 0.0003884709731210023
74 0.0005046780570410192
75 0.000195149754290469
76 0.00025533261941745877
77 0.00018044908938463777
78 0.00020588630286511034
79 0.00013002956984564662
80 0.00034672103356570005
81 0.00026994620566256344
82 0.00030983734177425504
83 0.00029930274467915297
84 0.00023325486108660698
85 0.00031529978150501847
86 0.00014111267228145152
87 0.00022631828323937953
88 0.0004207207530271262
89 0.0003843698068521917
90 0.0006563659408129752
91 0.0011736337328329682
92 0.0006616443861275911
93 0.0003796240489464253
94 0.00020432031305972487
95 0.000535781669896096
96 0.0002544493181630969
97 0.00041098875226452947
98 0.00033752675517462194
99 0.0005890338215976954
100 0.00019142184464726597
101 0.00014882953837513924
102 0.00027523882454261184
103 0.0004052564036101103
104 9.954231063602492e-05
105 0.0001546746352687478
106 0.00016396091086789966
107 0.00032347789965569973
108 0.0001908343838294968
109 0.00012332925689406693
110 0.00020389165729284286
111 0.0001667394972173497
112 0.0002538984699640423
113 0.00014351609570439905
114 0.0002027347800321877
115 0.00021481155999936163
116 0.00014866070705465972
117 0.00011922892008442432
118 0.0002359112841077149
119 0.0003231919545214623
120 0.00015113518747966737
121 0.00011965682642767206
122 0.00012038099521305412
123 0.00011074217036366463
124 0.00014153498341329396
125 0.00013623686390928924
126 0.00011151218495797366
127 0.0001992800534935668
128 0.0001128652656916529
129 0.00012547144433483481
130 0.0001473425654694438
131 0.00023171535576693714
132 0.00015278728096745908
133 0.00013777610729448497
134 0.00012992953998036683
135 0.0002706643717829138
136 0.0002099735866067931
137 0.00013033003779128194
138 0.00010488361294846982
139 6.788894097553566e-05
140 0.00016087321273516864
141 0.00016095355385914445
142 0.00031235336791723967
143 0.0001313209068030119
144 0.00010836315050255507
145 0.0003480332961771637
146 0.0005591639783233404
147 0.0001767945650499314
148 0.0011193538084626198
149 0.00010202097473666072
150 0.00020831292204093188
151 0.00019744927703868598
152 0.00017116707749664783
153 0.00016132269229274243
154 0.0005919575341977179
155 0.00042884383583441377
156 0.00011220704618608579
157 0.0002337533951504156
158 7.402124902000651e-05
159 0.00019254014478065073
160 0.000136136295623146
161 6.68818611302413e-05
162 9.758398664416745e-05
163 0.00011895315401488915
164 8.595896360930055e-05
165 0.00012496337876655161
166 0.00016796596173662692
167 0.00010101030784426257
168 0.00026258095749653876
169 0.00020094707724638283
170 0.0001519111538073048
171 7.511270814575255e-05
172 8.684608474140987e-05
173 6.33776726317592e-05
174 0.00013339602446649224
175 0.00011555650416994467
176 0.00018676889885682613
177 0.0002460016985423863
178 0.000261311128269881
179 0.0002726690436247736
180 8.540145063307136e-05
181 0.00012805114965885878
182 9.668002894613892e-05
183 8.521384734194726e-05
184 0.00011600670404732227
185 0.000162359734531492
186 0.00010023880895460024
187 0.00013610371388494968
188 0.00011232145334361121
189 0.0006465065525844693
190 0.00042452989146113396
191 0.00016776000848039985
192 0.00015601261111442
193 0.0003587168175727129
194 0.00023184364545159042
195 0.00020556246454361826
196 6.990160181885585e-05
197 0.00017231324454769492
198 0.00027419935213401914
199 0.0001043642041622661
200 5.323960067471489e-05
201 0.0002232535625807941
202 4.819991227122955e-05
203 0.00012805615551769733
204 7.091348379617557e-05
205 8.877018262865022e-05
206 5.771737050963566e-05
207 8.393356256419793e-05
208 0.00015662336954846978
209 0.00023157047689892352
210 8.637583960080519e-05
211 0.00011382689262973145
212 0.00013058081094641238
213 0.00019581950618885458
214 0.0003040602314285934
215 6.93626279826276e-05
216 8.246110519394279e-05
217 0.00019575076294131577
218 9.757222142070532e-05
219 0.00012580264592543244
220 9.312344627687708e-05
221 0.00022578451898880303
222 0.00010572668543318287
223 0.00014172882947605103
224 7.976501365192235e-05
225 0.00010549010767135769
226 5.8213769079884514e-05
227 9.865030006039888e-05
228 0.00012241942749824375
229 8.369881106773391e-05
230 0.00017928837041836232
231 0.00013396417489275336
232 5.8758923842106014e-05
233 0.00029598933178931475
234 7.017827738309279e-05
235 0.00010941548680420965
236 5.9269914345350116e-05
237 0.00011005224223481491
238 0.00022498769976664335
239 0.0030050184577703476
240 0.002578502520918846
241 0.0013187365839257836
242 0.00023364240769296885
243 0.0002813433820847422
244 0.0005268496461212635
245 0.00012946873903274536
246 0.0001526246778666973
247 0.00025480709155090153
248 0.00045138836139813066
249 0.0003540536272339523
250 0.0007844422361813486
251 0.0010162073886021972
252 0.0009330721804872155
253 0.0007928218110464513
254 0.0031639968510717154
255 0.00023387221153825521
256 0.00026234635151922703
257 0.00036025585723109543
258 0.00023241979943122715
259 0.00010520271462155506
260 0.00027167226653546095
261 0.0002186675410484895
262 5.520546983461827e-05
263 0.00016001066251192242
264 0.0001473943266319111
265 0.00012273844913579524
266 7.318981079151854e-05
267 0.00011826137779280543
268 8.872901526046917e-05
269 0.00021292688325047493
270 0.0001571082539157942
271 0.00011441079550422728
272 6.766925798729062e-05
273 5.9625661378959194e-05
274 0.00034977655741386116
275 0.00012806287850253284
276 2.606968701002188e-05
277 7.093665044521913e-05
278 0.00010758329881355166
279 0.00013182483962737024
280 0.00014821601507719606
281 0.0006696279160678387
282 0.0002471379120834172
283 4.897264807368629e-05
284 0.0002668382367119193
285 0.00018393249774817377
286 0.00021271196601446718
287 8.557950786780566e-05
288 0.00023092987248674035
289 0.00010814993584062904
290 8.837771019898355e-05
291 0.0031709291506558657
292 0.0024269726127386093
293 0.0009288870496675372
294 0.0002071644994430244
295 0.0007210502517409623
296 0.0003244979598093778
297 0.00011764113878598437
298 0.00015915403491817415
299 4.876913226325996e-05
300 6.901504821144044e-05
301 8.818260539555922e-05
302 7.619465759489685e-05
303 0.00014173523231875151
304 8.137777331285179e-05
305 0.00016169935406651348
306 0.0001239764242200181
307 3.953725899918936e-05
308 4.6396857214858755e-05
309 2.3760747353662737e-05
310 0.00019022020569536835
311 4.2253399442415684e-05
312 8.441700629191473e-05
313 0.00038714593392796814
314 0.00045494682854041457
315 0.000202113704290241
316 0.00012803376012016088
317 0.000140234682476148
318 0.0004174215137027204
319 0.00024281606602016836
320 0.00042355852201581
321 9.906960622174665e-05
322 0.004037041682749987
323 0.0033165740314871073
324 0.0005206805071793497
325 0.00042281753849238157
326 0.0003157673345413059
327 0.0023628859780728817
328 0.0015006354078650475
329 0.004568006377667189
330 0.0019813107792288065
331 0.0004584277339745313
332 0.0002530889178160578
333 0.0008298702887259424
334 9.249515278497711e-05
335 0.00014969240874052048
336 0.00025129798450507224
337 3.770527109736577e-05
338 0.00011376268230378628
339 7.176464714575559e-05
340 0.00018039137648884207
341 7.063922384986654e-05
342 7.529236609116197e-05
343 0.000253825361141935
344 8.866070857038721e-05
345 8.353651355719194e-05
346 9.416588000021875e-05
347 4.468607221497223e-05
348 0.00011395375622669235
349 0.00010615603241603822
350 0.00011534104851307347
351 0.00011467610602267087
352 6.986431253608316e-05
353 0.00023460802913177758
354 0.0001630450424272567
355 0.0001799586898414418
356 0.00017769962141755968
357 7.467257819371298e-05
358 6.0138430853839964e-05
359 7.553333853138611e-05
360 7.736503903288394e-05
361 2.8407739591784775e-05
362 7.427140371873975e-05
363 7.045672828098759e-05
364 8.123278530547395e-05
365 2.7836738809128292e-05
366 6.369944458128884e-05
367 0.00027809306629933417
368 0.00019960760255344212
369 0.00020144516020081937
370 0.00013205260620452464
371 4.953120514983311e-05
372 6.627829134231433e-05
373 0.00013582069368567318
374 9.417993715032935e-05
375 0.00014178383571561426
376 6.222988304216415e-05
377 0.00011169618665007874
378 0.00010401877807453275
379 7.83224095357582e-05
380 0.00010370630479883403
381 0.00012880144640803337
382 0.00018463288142811507
383 8.289770630653948e-05
384 5.9355792473070323e-05
385 3.83273400075268e-05
386 6.12123403698206e-05
387 9.078245784621686e-05
388 0.00017708180530462414
389 8.552749932277948e-05
390 0.0002483119023963809
391 0.00013760507863480598
392 0.0020926669239997864
393 0.0016797480639070272
394 0.005773644894361496
395 0.0010589539306238294
396 0.0020458283834159374
397 0.00711415708065033
398 0.0010654957732185721
399 0.0012085925554856658
400 0.0008674635901115835
401 0.0012802573619410396
402 0.0004935439210385084
403 0.0006066621863283217
404 0.00014920653484296054
405 0.00016492903523612767
406 8.792028529569507e-05
407 6.796961679356173e-05
408 5.986801261315122e-05
409 0.00014099947293289006
410 0.00024918068083934486
411 7.503806409658864e-05
412 8.898357191355899e-05
413 0.00013618114462587982
414 4.6781195123912767e-05
415 9.283058898290619e-05
416 6.688803114229813e-05
417 0.00018495932454243302
418 0.0002470863691996783
419 9.68559761531651e-05
420 7.59799440857023e-05
421 7.229301991173998e-05
422 0.0006431777728721499
423 0.0001788736117305234
424 0.00012199424963910133
425 0.00018610342522151768
426 3.152072531520389e-05
427 0.00010643827408785
428 2.9787881430820562e-05
429 2.4983821276691742e-05
430 0.00030438118847087026
431 3.338731039548293e-05
432 0.00013847759691998363
433 6.574337021447718e-05
434 0.00024290218425448984
435 4.428697866387665e-05
436 0.00019285950111225247
437 0.00010591336467768997
438 0.0003333243075758219
439 5.0491831643739715e-05
440 0.00010760412260424346
441 0.00011631877714535221
442 0.00010655924415914342
443 5.708233220502734e-05
444 0.00038227334152907133
445 7.713874947512522e-05
446 0.0001126806964748539
447 0.00020783679792657495
448 0.0001205092848977074
449 0.00027568507357500494
450 7.349036604864523e-05
451 0.00021945970365777612
452 8.440484816674143e-05
453 0.00020364613737910986
454 0.0005002821562811732
455 0.00021195142471697181
456 0.00018625981465447694
457 0.00011935104703297839
458 0.0007989391451701522
459 0.0010469421977177262
460 0.0019414590205997229
461 0.0014257142320275307
462 0.00571815762668848
463 0.001033781562000513
464 0.00037742743734270334
465 0.0015468178316950798
466 0.0004778691509272903
467 0.001083996961824596
468 0.0022061755880713463
469 0.0008176608243957162
470 0.00016972754383459687
471 0.00015982298646122217
472 1.7686783394310623e-05
473 0.000155463712872006
474 0.0003497774596326053
475 0.00019559233624022454
476 0.00011646206985460594
477 0.00015166935918387026
478 0.00020045021665282547
479 0.0005798818310722709
480 0.00018716062186285853
481 0.00023287376097869128
482 0.00020660441077779979
483 0.00030902260914444923
484 0.00016357337881345302
485 0.00018235613242723048
486 0.0003659890207927674
487 0.00016310579667333513
488 0.00012057215644745156
489 0.00018273096065968275
490 0.0001109510485548526
491 7.54729044274427e-05
492 0.00014368913252837956
493 8.257193258032203e-05
494 0.00011914060451090336
495 0.00016791210509836674
496 0.0002221280592493713
497 0.00012154912110418081
498 0.00010147239663638175
499 4.8730176786193624e-05
500 8.517350215697661e-05
501 0.00012564106145873666
502 6.0091970226494595e-05
503 0.00010895431478274986
504 4.305199036025442e-05
505 5.877774674445391e-05
506 0.00014212382666300982
507 0.00021873162768315524
508 0.0002420596865704283
509 0.00028084975201636553
510 6.702665268676355e-05
511 0.0001910171558847651
512 6.568949174834415e-05
513 0.009440661408007145
514 0.0008322195499204099
515 0.0024544482585042715
516 0.001528021297417581
517 0.0023316468577831984
518 0.0031308631878346205
519 0.0015872385120019317
520 0.0005470828036777675
521 0.00041852271533571184
522 0.00017442714306525886
523 0.0002549507771618664
524 0.00034230362507514656
525 0.0001877615723060444
526 0.00012722372775897384
527 0.00018705280672293156
528 0.00027822895208373666
529 0.000737007474526763
530 0.000314517441438511
531 0.00030906853498890996
532 0.0010976094054058194
533 0.00028970662970095873
534 0.00019807070202659816
535 0.00048799411160871387
536 0.0008952223579399288
537 0.00028432891122065485
538 0.0006210989085957408
539 0.00010738556738942862
540 0.00015287789574358612
541 0.0008351391297765076
542 0.0008869238663464785
543 0.00028452486731112003
544 0.0002596948470454663
545 0.00023430207511410117
546 8.78486898727715e-05
547 8.639205771032721e-05
548 0.00019802259339485317
549 0.00015560025349259377
550 0.00018034534878097475
551 0.003620426170527935
552 0.0030361798126250505
553 0.0038593702483922243
554 0.0014277633745223284
555 0.00471505057066679
556 0.0013808581279590726
557 0.0008528782054781914
558 0.0028565735556185246
559 0.00017748886602930725
560 0.00029016711050644517
561 0.0002919784456025809
562 0.0002336042671231553
563 0.0004856629529967904
564 0.000314996374072507
565 0.0007486731628887355
566 0.00020394152670633048
567 0.03862450271844864
568 0.00582929328083992
569 0.006380170118063688
570 0.00237625022418797
571 0.0017820951761677861
572 0.001901275827549398
573 0.0010543224634602666
574 0.0018417127430438995
575 0.001574850408360362
576 0.0003799963742494583
577 0.0003821972059085965
578 0.0006777606904506683
579 0.0006657913909293711
580 0.0015544738853350282
581 0.0004013599827885628
582 0.0008587844204157591
583 0.0005775829195044935
584 0.00034082369529642165
585 0.0005296914605423808
586 0.0035676974803209305
587 0.00023663930187467486
588 0.0003750063478946686
589 0.00021861164714209735
590 0.0002936467353720218
591 0.00019102059013675898
592 4.5079923438606784e-05
593 0.00018205158994533122
594 0.00026351900305598974
595 0.00041842114296741784
596 0.00041024258825927973
597 0.00021462283621076494
598 0.00037130340933799744
599 0.00027358438819646835
600 0.0008341757929883897
601 0.000993492896668613
602 0.0003285397542640567
603 6.435203977162018e-05
604 3.7205376429483294e-05
605 8.257042645709589e-05
606 3.2978743547573686e-05
607 4.269592318451032e-05
608 0.0001815023715607822
609 0.0003382285067345947
610 6.488407962024212e-05
611 3.851287692668848e-05
612 0.00024357225629501045
613 0.0008693321724422276
614 0.000417042727349326
615 0.00012681186490226537
616 9.447798947803676e-05
617 0.00048019501264207065
618 0.0030031560454517603
619 0.0005493289791047573
620 0.00025119175552390516
621 0.00022617644572164863
622 0.014264981262385845
623 0.0009041746379807591
624 0.0006401397986337543
625 0.01050441525876522
626 0.006058606784790754
627 0.0002375951735302806
628 0.0010979743674397469
629 0.00031439014128409326
630 0.0010381306055933237
631 0.0005678838933818042
632 0.0014049356104806066
633 0.0036634148564189672
634 0.001556720701046288
635 0.0009810987394303083
636 0.00036397529765963554
637 0.0001476428151363507
638 0.0004100510850548744
639 0.00021290215954650193
640 0.00010075528552988544
641 0.0022889613173902035
642 0.00036774316686205566
643 0.0004884026711806655
644 0.0009833471849560738
645 0.0002533835358917713
646 9.272066381527111e-05
647 0.00043175843893550336
648 0.0008223009645007551
649 0.0002596754638943821
650 0.00011443667608546093
651 4.179056850261986e-05
652 0.00013522319204639643
653 0.0001839195901993662
654 0.0005447277799248695
655 0.001496353535912931
656 0.0004282727022655308
657 0.00028603358077816665
658 0.0029412596486508846
659 0.0015732679748907685
660 0.0018010048661381006
661 0.000915583164896816
662 0.0005055216606706381
663 0.0007734714890830219
664 0.046515751630067825
665 0.03128347173333168
666 0.005826120730489492
667 0.009468000382184982
668 0.0018040166469290853
669 0.0029676903504878283
670 0.0007708589546382427
671 0.0007164719863794744
672 0.0049372101202607155
673 0.0008253916748799384
674 0.001264561084099114
675 0.000490080623421818
676 0.0008242022013291717
677 0.0007359556620940566
678 0.0004065103712491691
679 6.312094774330035e-05
680 0.00015561738109681755
681 0.00012636570318136364
682 8.102187712211162e-05
683 0.00020168728951830417
684 0.0006014542304910719
685 0.00037816917756572366
686 7.626367005286738e-05
687 0.00013920522178523242
688 3.8571895856875926e-05
689 8.580092253396288e-05
690 4.7403009375557303e-05
691 8.068671741057187e-05
692 3.425084287300706e-05
693 9.643518569646403e-05
694 0.00011641503806458786
695 3.847038897220045e-05
696 2.850189048331231e-05
697 4.205076038488187e-05
698 4.4822398194810376e-05
699 3.1684838177170604e-05
700 8.039837121032178e-05
701 4.8823803808772936e-05
702 0.0001237405085703358
703 0.00010942116932710633
704 0.00011714520951500162
705 0.00014961852866690606
706 0.00021602520428132266
707 0.00016639991372358054
708 0.00032429787097498775
709 0.0004594800993800163
710 0.0008605521870777011
711 0.000992282060906291
712 0.00203955196775496
713 0.0010452932910993695
714 0.0015072455862537026
715 0.00012588796380441636
716 0.020080164074897766
717 0.04853513836860657
718 0.023556696251034737
719 0.001379088032990694
720 0.015386023558676243
721 0.00528899859637022
722 0.0015457489062100649
723 0.0012674939353019
724 0.00021923030726611614
725 0.00018558128795120865
726 0.00012265695841051638
727 7.364153861999512e-05
728 8.791036816546693e-05
729 5.198697544983588e-05
730 0.00021650356939062476
731 0.00012808648170903325
732 5.990325371385552e-05
733 7.618518429808319e-05
734 0.00010660854604793712
735 7.463078509317711e-05
736 6.122002378106117e-05
737 0.00028822245076298714
738 6.373434734996408e-05
739 0.00032128789462149143
740 8.417523349635303e-05
741 0.0002320360072189942
742 4.114171315450221e-05
743 0.00011167952470714226
744 0.00011965721932938322
745 3.9450991607736796e-05
746 0.00011636896670097485
747 7.845320942578837e-05
748 7.655619265278801e-05
749 9.373476495966315e-05
750 0.00015707165584899485
751 0.00023628128110431135
752 0.00025451448163948953
753 0.00023433442402165383
754 0.00017531096818856895
755 0.00015017447003629059
756 0.00030473715742118657
757 0.002191269537433982
758 0.0009674810571596026
759 0.0005104172159917653
760 0.0002645409549586475
761 0.0002947771572507918
762 0.00010271531937178224
763 3.883727185893804e-05
764 4.593439371092245e-05
765 0.00011371802247595042
766 2.675974610610865e-05
767 3.943801857531071e-05
768 6.174980808282271e-05
769 4.518854257185012e-05
770 3.805239612120204e-05
771 4.074419484823011e-05
772 3.1874275009613484e-05
773 0.00014678420848213136
774 9.846247121458873e-05
775 0.00013147587014827877
776 4.3024079786846414e-05
777 0.00010120432125404477
778 8.15178282209672e-05
779 0.00014653567632194608
780 0.00018968948279507458
781 0.00015177956083789468
782 0.0007924211677163839
783 0.00226726196706295
784 0.005365615710616112
785 0.001804117113351822
786 0.001956618158146739
787 0.000685588747728616
788 0.00135560252238065
789 0.0014711780240759254
790 0.0032469886355102062
791 0.004087416455149651
792 0.005891543813049793
793 0.0009345896542072296
794 0.0005730630946345627
795 0.0022054424043744802
796 0.0031864724587649107
797 0.0017025794368237257
798 0.008306299336254597
799 0.0026423814706504345
800 0.0051673767156898975
801 0.0012421396095305681
802 0.0013043475337326527
803 0.0017844474641606212
804 0.0053160483948886395
805 0.004301689565181732
806 0.0031654583290219307
807 0.022902343422174454
808 0.0012462037848308682
809 0.004369121976196766
810 0.012662626802921295
811 0.005107181146740913
812 0.0005879412055946887
813 0.0006568388198502362
814 0.0002707796520553529
815 0.0002712408604566008
816 0.0013436939334496856
817 0.0013742648297920823
818 0.000638991070445627
819 0.00037790799979120493
820 0.0002790998842101544
821 0.00043439565342850983
822 0.00030596190481446683
823 0.00021110456145834178
824 0.0003004788886755705
825 0.0020898838993161917
826 0.0009536241996102035
827 0.0002475931541994214
828 0.0003136521263513714
829 0.00021130660024937242
830 0.00013096151815261692
831 0.00020535720977932215
832 0.0005551131907850504
833 0.0002646602806635201
834 0.0002652134280651808
835 7.81550188548863e-05
836 0.00014090024342294782
837 8.473855996271595e-05
838 5.125870666233823e-05
839 9.844770829658955e-05
840 0.000162766024004668
841 0.00019290333148092031
842 0.0001729644282022491
843 0.0007358870934695005
844 0.00024934366228990257
845 0.00019641875405795872
846 0.0001383304042974487
847 6.982967170188203e-05
848 0.00015828062896616757
849 0.00044785579666495323
850 0.00045526132453233004
851 0.00043589260894805193
852 0.000385268940590322
853 0.0027267260011285543
854 0.00899508222937584
855 0.0068427822552621365
856 0.0017619108548387885
857 0.0018481104634702206
858 0.0004324466281104833
859 0.00010249980550725013
860 8.847249409882352e-05
861 0.00012042767048114911
862 0.0002550590434111655
863 0.00019830380915664136
864 0.0005375689943321049
865 0.0001191973133245483
866 0.0005310297710821033
867 0.000847365299705416
868 0.0009110911632888019
869 0.0028327456675469875
870 0.002445880090817809
871 0.0032401152420789003
872 0.002541707130149007
873 0.0008962521096691489
874 0.00038668798515573144
875 0.0001792210532585159
876 0.00037315147346816957
877 0.001270080218091607
878 0.0011526303132995963
879 9.672996384324506e-05
880 0.0004883463261649013
881 0.00017035732162185013
882 0.003021912882104516
883 0.0004381236794870347
884 0.0005702873459085822
885 0.00028536177705973387
886 0.001831095782108605
887 0.0008564820745959878
888 0.00045962416334077716
889 0.0009030067594721913
890 0.0002450173196848482
891 0.00035410106647759676
892 0.0027107317000627518
893 0.0013844624627381563
894 0.00048050438635982573
895 0.0003668213321361691
896 3.9950089558260515e-05
897 4.015860758954659e-05
898 0.0006520341848954558
899 0.0003924457705579698
900 0.033980417996644974
901 0.02362963929772377
902 0.008984934538602829
903 0.005462798289954662
904 0.0010850148973986506
905 0.0016999058425426483
906 0.0006757616065442562
907 0.000489821017254144
908 0.0005379905924201012
909 0.000616213830653578
910 0.00030949979554861784
911 0.0001505466498201713
912 0.00016516924370080233
913 0.0003591162385419011
914 0.00020353742002043873
915 0.00036503872252069414
916 0.00013615684292744845
917 8.409345173276961e-05
918 0.00013522346853278577
919 9.056183625943959e-05
920 3.134524740744382e-05
921 7.141477544791996e-05
922 0.0001262459554709494
923 0.00012009680358460173
924 7.679407281102613e-05
925 8.766941027715802e-05
926 9.350972686661407e-05
927 8.931687625590712e-05
928 7.139259832911193e-05
929 0.0005174846155568957
930 0.00011663015902740881
931 0.00020060245878994465
932 4.864834772888571e-05
933 6.964345811866224e-05
934 0.00025607022689655423
935 0.00013812622637487948
936 6.911267701070756e-05
937 2.5435596398892812e-05
938 0.00011941260163439438
939 0.00034179864451289177
940 9.439364657737315e-05
941 0.0002160995645681396
942 0.0005301304045133293
943 5.7254714192822576e-05
944 0.0001725653128232807
945 7.165039278334007e-05
946 0.00011953553621424362
947 7.760882726870477e-05
948 7.54536158638075e-05
949 0.0003937597793992609
950 0.0001030308339977637
951 0.00012662139488384128
952 0.00020695518469437957
953 0.00014096983068156987
954 9.107071673497558e-05
955 8.596267434768379e-05
956 9.621164645068347e-05
957 0.00012878031702712178
958 0.00010064937669085339
959 0.00018288994033355266
960 0.00044085871195420623
961 0.00016943542868830264
962 0.0005883555859327316
963 0.00027285946998745203
964 0.0017415412003174424
965 0.0062588294968008995
966 0.0019022979540750384
967 0.0006962856859900057
968 0.00042010817560367286
969 0.0008571555372327566
970 0.0020090597681701183
971 0.013542430475354195
972 0.0016090917633846402
973 0.004881464410573244
974 0.0022263037972152233
975 0.0020672508981078863
976 0.0005972292856313288
977 0.0011534268269315362
978 0.0005901192780584097
979 0.0007762649329379201
980 0.0004144192498642951
981 0.0009234530734829605
982 0.00033267532126046717
983 0.0001958613283932209
984 0.00024768977891653776
985 0.0005436223582364619
986 0.00017666003259364516
987 9.717876673676074e-05
988 0.00016184263222385198
989 5.5577867897227407e-05
990 4.1214527300326154e-05
991 4.9187492550117895e-05
992 0.00011026670108549297
993 7.093792373780161e-05
994 0.00013568201393354684
995 9.880293509922922e-05
996 0.00018395033839624375
997 0.00011121273564640433
998 9.52920236159116e-05
999 0.0016206594882532954
