0 1.576444149017334
1 1.637344479560852
2 1.5185701847076416
3 1.8640532493591309
4 1.533766269683838
5 1.1695771217346191
6 1.2668490409851074
7 0.33828452229499817
8 0.6596758961677551
9 0.1884877234697342
10 0.31986284255981445
11 0.16264472901821136
12 0.14925257861614227
13 0.10244293510913849
14 0.16507035493850708
15 0.14886505901813507
16 0.13362865149974823
17 0.05004705861210823
18 0.04388566315174103
19 0.02352030947804451
20 0.03892601281404495
21 0.024128127843141556
22 0.032066650688648224
23 0.016543468460440636
24 0.01838008686900139
25 0.024360548704862595
26 0.014825700782239437
27 0.015247353352606297
28 0.009645084850490093
29 0.01260434277355671
30 0.009610924869775772
31 0.009779142215847969
32 0.0066246711649000645
33 0.009923008270561695
34 0.006439209450036287
35 0.01025775820016861
36 0.008500373922288418
37 0.008525473065674305
38 0.007377054076641798
39 0.008562113158404827
40 0.0032780778128653765
41 0.003703396301716566
42 0.005151692777872086
43 0.005476817488670349
44 0.005877558141946793
45 0.009538128972053528
46 0.00674330024048686
47 0.005317938979715109
48 0.00648926105350256
49 0.007578897289931774
50 0.006580130662769079
51 0.0035690113436430693
52 0.005011851899325848
53 0.004344014450907707
54 0.004146902821958065
55 0.007658539805561304
56 0.005818699952214956
57 0.006356372032314539
58 0.0032603307627141476
59 0.006255627144128084
60 0.005574329290539026
61 0.0027430132031440735
62 0.006933356635272503
63 0.0048638684675097466
64 0.005832565017044544
65 0.0037098031025379896
66 0.008714662864804268
67 0.003843520535156131
68 0.0030691339634358883
69 0.005190624855458736
70 0.0030152746476233006
71 0.003612504806369543
72 0.00488803256303072
73 0.0028328634798526764
74 0.003908426966518164
75 0.002783870091661811
76 0.002783027244731784
77 0.0033368028234690428
78 0.0040383669547736645
79 0.004733623471111059
80 0.004174664616584778
81 0.004725516773760319
82 0.004448833875358105
83 0.00460084481164813
84 0.0037244572304189205
85 0.0022361474111676216
86 0.004357005935162306
87 0.0037992391735315323
88 0.002505386248230934
89 0.0021033831872045994
90 0.004420438781380653
91 0.0022811407689005136
92 0.0023482830729335546
93 0.004436534363776445
94 0.004036776255816221
95 0.0017943462589755654
96 0.004018166568130255
97 0.0023190677165985107
98 0.003183980006724596
99 0.004408013075590134
100 0.002611531177535653
101 0.001312085660174489
102 0.002169573213905096
103 0.0025463702622801065
104 0.0023925560526549816
105 0.002723305020481348
106 0.0025776943657547235
107 0.0038759673479944468
108 0.004265974275767803
109 0.004030656069517136
110 0.002825180534273386
111 0.0028502328786998987
112 0.003483931999653578
113 0.0027618366293609142
114 0.0013125299010425806
115 0.0016044281655922532
116 0.00351746566593647
117 0.0023309329990297556
118 0.0018957406282424927
119 0.0029999311082065105
120 0.002676085801795125
121 0.001929713413119316
122 0.00173079629894346
123 0.002678110497072339
124 0.0016055264277383685
125 0.0026222725864499807
126 0.002656660508364439
127 0.0025458650197833776
128 0.0031109494157135487
129 0.0031563006341457367
130 0.0019134387839585543
131 0.0025977171026170254
132 0.0028991750441491604
133 0.001688996679149568
134 0.0016110382275655866
135 0.003024904988706112
136 0.004157924558967352
137 0.0028976923786103725
138 0.0015528462827205658
139 0.002444136654958129
140 0.0027432518545538187
141 0.0019569501746445894
142 0.0025232292246073484
143 0.0022616805508732796
144 0.0021978116128593683
145 0.0014324684161692858
146 0.0032477404456585646
147 0.0017346350941807032
148 0.001272402936592698
149 0.0017714641289785504
150 0.0020335514564067125
151 0.0012875269167125225
152 0.0007881930214352906
153 0.002099658828228712
154 0.0012794201029464602
155 0.0026889799628406763
156 0.0015135352732613683
157 0.002311576856300235
158 0.001744081499055028
159 0.0015694497851654887
160 0.0016698521794751287
161 0.0025988768320530653
162 0.0024528740905225277
163 0.0014819428324699402
164 0.0016197531949728727
165 0.0013342768652364612
166 0.0012422077124938369
167 0.0019672431517392397
168 0.0012092336546629667
169 0.0030579534359276295
170 0.0049747866578400135
171 0.001374057144857943
172 0.0013902789214625955
173 0.0014843301614746451
174 0.0018405234441161156
175 0.0012217459734529257
176 0.001363596529699862
177 0.001252724090591073
178 0.004814202897250652
179 0.0006768517778255045
180 0.0015707690035924315
181 0.004838469438254833
182 0.0013212705962359905
183 0.001976780593395233
184 0.0014280827017500997
185 0.0008865294512361288
186 0.0020664448384195566
187 0.0019187385914847255
188 0.001935201813466847
189 0.00563751719892025
190 0.0012119614984840155
191 0.0010566539131104946
192 0.000675415329169482
193 0.004347540903836489
194 0.0017156319227069616
195 0.0005503820721060038
196 0.0013678614050149918
197 0.0015311004826799035
198 0.002028528368100524
199 0.0008791256695985794
200 0.001403179601766169
201 0.004160610493272543
202 0.00127253751270473
203 0.002448745770379901
204 0.002057488774880767
205 0.0024297493509948254
206 0.0007238234393298626
207 0.00244016177020967
208 0.0015673302114009857
209 0.000780335336457938
210 0.0013545281253755093
211 0.0008713863207958639
212 0.001332963234744966
213 0.0011187562486156821
214 0.004643848631531
215 0.0017982214922085404
216 0.0007742459420114756
217 0.0009285021806135774
218 0.0007167853764258325
219 0.0009462671587243676
220 0.001265253289602697
221 0.0008125031599774957
222 0.002030913485214114
223 0.0017136021051555872
224 0.0009416157845407724
225 0.0009873908711597323
226 0.0020500095561146736
227 0.0009983597556129098
228 0.0029813507571816444
229 0.0025803258176892996
230 0.0009604385122656822
231 0.0015879606362432241
232 0.000678167911246419
233 0.0007680513663217425
234 0.0017876207130029798
235 0.0005074684740975499
236 0.0007741256849840283
237 0.0006172533612698317
238 0.001073939260095358
239 0.000375979405362159
240 0.0015364558203145862
241 0.00149021134711802
242 0.0011360407806932926
243 0.0015096442075446248
244 0.0012991265393793583
245 0.0018399518448859453
246 0.002703380072489381
247 0.0008903652196750045
248 0.0005512151401489973
249 0.0008263344643637538
250 0.0005104443989694118
251 0.00040363307925872505
252 0.0029070416931062937
253 0.0030197384767234325
254 0.0006576654268428683
255 0.0005308270337991416
256 0.0019732436630874872
257 0.002080288715660572
258 0.0004783777112606913
259 0.0008860706584528089
260 0.0005205746274441481
261 0.0019747784826904535
262 0.003119161818176508
263 0.002354101976379752
264 0.00023424465325661004
265 0.0005495429504662752
266 0.0004959037178196013
267 0.0010242278221994638
268 0.007188490126281977
269 0.0007373032276518643
270 0.0008497069939039648
271 0.0016551943263038993
272 0.000442379416199401
273 0.0007947467383928597
274 0.0005192604730837047
275 0.0003472528769634664
276 0.0007665048469789326
277 0.0010071761207655072
278 0.0008321944624185562
279 0.0039403606206178665
280 0.001611331244930625
281 0.0023759042378515005
282 0.0006168997497297823
283 0.0020572750363498926
284 0.0006743521662428975
285 0.0007941512740217149
286 0.00045466035953722894
287 0.0025468424428254366
288 0.00028896034928038716
289 0.0007535092299804091
290 0.0007065435638651252
291 0.0005981827853247523
292 0.003479393431916833
293 0.001788696856237948
294 0.0009605790255591273
295 0.0009560475591570139
296 0.0004231861385051161
297 0.0005643290933221579
298 0.0009822715073823929
299 0.00047599204117432237
300 0.0005050826002843678
301 0.000319360668072477
302 0.0037750210613012314
303 0.0009927575010806322
304 0.0017630842048674822
305 0.0006023545283824205
306 0.0003110138059128076
307 0.0002990933717228472
308 0.0002903908316511661
309 0.0007694844389334321
310 0.0008433873299509287
311 0.0007457645842805505
312 0.0011960091069340706
313 0.0030722012743353844
314 0.0007944061071611941
315 0.0005566971376538277
316 0.0007265747990459204
317 0.0006889040232636034
318 0.0009032341185957193
319 0.0004210403421893716
320 0.0031366890762001276
321 0.0007113134488463402
322 0.0005967543693259358
323 0.00035166347515769303
324 0.00033807195723056793
325 0.00048577363486401737
326 0.003445433685556054
327 0.0005134302191436291
328 0.0007742546149529517
329 0.0001589050516486168
330 0.0002669055829755962
331 0.0005824522813782096
332 0.00048279104521498084
333 0.0009168199612759054
334 0.00022804600303061306
335 0.0003188811242580414
336 0.0014894898049533367
337 0.0011793021112680435
338 0.0008632938843220472
339 0.0019392641261219978
340 0.0004987661959603429
341 0.0005311887944117188
342 0.0005032955668866634
343 0.00035845956881530583
344 0.0004936414770781994
345 0.0017286305082961917
346 0.0006935553974471986
347 0.000697836687322706
348 0.00465427478775382
349 0.0014780587516725063
350 0.0002611834497656673
351 0.00040947931120172143
352 0.0005432337056845427
353 0.00040840805741027
354 0.004382016137242317
355 0.0021295214537531137
356 0.0013263100991025567
357 0.0003203111991751939
358 0.0005792346782982349
359 0.001671175705268979
360 0.005905651021748781
361 0.0023126050364226103
362 0.0009440113208256662
363 0.0003437963023316115
364 0.00046789395855739713
365 0.0007744922186248004
366 0.0006867523770779371
367 0.001080504385754466
368 0.001222478225827217
369 0.0004174665955360979
370 0.0003451084776315838
371 0.0007469556876458228
372 0.00038468593265861273
373 0.0006637513288296759
374 0.0005917490925639868
375 0.0004980534431524575
376 0.0021463274024426937
377 0.00045370569569058716
378 0.00045537675032392144
379 0.000345227075740695
380 0.000861990381963551
381 0.002188174519687891
382 0.00021004465816076845
383 0.0004963818937540054
384 0.00400267168879509
385 0.0023839089553803205
386 0.0004656286328099668
387 0.00027239142218604684
388 0.0004305797046981752
389 0.00022756712860427797
390 0.000377293152268976
391 0.0007302682497538626
392 0.0009034756803885102
393 0.00023400642385240644
394 0.001010885345749557
395 0.002118796808645129
396 0.002144427737221122
397 0.000926606182474643
398 0.0014747176319360733
399 0.0006610076525248587
400 0.0001995543425437063
401 0.0003871878143399954
402 0.001074543921276927
403 0.0003887358761858195
404 0.0005453781341202557
405 0.0002760866191238165
406 0.0008072801865637302
407 0.0016525792889297009
408 0.002575119026005268
409 0.0008195519912987947
410 0.000783793511800468
411 0.0025869212113320827
412 0.00043081986950710416
413 0.0003143525682389736
414 0.00022923818323761225
415 0.0004122214450035244
416 0.0003029076033271849
417 0.000608678616117686
418 0.0004727823834400624
419 0.0003014784015249461
420 0.0006759080570191145
421 0.00032138361711986363
422 0.003377606626600027
423 0.0002299539337400347
424 0.0012977011501789093
425 0.0008141926373355091
426 0.001158932805992663
427 0.00015294470358639956
428 0.001058088382706046
429 0.00028800746076740324
430 0.00028395335539244115
431 0.00019800539303105325
432 0.00028800679137930274
433 0.003496812656521797
434 0.004126448649913073
435 0.0014880694216117263
436 0.00013887800741940737
437 0.00020110487821511924
438 0.00021183339413255453
439 0.0002144556783605367
440 0.000561710970941931
441 0.0006445589242503047
442 0.0002483114367350936
443 0.00020575358939822763
444 0.0008146681939251721
445 0.0021370365284383297
446 0.0005091349594295025
447 0.000478739122627303
448 0.0008952516363933682
449 0.00016021603369154036
450 0.0005034165224060416
451 0.0002748937113210559
452 0.00012349973258096725
453 0.0019213883206248283
454 0.0003030278021469712
455 0.00021886579634156078
456 0.0014869995648041368
457 0.0014480218524113297
458 0.0004689664929173887
459 0.00042903039138764143
460 0.0003491622628644109
461 0.0003616782196331769
462 0.0003399824781809002
463 0.0008253988344222307
464 0.00197205669246614
465 0.000235198691370897
466 0.00021982025646138936
467 0.0002720342599786818
468 0.00022113192244432867
469 0.0006471831584349275
470 0.0002756085596047342
471 0.0005177193670533597
472 0.0019352150848135352
473 0.0004789790546055883
474 0.00152001588139683
475 0.0002418738731648773
476 0.00023090651666279882
477 0.00016772614617366344
478 0.00024544948246330023
479 0.0003595341113395989
480 0.0003132792189717293
481 0.00033891014754772186
482 0.001026500016450882
483 0.00026321172481402755
484 0.0008016760693863034
485 0.0004334402037784457
486 0.00017106413724832237
487 0.0020253395196050406
488 0.00035452490556053817
489 0.0011829002760350704
490 0.0003038628783542663
491 0.00049471395323053
492 0.00020873347239103168
493 0.0002756093454081565
494 0.00020420417422428727
495 0.0005012723850086331
496 0.0010532011510804296
497 0.0002794243046082556
498 0.0003118482418358326
499 0.0011614428367465734
500 0.0002869355375878513
501 0.00011253287811996415
502 0.00017940919497050345
503 0.00046992101124487817
504 0.00039112436934374273
505 0.00018513124086894095
506 0.0007730642682872713
507 0.0006602961220778525
508 0.0005090216873213649
509 0.00024390022736042738
510 0.00022518519836012274
511 0.00039648640085943043
512 0.0017581934807822108
513 0.0006732891779392958
514 0.00038766677607782185
515 0.00010800339805427939
516 0.0002864567213691771
517 0.00035571769694797695
518 0.00019538236665539443
519 0.0006340678664855659
520 0.000650518573820591
521 0.00021302586537785828
522 0.00030660504125989974
523 0.00042116432450711727
524 0.0003491621755529195
525 0.0003415291430428624
526 0.0006333559285849333
527 0.0030730406288057566
528 0.0007502982625737786
529 0.0003885010373778641
530 0.0006225038669072092
531 0.0002785898104775697
532 0.0004310583753976971
533 0.0007914250600151718
534 0.0019185302080586553
535 0.0003205522370990366
536 0.0021015151869505644
537 0.00048660856555216014
538 0.00010871849372051656
539 0.0002614250115584582
540 0.000249742268351838
541 0.00025248376186937094
542 0.0001274342357646674
543 0.0007754520047456026
544 0.0004999569500796497
545 0.0005475254729390144
546 0.00010394980199635029
547 0.004164240788668394
548 0.00033580968738533556
549 0.00017738240421749651
550 0.0002198204747401178
551 0.002213806379586458
552 0.0019957763142883778
553 0.00033080345019698143
554 0.00019156894995830953
555 0.0004973385366611183
556 0.00043665943667292595
557 0.00046121643390506506
558 0.00016200424579437822
559 0.0004620515392161906
560 0.0005336976610124111
561 0.000477669236715883
562 0.0002775174507405609
563 0.00012898381100967526
564 0.00022482790518552065
565 0.00024223054060712457
566 0.0005882947007194161
567 0.0007413577986881137
568 0.004009516444057226
569 0.0008989459602162242
570 0.00027024501468986273
571 0.00029170396737754345
572 0.0003302078403066844
573 0.0002537948894314468
574 0.00018393792561255395
575 0.0001360170281259343
576 0.0006692372262477875
577 0.0004864896181970835
578 0.0002025352732744068
579 0.00046360163833014667
580 0.0002646429347805679
581 0.00025200608070008457
582 0.0004296273400541395
583 0.00023114441137295216
584 0.0018037341069430113
585 0.0001512756571173668
586 0.00018453500524628907
587 0.0013668409083038568
588 0.0002999290591105819
589 0.0003334266657475382
590 0.00022446984075941145
591 0.0002372255112277344
592 0.00027846929151564837
593 0.00020658819994423538
594 0.00013494445011019707
595 0.000234125618590042
596 0.0003476088459137827
597 0.00027942477026954293
598 0.0002540333953220397
599 0.00024294636386912316
600 0.00022518329205922782
601 0.0010709681082516909
602 0.00027584872441366315
603 0.00036597118014469743
604 0.0004839877365157008
605 0.0015053621027618647
606 0.0007255033124238253
607 0.00025474943686276674
608 0.0005478832172229886
609 0.0002502194547560066
610 0.00037479132879525423
611 0.0006166661623865366
612 0.002303091809153557
613 0.0003461799933575094
614 7.450561679434031e-05
615 0.0002189861552324146
616 0.00028037888114340603
617 0.00017774058505892754
618 0.0008348145056515932
619 8.130056085065007e-05
620 0.0002622586616780609
621 0.0001255265378858894
622 0.0028147271368652582
623 0.000617738114669919
624 0.00017678577569313347
625 0.00020241634047124535
626 0.0013644557911902666
627 0.00017380630015395582
628 0.0008139555575326085
629 0.00010001621558330953
630 9.58439995883964e-05
631 0.0004183011478744447
632 0.0014285928336903453
633 0.00015532891848124564
634 0.00013112928718328476
635 0.0006614890298806131
636 0.00017845594265963882
637 0.0003403399605304003
638 0.00013351361849345267
639 0.0002925378212239593
640 0.00019156819325871766
641 0.00015997851733118296
642 0.00022339762654155493
643 0.0003139957261737436
644 0.0006530254613608122
645 0.0005507439491339028
646 0.0014089219039306045
647 0.0005476451478898525
648 9.441330621484667e-05
649 0.0002713182766456157
650 0.0010163703700527549
651 0.0004925685934722424
652 0.00037610408617183566
653 0.0002506962337065488
654 0.000111579560325481
655 0.0006256066262722015
656 0.0007896358147263527
657 0.00022208603331819177
658 0.0007858224562369287
659 0.0002608290233183652
660 0.0011027940781787038
661 0.00046848884085193276
662 0.000542041496373713
663 0.0011130482889711857
664 0.00017404418031219393
665 0.00016498473996762186
666 0.000144600126077421
667 0.00032579724211245775
668 0.00016629562014713883
669 0.00019216464716009796
670 0.0004324895271565765
671 0.00012755341595038772
672 0.00019466834783088416
673 0.00035368913086131215
674 0.0005166506743989885
675 0.0007268140907399356
676 0.00014245427155401558
677 0.00010812245454872027
678 0.0002044423163169995
679 0.0002559407439548522
680 0.000544545880984515
681 0.0012162786442786455
682 0.0002952800423372537
683 0.00010204286081716418
684 0.0001103875765693374
685 0.0003490420349407941
686 0.0003029083600267768
687 0.00018012405780609697
688 0.00019454877474345267
689 0.0006524290656670928
690 0.0010017072781920433
691 0.0001342291507171467
692 0.0022270260378718376
693 0.00030660346965305507
694 0.0003535721334628761
695 0.0009617733303457499
696 0.00017166064935736358
697 0.0006313295452855527
698 0.0002579680585768074
699 0.00021874718368053436
700 0.00017535570077598095
701 0.00039315028698183596
702 0.00027155783027410507
703 0.002505019772797823
704 0.0005681371549144387
705 0.000291108270175755
706 0.0003921938478015363
707 9.441331349080428e-05
708 0.00011324788647470996
709 9.584368672221899e-05
710 0.00012600317131727934
711 0.00010764565377030522
712 0.00010514212772250175
713 0.000355718337232247
714 0.0001431696437066421
715 0.000283715344266966
716 6.878340354887769e-05
717 0.0002673850685823709
718 0.00023066911671776325
719 0.00043093939893878996
720 0.003504436230286956
721 0.0005283307982608676
722 0.0010441449703648686
723 0.0002511727507226169
724 0.0005488328752107918
725 0.00019240312394686043
726 0.00014555375673808157
727 0.0001220695921801962
728 0.0002210128732258454
729 9.858563134912401e-05
730 0.0006900986772961915
731 0.0002666702785063535
732 0.0004895908059552312
733 0.00015246763359755278
734 0.00032257664133794606
735 0.00019538211927283555
736 0.002957651624456048
737 0.00013041467173025012
738 0.0007744967588223517
739 0.0002961145364679396
740 0.00024223120999522507
741 0.00017285256762988865
742 7.533987809438258e-05
743 0.00048541734577156603
744 0.00014805642422288656
745 0.00017082621343433857
746 0.0004332050448283553
747 0.00010824177297763526
748 0.00017213755927514285
749 0.0010602411348372698
750 0.0001771434908732772
751 0.00010335390834370628
752 0.00045180090819485486
753 0.0005751808639615774
754 0.00023364913067780435
755 0.0003125656221527606
756 0.0001232621434610337
757 0.0010448619723320007
758 0.0006706666899845004
759 0.00023531843908131123
760 0.0010610712924972177
761 0.0009124205098487437
762 0.000441907235654071
763 8.70223666424863e-05
764 0.0002475971996318549
765 0.00011658533912850544
766 0.00030803546542301774
767 0.00020146250608377159
768 0.0002957569668069482
769 0.0004169906605966389
770 0.0008689110400155187
771 0.0001720183208817616
772 0.00015330268070101738
773 0.00024032537476159632
774 0.00023853706079535186
775 0.0002565369941294193
776 0.0003459436702542007
777 0.0003322345728520304
778 0.001261700876057148
779 0.002370554720982909
780 0.002805057680234313
781 9.918153227772564e-05
782 0.00021076126722618937
783 0.00013065255188848823
784 9.393669461132959e-05
785 0.001318085240200162
786 0.0007307493942789733
787 0.00024247085093520582
788 0.0005850759916938841
789 0.00017070643662009388
790 0.00023090597824193537
791 9.2744616267737e-05
792 0.00015079902368597686
793 0.0011711032129824162
794 0.00013673231296706945
795 0.00011312907736282796
796 0.0001577133225509897
797 0.00024235040473286062
798 0.0003343804564792663
799 0.00022029774845577776
800 0.0013589723967015743
801 0.0006310915341600776
802 0.0003771766205318272
803 0.000548718380741775
804 0.0009143299539573491
805 0.00188872788567096
806 0.00020146201131865382
807 0.00014400406507775187
808 0.00010907626710832119
809 0.0003886196936946362
810 0.0012572907144203782
811 0.00015020246792118996
812 0.00011897011427208781
813 0.00024187439703382552
814 0.0008031087927520275
815 0.0006120178732089698
816 0.00020515844516921788
817 9.858582052402198e-05
818 0.00014901094255037606
819 0.0012032901868224144
820 0.0016823840560391545
821 0.00023639148275833577
822 0.00027262954972684383
823 0.0003466575872153044
824 0.00022745020396541804
825 0.00013792479876428843
826 0.0003051745006814599
827 0.0006123724742792547
828 0.000788327248301357
829 4.7087556595215574e-05
830 0.00010550004662945867
831 9.071789827430621e-05
832 4.625313522410579e-05
833 0.0001249302877113223
834 0.00011062570411013439
835 0.00010991073941113427
836 0.00022041762713342905
837 0.0003522616461850703
838 0.00019943690858781338
839 0.00018966110656037927
840 0.0001411433913744986
841 0.0024155057035386562
842 0.00011742078640963882
843 0.0020528777968138456
844 0.00025403249310329556
845 0.0004892327706329525
846 0.0001133674377342686
847 0.000138401665026322
848 0.00020480059902183712
849 0.00041663466254249215
850 0.00040101699414663017
851 0.0003881444572471082
852 0.0004897054750472307
853 0.0008233742555603385
854 0.0022110608406364918
855 0.0003093472041655332
856 0.00017535632650833577
857 0.0005060418625362217
858 0.0006533831474371254
859 0.0004944786196574569
860 0.0003381959395483136
861 0.00046550959814339876
862 0.0002509342157281935
863 0.0003676401393022388
864 0.00016832286200951785
865 0.0014656654093414545
866 0.0006225084071047604
867 0.0001387593219988048
868 0.0005669561214745045
869 3.170962736476213e-05
870 5.8412148064235225e-05
871 0.0001474613236496225
872 0.0001373287377646193
873 0.00023305379727389663
874 0.0008028700831346214
875 0.0004392832634039223
876 0.00018310497398488224
877 0.00014197749260347337
878 0.0027415340300649405
879 0.0002640470629557967
880 0.0003011203953064978
881 0.0006346666486933827
882 0.0005279741599224508
883 0.0001728531060507521
884 0.0009996831649914384
885 0.00032925521372817457
886 4.2795938497874886e-05
887 0.00010871853737626225
888 0.0005552741349674761
889 0.0005719638429582119
890 7.808194641256705e-05
891 0.00036144108162261546
892 0.0011672889813780785
893 0.00030934734968468547
894 0.002474987879395485
895 0.00020480089006014168
896 0.0002067082532448694
897 0.0001277920964639634
898 0.00011062577686971053
899 0.0003839721903204918
900 0.00010359264706494287
901 0.00013863955973647535
902 0.0005881755496375263
903 0.00028133278829045594
904 0.00025296135572716594
905 0.00025629912852309644
906 0.0013323916355147958
907 0.0005953286308795214
908 0.00022959652415011078
909 0.0002497405803296715
910 0.00011992417421424761
911 0.00016033474821597338
912 0.0003516661818139255
913 0.0003542891936376691
914 0.00016987202980089933
915 0.00016748852794989944
916 0.0001120561282732524
917 8.892987534636632e-05
918 0.0010570224840193987
919 9.071795648196712e-05
920 9.107560617849231e-05
921 0.00023674892145209014
922 0.00016081280773505569
923 0.00021398028184194118
924 0.00010466555249877274
925 5.3405656217364594e-05
926 0.00027203449280932546
927 0.00015210967103485018
928 9.524698543827981e-05
929 0.00016915758897084743
930 0.00026631299988366663
931 0.00014543489669449627
932 9.012207010528073e-05
933 0.0006563629140146077
934 0.00011432125756982714
935 9.357869566883892e-05
936 8.797620830591768e-05
937 8.749926928430796e-05
938 0.0008611633675172925
939 0.000490543432533741
940 0.00010037412721430883
941 0.00017750219558365643
942 0.0003232948074582964
943 0.00011992428335361183
944 6.556485459441319e-05
945 0.00011706293298630044
946 7.057172479107976e-05
947 0.00013554072938859463
948 0.00026655089459382
949 0.00012028201308567077
950 0.00013136838970240206
951 0.00019848289957735687
952 0.001245370483957231
953 0.00025689511676318944
954 0.00012469259672798216
955 0.0011331952409818769
956 0.0004607425653375685
957 0.0003478505532257259
958 0.000284071866190061
959 3.767005182453431e-05
960 0.00025617986102588475
961 0.00012028179480694234
962 0.0005356052424758673
963 0.00031614204635843635
964 0.0004270054050721228
965 9.70360852079466e-05
966 0.0001426932285539806
967 0.000943057588301599
968 0.00034606282133609056
969 0.0002658359589986503
970 8.165805047610775e-05
971 0.0005491941701620817
972 5.6862743804231286e-05
973 0.00021922538871876895
974 0.00011002993414876983
975 0.0007823646301403642
976 0.00043141591595485806
977 0.00030255227466113865
978 0.00015413730579894036
979 0.000119804848509375
980 7.283665763679892e-05
981 6.568411481566727e-05
982 0.00017404502432327718
983 0.001782636041752994
984 7.295585965039209e-05
985 8.988323679659516e-05
986 0.00010168510198127478
987 0.0010640547843649983
988 5.686266740667634e-05
989 0.0005559895653277636
990 0.00018286655540578067
991 0.00016772709204815328
992 0.0004737355629913509
993 0.0006879519205540419
994 0.00020074602798558772
995 0.00035703033790923655
996 8.141951548168436e-05
997 0.00022232395713217556
998 0.0006892650853842497
999 0.0012701640371233225
