0 0.4886297583580017
1 0.5223340392112732
2 0.5409725904464722
3 0.5351485013961792
4 0.45370155572891235
5 0.4367802143096924
6 0.45352134108543396
7 0.4298076629638672
8 0.41023051738739014
9 0.4579368531703949
10 0.39668571949005127
11 0.4122394621372223
12 0.3999001383781433
13 0.3693597912788391
14 0.3992803990840912
15 0.3547206223011017
16 0.3678998053073883
17 0.3110246956348419
18 0.3781382739543915
19 0.29167526960372925
20 0.2932386100292206
21 0.33972281217575073
22 0.3204721212387085
23 0.26941853761672974
24 0.3055175244808197
25 0.23837299644947052
26 0.3086550831794739
27 0.3115798234939575
28 0.309527188539505
29 0.25516006350517273
30 0.289938747882843
31 0.24344655871391296
32 0.27844151854515076
33 0.19999924302101135
34 0.22014309465885162
35 0.2537648677825928
36 0.17541258037090302
37 0.17953145503997803
38 0.21139755845069885
39 0.1669611781835556
40 0.19112320244312286
41 0.1695287674665451
42 0.1326935589313507
43 0.14280232787132263
44 0.13950103521347046
45 0.13853061199188232
46 0.11510355025529861
47 0.12158805131912231
48 0.0666445717215538
49 0.08144021779298782
50 0.06628094613552094
51 0.06336530297994614
52 0.05405823141336441
53 0.041988804936409
54 0.04992711916565895
55 0.03395881503820419
56 0.035905349999666214
57 0.029712969437241554
58 0.0256675835698843
59 0.01988152787089348
60 0.01836986094713211
61 0.013366598635911942
62 0.00941511057317257
63 0.011073566973209381
64 0.007763051427900791
65 0.007954878732562065
66 0.006360022351145744
67 0.006177178584039211
68 0.005255852825939655
69 0.00436331145465374
70 0.0035823818761855364
71 0.0028339705895632505
72 0.0035565781872719526
73 0.00261970073916018
74 0.0023661304730921984
75 0.0024667205289006233
76 0.0017542499117553234
77 0.0014534775400534272
78 0.001227341708727181
79 0.0012340517714619637
80 0.001088800374418497
81 0.0010453126160427928
82 0.0009778488893061876
83 0.0009750262834131718
84 0.0007938652997836471
85 0.0008394104079343379
86 0.0007872688584029675
87 0.0007832963019609451
88 0.000592768017668277
89 0.0006800607079640031
90 0.00046121730701997876
91 0.0005704514915123582
92 0.0004848898097407073
93 0.0004804430645890534
94 0.0004619949613697827
95 0.0003930189704988152
96 0.00033539196010679007
97 0.00042547506745904684
98 0.00038292742101475596
99 0.00036375035415403545
100 0.00042929622577503324
101 0.00025920054758898914
102 0.0004188800521660596
103 0.0002506194869056344
104 0.0002340787905268371
105 0.00028777847182936966
106 0.00025903788628056645
107 0.00029134523356333375
108 0.00025103759253397584
109 0.00019358875579200685
110 0.0002506599703337997
111 0.00021176430163905025
112 0.00023886756389401853
113 0.0002647948276717216
114 0.00021255090541671962
115 0.00020496213983278722
116 0.00023751510889269412
117 0.00019046968373004347
118 0.00022977558546699584
119 0.0001422939676558599
120 0.00014597047993447632
121 0.00019048748072236776
122 0.00019972918380517513
123 0.00015399498806800693
124 0.0001904964301502332
125 0.00016470161790493876
126 0.0001137903964263387
127 0.00014609776553697884
128 0.00016935693565756083
129 0.00011800335050793365
130 0.0001618236128706485
131 0.00015066399646457285
132 0.00010356931306887418
133 0.00010309040226275101
134 0.0001348733203485608
135 0.0001460083876736462
136 0.00013606846914626658
137 0.00013370963279157877
138 0.0001083970710169524
139 0.00010632371413521469
140 7.909509440651163e-05
141 0.00011707354133250192
142 7.557388744316995e-05
143 0.00010229183681076393
144 9.65174549492076e-05
145 7.406574877677485e-05
146 7.869656838010997e-05
147 8.06419484433718e-05
148 9.406701428815722e-05
149 8.105483721010387e-05
150 9.58362506935373e-05
151 9.73024798440747e-05
152 7.068699051160365e-05
153 9.406292519997805e-05
154 7.683767762500793e-05
155 6.0735019360436127e-05
156 7.191638724179938e-05
157 6.856401887489483e-05
158 7.827241643099114e-05
159 5.717639942304231e-05
160 6.244985706871375e-05
161 4.9896752898348495e-05
162 5.862479520146735e-05
163 5.814711039420217e-05
164 6.494093395303935e-05
165 6.423579179681838e-05
166 4.753257962875068e-05
167 5.650792445521802e-05
168 6.458849384216592e-05
169 6.388990004779771e-05
170 4.740137592307292e-05
171 3.919196387869306e-05
172 4.2607905925251544e-05
173 4.700895078713074e-05
174 5.60672051506117e-05
175 5.5770608014427125e-05
176 5.426221468951553e-05
177 4.5451401092577726e-05
178 4.470927160582505e-05
179 4.6184592065401375e-05
180 4.5946595491841435e-05
181 4.463980076252483e-05
182 4.5554927055491135e-05
183 4.0962331695482135e-05
184 4.084374813828617e-05
185 4.911228461423889e-05
186 4.476257527130656e-05
187 4.3161278881598264e-05
188 3.969919998780824e-05
189 3.4142969525419176e-05
190 4.047550828545354e-05
191 4.0092818380799145e-05
192 3.835610914393328e-05
193 3.329581522848457e-05
194 3.781684790737927e-05
195 4.155820715823211e-05
196 3.6315621400717646e-05
197 3.564709913916886e-05
198 3.656902481452562e-05
199 3.1973770092008635e-05
200 3.5817163734463975e-05
201 3.162850043736398e-05
202 3.9698072214378044e-05
203 3.073647530982271e-05
204 3.456816921243444e-05
205 3.252773603890091e-05
206 3.4701159165706486e-05
207 2.832286736520473e-05
208 2.730371488723904e-05
209 2.7395441065891646e-05
210 3.242778257117607e-05
211 2.596341073513031e-05
212 2.929357833636459e-05
213 2.833912367350422e-05
214 2.8731345082633197e-05
215 2.521181886550039e-05
216 2.3761433112667874e-05
217 2.7170714020030573e-05
218 2.5399651349289343e-05
219 2.57260453508934e-05
220 1.907270598167088e-05
221 2.80353724519955e-05
222 2.0604313249350525e-05
223 2.0976172891096212e-05
224 2.664687781361863e-05
225 2.606813177408185e-05
226 2.5559773348504677e-05
227 2.6062860342790373e-05
228 2.31836147577269e-05
229 2.527919423300773e-05
230 2.363161911489442e-05
231 1.68676288012648e-05
232 2.266464798594825e-05
233 2.1082423700136133e-05
234 2.4178034436772577e-05
235 2.056347148027271e-05
236 2.230248719570227e-05
237 1.7871225281851366e-05
238 2.491431587259285e-05
239 2.2147234631120227e-05
240 2.1539502995437942e-05
241 2.1644022126565687e-05
242 2.18610239244299e-05
243 1.6029660400818102e-05
244 2.332650365133304e-05
245 2.519327972549945e-05
246 1.8992932382388972e-05
247 1.836969386204146e-05
248 1.8875914975069463e-05
249 2.60617962339893e-05
250 1.7573132936377078e-05
251 2.1330959498300217e-05
252 1.8157134036300704e-05
253 2.364505962759722e-05
254 1.772582618286833e-05
255 2.0577381292241625e-05
256 1.7932490663952194e-05
257 1.8920474758488126e-05
258 1.882318247226067e-05
259 2.1325460693333298e-05
260 1.6829122614581138e-05
261 1.952986349351704e-05
262 1.3922375728725456e-05
263 2.0166835383861326e-05
264 1.8623426512931474e-05
265 1.9853761841659434e-05
266 2.2495429220725782e-05
267 1.662128488533199e-05
268 1.6282125216093846e-05
269 2.0438123101484962e-05
270 1.8801280020852573e-05
271 1.7279528037761338e-05
272 1.7413954992662184e-05
273 1.6924743249546736e-05
274 2.0229872461641207e-05
275 1.4302246199804358e-05
276 1.4696099242428318e-05
277 1.6888503523659892e-05
278 1.298000006499933e-05
279 1.522355705674272e-05
280 1.4721264960826375e-05
281 1.3790351658826694e-05
282 1.5078487194841728e-05
283 1.5559420717181638e-05
284 1.3799758562527131e-05
285 1.8583732526167296e-05
286 1.4783286133024376e-05
287 1.522630100225797e-05
288 1.2593372048286255e-05
289 1.8181095583713613e-05
290 1.4711937183164991e-05
291 1.520369914942421e-05
292 1.401242298015859e-05
293 1.2144488209742121e-05
294 1.146697650256101e-05
295 1.2364071153569967e-05
296 1.3918814147473313e-05
297 1.1326276762702037e-05
298 1.214015264849877e-05
299 1.5681835066061467e-05
300 0.020030222833156586
301 0.006783300079405308
302 0.0038759694434702396
303 0.0015998434973880649
304 0.0014259847812354565
305 0.0008669120143167675
306 0.0007706593605689704
307 0.0004916756297461689
308 0.0003394965024199337
309 0.0002998209383804351
310 0.00025701927370391786
311 0.00018280078074894845
312 0.0002997869160026312
313 0.00016098325431812555
314 0.0002307154209120199
315 0.00022403834736905992
316 0.0001790923997759819
317 0.00012400893319863826
318 0.00012681505177170038
319 0.00013636752555612475
320 0.00016438221791759133
321 0.00010285701864631847
322 0.00010610787285258994
323 9.647227852838114e-05
324 9.89107575151138e-05
325 7.631958578713238e-05
326 6.423417653422803e-05
327 8.955820521805435e-05
328 7.074404129525647e-05
329 5.702497946913354e-05
330 5.858335134689696e-05
331 6.963587657082826e-05
332 6.436695548472926e-05
333 6.162776844576001e-05
334 6.22847510385327e-05
335 7.55923829274252e-05
336 4.728434942080639e-05
337 5.132327351020649e-05
338 5.078906542621553e-05
339 6.2199542298913e-05
340 4.558524233289063e-05
341 5.5911634262884036e-05
342 4.351521783974022e-05
343 4.019992411485873e-05
344 4.8012119805207476e-05
345 3.427774936426431e-05
346 4.5237597078084946e-05
347 4.209332473692484e-05
348 3.67208594980184e-05
349 3.0699564376845956e-05
350 3.094565909123048e-05
351 3.6856588849332184e-05
352 3.728717638296075e-05
353 3.030526204383932e-05
354 2.6522151529206894e-05
355 2.705158658500295e-05
356 2.3370792405330576e-05
357 2.615995254018344e-05
358 1.9412611436564475e-05
359 2.3298744054045528e-05
360 2.1338139049476013e-05
361 2.5795085093704984e-05
362 2.504316216800362e-05
363 2.352035153307952e-05
364 2.1403371647465974e-05
365 2.1433888832689263e-05
366 1.673975566518493e-05
367 1.8683447706280276e-05
368 1.5930312656564638e-05
369 2.1905847461312078e-05
370 1.5822017303435132e-05
371 1.8412538338452578e-05
372 1.3735319953411818e-05
373 2.03977197088534e-05
374 1.3523687812266871e-05
375 1.7569296687725e-05
376 1.558504118293058e-05
377 1.418057581759058e-05
378 1.5086636267369613e-05
379 1.4971300515753683e-05
380 1.1714537322404794e-05
381 1.6702049833838828e-05
382 1.5881192666711286e-05
383 1.639515539864078e-05
384 1.5471850929316133e-05
385 1.4568326150765643e-05
386 1.3840180145052727e-05
387 1.5812436686246656e-05
388 1.4178101082507055e-05
389 1.1809220268332865e-05
390 1.2949562915309798e-05
391 1.180788422061596e-05
392 1.1331825589877553e-05
393 1.1494573300296906e-05
394 1.2965258065378293e-05
395 1.4844789802737068e-05
396 1.199146754515823e-05
397 1.4400927284441423e-05
398 1.3008519090362824e-05
399 1.3781542293145321e-05
400 9.59263343247585e-06
401 1.3499621672963258e-05
402 1.1044016900996212e-05
403 1.2224809324834496e-05
404 1.2787363630195614e-05
405 1.0846746590686962e-05
406 1.0299006135028321e-05
407 1.094223898689961e-05
408 1.212738425238058e-05
409 1.3013076568313409e-05
410 6.826277058280539e-06
411 1.0367384675191715e-05
412 7.18955698175705e-06
413 1.0427595043438487e-05
414 8.78785976965446e-06
415 1.3900728845328558e-05
416 8.821868505037855e-06
417 7.494412784581073e-06
418 7.669220394745935e-06
419 9.49818695517024e-06
420 1.007904575089924e-05
421 7.485404694307363e-06
422 9.494204277871177e-06
423 7.79330548539292e-06
424 8.226555110013578e-06
425 7.859730430936906e-06
426 1.0366585229348857e-05
427 9.35626303544268e-06
428 8.411271664954256e-06
429 8.984272426459938e-06
430 1.117987085308414e-05
431 7.843688763387036e-06
432 9.907093044603243e-06
433 5.783494998468086e-06
434 5.618459454126423e-06
435 7.117870154615957e-06
436 9.420134119864088e-06
437 7.981876478879713e-06
438 6.15610724707949e-06
439 9.690218575997278e-06
440 5.511290964932414e-06
441 9.320688150182832e-06
442 7.704206836933736e-06
443 6.946242592675844e-06
444 7.1118893174570985e-06
445 5.86242049394059e-06
446 4.951870778313605e-06
447 7.666016244911589e-06
448 7.210607236629585e-06
449 7.785899470036384e-06
450 7.464841019100277e-06
451 7.337986971833743e-06
452 5.860292731085792e-06
453 6.304185262706596e-06
454 6.6524230533104856e-06
455 7.65788627177244e-06
456 7.025909781077644e-06
457 4.843068381887861e-06
458 4.6371555981750134e-06
459 6.0099823713244405e-06
460 4.918932063446846e-06
461 6.873553957120748e-06
462 5.683891231456073e-06
463 4.303150035411818e-06
464 5.461637556436472e-06
465 5.175802016310627e-06
466 5.747724571847357e-06
467 4.434182301338296e-06
468 5.473053988680476e-06
469 5.157394753041444e-06
470 6.853932063677348e-06
471 3.710872761075734e-06
472 5.263021648715949e-06
473 6.938718797755428e-06
474 5.622809567285003e-06
475 5.775403678853763e-06
476 4.971108864992857e-06
477 4.785817964148009e-06
478 4.313935733080143e-06
479 4.8239194256893825e-06
480 4.778706170327496e-06
481 5.5333775890176184e-06
482 5.86569831284578e-06
483 5.077445166534744e-06
484 3.560474169717054e-06
485 5.2399800551938824e-06
486 4.111566795472754e-06
487 3.754810222744709e-06
488 4.066793280799175e-06
489 3.796111059273244e-06
490 4.5543856685981154e-06
491 3.889839717885479e-06
492 4.083751719008433e-06
493 4.2259093788743485e-06
494 3.790614528043079e-06
495 4.670988801080966e-06
496 3.662811650428921e-06
497 5.254236839391524e-06
498 3.516769538691733e-06
499 3.247316271881573e-06
500 4.546704985841643e-06
501 3.4323643376410473e-06
502 3.7501181395782623e-06
503 4.228207671985729e-06
504 3.863934580294881e-06
505 3.975509116571629e-06
506 4.6239256334956735e-06
507 4.011474175058538e-06
508 4.059158527525142e-06
509 4.65384118797374e-06
510 3.42414250553702e-06
511 3.016232767549809e-06
512 3.333937684146804e-06
513 3.2549405659665354e-06
514 3.840129465970676e-06
515 4.174571586190723e-06
516 5.149584467289969e-06
517 2.928577032434987e-06
518 3.0629685170424636e-06
519 3.7205377338977996e-06
520 4.393052222440019e-06
521 3.7301817883417243e-06
522 4.128951331949793e-06
523 3.7593206343444763e-06
524 2.9872567210986745e-06
525 3.1997767564462265e-06
526 4.163390713074477e-06
527 3.441805347392801e-06
528 2.108716216753237e-06
529 3.0478581720672082e-06
530 4.3204267967666965e-06
531 2.5855126750684576e-06
532 3.825202384177828e-06
533 4.00953604184906e-06
534 2.609122702779132e-06
535 2.3280204004549887e-06
536 3.6450880998017965e-06
537 3.057538606299204e-06
538 3.358956291776849e-06
539 3.5551277051126817e-06
540 3.0519995561917312e-06
541 2.548881184338825e-06
542 3.0583382795157377e-06
543 3.2443110740132397e-06
544 2.554429329393315e-06
545 2.91196283797035e-06
546 2.0868360479653347e-06
547 2.7252337986283237e-06
548 2.756260528258281e-06
549 3.626419129432179e-06
550 3.5726191072171787e-06
551 2.3457862425857456e-06
552 3.6743388136528665e-06
553 2.524066985643003e-06
554 3.4584602417453425e-06
555 2.8500674034148687e-06
556 2.2593430912820622e-06
557 3.026961849172949e-06
558 3.970038051193114e-06
559 2.6654015528038144e-06
560 2.8134634248999646e-06
561 2.635631517478032e-06
562 2.2695182906318223e-06
563 2.105852217937354e-06
564 3.1608910830982495e-06
565 3.221952965759556e-06
566 2.8731153633998474e-06
567 2.5747146992216585e-06
568 3.321714757476002e-06
569 2.3878037609392777e-06
570 2.1481373551068828e-06
571 2.552510068198899e-06
572 2.269262722620624e-06
573 3.4276943097211188e-06
574 1.7672070953267394e-06
575 2.517795110179577e-06
576 2.1586392904282548e-06
577 2.6572138267511036e-06
578 2.197220965172164e-06
579 2.122350451827515e-06
580 2.2921785785001703e-06
581 1.6688327377778478e-06
582 2.3786528799973894e-06
583 2.598464789116406e-06
584 2.7247090201854007e-06
585 2.416242978142691e-06
586 1.8225371150037972e-06
587 1.965950559679186e-06
588 2.3704060367890634e-06
589 2.271718358315411e-06
590 1.7709472786009428e-06
591 1.9127928680973127e-06
592 2.474319217071752e-06
593 1.916809651447693e-06
594 2.278540023326059e-06
595 2.066275101242354e-06
596 1.586193775438005e-06
597 2.7602591217146255e-06
598 2.026779384323163e-06
599 2.2844801605970133e-06
