0 0.14826349914073944
1 0.09974727779626846
2 0.0753936618566513
3 0.04132430627942085
4 0.033011410385370255
5 0.01680300012230873
6 0.011180436238646507
7 0.00530528137460351
8 0.002118596574291587
9 0.00112010701559484
10 0.000436579022789374
11 0.00039090108475647867
12 0.00020150722411926836
13 0.00021096177806612104
14 0.00021106217172928154
15 0.00019389005319681019
16 0.00016873475397005677
17 0.00017704209312796593
18 0.0001895751483971253
19 0.00019853294361382723
20 0.00017534999642521143
21 0.00017811491852626204
22 0.0001604181743459776
23 0.0001468730333726853
24 0.00012430970673449337
25 0.00014712508709635586
26 0.00014792417641729116
27 0.00013043540820945054
28 0.00012295128544792533
29 0.00011976143287029117
30 9.804823639569804e-05
31 0.00011197037383681163
32 0.00010076830949401483
33 0.00010173604096053168
34 8.311412966577336e-05
35 7.465328963007778e-05
36 8.016722131287679e-05
37 8.431936294073239e-05
38 7.516481127822772e-05
39 6.464980106102303e-05
40 6.692696479149163e-05
41 7.022643694654107e-05
42 5.290974513627589e-05
43 5.818283534608781e-05
44 6.229183782124892e-05
45 5.224014967097901e-05
46 5.085374868940562e-05
47 5.1205082854721695e-05
48 4.431252455106005e-05
49 3.9715647289995104e-05
50 4.533557512331754e-05
51 3.058699076063931e-05
52 3.911747262463905e-05
53 3.330981417093426e-05
54 2.8306469175731763e-05
55 3.0467508622677997e-05
56 2.560852954047732e-05
57 2.26573374675354e-05
58 2.420033524686005e-05
59 2.4125278287101537e-05
60 2.196707828261424e-05
61 2.206002318416722e-05
62 1.95871434698347e-05
63 1.670350320637226e-05
64 1.4382202607521322e-05
65 1.4055870451556984e-05
66 1.4932780686649494e-05
67 1.169688857771689e-05
68 1.29602340166457e-05
69 9.6883832156891e-06
70 9.621752724342514e-06
71 1.0201318218605593e-05
72 9.249842150893528e-06
73 7.460200777131831e-06
74 8.120969141600654e-06
75 7.103906227712287e-06
76 7.529855338361813e-06
77 6.084038886911003e-06
78 5.887130555493059e-06
79 5.970455731585389e-06
80 4.28835119237192e-06
81 4.668708243116271e-06
82 4.5589717956318054e-06
83 3.90684044759837e-06
84 3.710286364366766e-06
85 3.5418945572018856e-06
86 3.3735161650838563e-06
87 2.601099595267442e-06
88 2.926454271801049e-06
89 2.622353804326849e-06
90 2.877829501812812e-06
91 1.822502099457779e-06
92 1.978334694285877e-06
93 2.204982365583419e-06
94 1.9563647128961748e-06
95 1.5998398339434061e-06
96 1.7946425714399084e-06
97 1.5021618082755595e-06
98 1.8062048638967099e-06
99 1.2518150924734073e-06
100 1.1343539654262713e-06
101 1.1123371450594277e-06
102 1.2430159586074296e-06
103 1.2943880847160472e-06
104 1.2189262861284078e-06
105 1.210945242746675e-06
106 1.268825144506991e-06
107 1.1727699984476203e-06
108 1.0071921678900253e-06
109 1.0046870784208295e-06
110 9.140905490312434e-07
111 8.982573262983351e-07
112 1.1001756092809956e-06
113 8.128408239826967e-07
114 9.353344694318366e-07
115 8.639988209324656e-07
116 8.497599424117652e-07
117 6.914253276590898e-07
118 9.060983643394138e-07
119 7.274920221789216e-07
120 6.827244192209037e-07
121 7.395008765342936e-07
122 7.417358460770629e-07
123 8.383048566429352e-07
124 6.840884907433065e-07
125 7.433565656356222e-07
126 7.405632800328021e-07
127 5.920844614593079e-07
128 7.030421897979977e-07
129 7.447275720551261e-07
130 7.005149313954462e-07
131 7.094289458109415e-07
132 6.980324087635381e-07
133 6.401303949132853e-07
134 7.38004814593296e-07
135 7.709352871643205e-07
136 7.418138352477399e-07
137 7.190996029748931e-07
138 6.535468628499075e-07
139 6.523936235680594e-07
140 6.950750730538857e-07
141 6.907296210556524e-07
142 7.201481366791995e-07
143 7.251908868965984e-07
144 6.667035563623358e-07
145 6.269222581067879e-07
146 7.657934020244284e-07
147 6.087533961363079e-07
148 6.637291676270252e-07
149 6.70069368879922e-07
150 6.555300728905422e-07
151 5.825216931043542e-07
152 6.058454573576455e-07
153 8.054105364863062e-07
154 6.857306402707763e-07
155 7.004508120189712e-07
156 7.356540550063073e-07
157 7.510201953664364e-07
158 6.577830049536715e-07
159 6.624385378017905e-07
160 5.836116656610102e-07
161 6.687296263407916e-07
162 6.458516281782067e-07
163 6.450880505326495e-07
164 6.343054224089428e-07
165 6.360083375511749e-07
166 7.698466788497171e-07
167 6.22040033704252e-07
168 6.108803063398227e-07
169 6.309263653747621e-07
170 6.807297836530779e-07
171 6.683126230200287e-07
172 6.552067475240619e-07
173 6.51822062991414e-07
174 6.636169018747751e-07
175 7.112142270671029e-07
176 7.273496862580942e-07
177 6.46835303541593e-07
178 6.049540957064892e-07
179 6.473847520283016e-07
180 6.660048370576988e-07
181 6.738879960721533e-07
182 6.535373699989577e-07
183 6.44798717530648e-07
184 6.332983275569859e-07
185 6.911907348694513e-07
186 7.536474981861829e-07
187 7.302826929844741e-07
188 7.15369480985828e-07
189 7.399992227874463e-07
190 7.578049689982436e-07
191 6.928362381586339e-07
192 5.566638492382481e-07
193 6.343608447423321e-07
194 6.715256972711359e-07
195 6.762015800632071e-07
196 7.066896046126203e-07
197 6.694990588584915e-07
198 6.659997779934201e-07
199 7.001096946623875e-07
200 6.992707994868397e-07
201 5.734142405344755e-07
202 6.591542955902696e-07
203 6.199260838002374e-07
204 6.867241495456256e-07
205 5.94181869928434e-07
206 6.19960530912067e-07
207 7.173224503276288e-07
208 6.038575861566642e-07
209 6.841656272627006e-07
210 5.814152927996474e-07
211 6.537827630381798e-07
212 7.341315608755394e-07
213 6.943516837054631e-07
214 6.126389848759572e-07
215 7.019672807473398e-07
216 6.853063041489804e-07
217 5.391673312260536e-07
218 6.416837550204946e-07
219 6.91953687237401e-07
220 6.398184382305772e-07
221 7.214799779831083e-07
222 6.400709935405757e-07
223 6.060948862796067e-07
224 5.86398130053567e-07
225 5.812059384879831e-07
226 6.368717890836706e-07
227 5.651474452861294e-07
228 6.019981242388894e-07
229 7.313925038943125e-07
230 6.081755259401689e-07
231 5.504319915417e-07
232 6.385562869581918e-07
233 7.22263337138429e-07
234 6.077602279219718e-07
235 7.125811407604488e-07
236 6.512069603559212e-07
237 5.574431725108298e-07
238 6.344791358969815e-07
239 4.804367677024857e-07
240 6.355189725582022e-07
241 6.408325816664728e-07
242 6.828097411926137e-07
243 6.066367745916068e-07
244 6.332250563900743e-07
245 5.656547159560432e-07
246 5.726292329200078e-07
247 5.776700504611654e-07
248 6.336841238407942e-07
249 5.62638092560519e-07
250 6.544094048877014e-07
251 6.312880032055546e-07
252 5.773858333668613e-07
253 5.910293339184136e-07
254 6.775667884539871e-07
255 6.053983270248864e-07
256 6.095854132581735e-07
257 5.842106247655465e-07
258 5.415847681433661e-07
259 5.914356506764307e-07
260 6.588406336049957e-07
261 7.225637546071084e-07
262 6.290605938374938e-07
263 5.958954716334119e-07
264 5.695009690498409e-07
265 5.423539732873905e-07
266 7.123162504285574e-07
267 6.193232024997997e-07
268 6.15465921782743e-07
269 5.844643169439223e-07
270 5.694453193427762e-07
271 6.000963708174822e-07
272 5.80911546421703e-07
273 6.240371135390888e-07
274 5.678679713128076e-07
275 5.701812710867671e-07
276 7.304766995730461e-07
277 6.529015195155807e-07
278 6.005290629218507e-07
279 5.66098719900765e-07
280 5.012106498725188e-07
281 5.474496447277488e-07
282 6.014921609676094e-07
283 6.242270842449216e-07
284 4.830369562114356e-07
285 5.531368287847727e-07
286 6.144812232378172e-07
287 6.435309387597954e-07
288 6.178709099913249e-07
289 5.261410933599109e-07
290 6.391589977283729e-07
291 5.692294848813617e-07
292 5.024737674830249e-07
293 5.402262672760116e-07
294 5.857648943674576e-07
295 5.325223355612252e-07
296 5.252018127066549e-07
297 5.50266975096747e-07
298 5.062922241449996e-07
299 5.901932809138088e-07
