0 15.054842948913574
1 14.724964141845703
2 6.675784587860107
3 7.833307266235352
4 7.0709123611450195
5 5.257268905639648
6 1.612621784210205
7 1.950530767440796
8 2.886552333831787
9 3.120826244354248
10 0.994945228099823
11 1.6143064498901367
12 0.8427304625511169
13 1.2337242364883423
14 3.444758892059326
15 2.3740782737731934
16 3.949793577194214
17 1.830032229423523
18 1.488914132118225
19 0.9650523662567139
20 0.6099948883056641
21 0.38435977697372437
22 0.4589812159538269
23 0.32194027304649353
24 0.1505897343158722
25 0.10695295035839081
26 0.08281191438436508
27 0.08038211613893509
28 0.04959097504615784
29 0.04405796527862549
30 0.03429294750094414
31 0.025637729093432426
32 0.017590079456567764
33 0.012572277337312698
34 0.007835614494979382
35 0.00723092257976532
36 0.005821834318339825
37 0.004556025378406048
38 0.004101666621863842
39 0.0024497555568814278
40 0.003020485630258918
41 0.003843449056148529
42 0.0018898267298936844
43 0.0037271196488291025
44 0.004941626451909542
45 0.0015988611849024892
46 0.0017575968522578478
47 0.0013697423273697495
48 0.0016619315138086677
49 0.0009058676077984273
50 0.0008493782952427864
51 0.0008128766785375774
52 0.000944746658205986
53 0.0016498436452820897
54 0.0011369978310540318
55 0.0014586574397981167
56 0.0008661887259222567
57 0.0009788009338080883
58 0.0015168089885264635
59 0.0008477827068418264
60 0.0011688799131661654
61 0.000995952868834138
62 0.00041941236122511327
63 0.0003853302332572639
64 0.001307173166424036
65 0.0009964650962501764
66 0.0008062747656367719
67 0.0004511771840043366
68 0.0007294027018360794
69 0.0006383996806107461
70 0.0005380852962844074
71 0.0010052917059510946
72 0.0002162300661439076
73 0.00036285651731304824
74 0.0008053192286752164
75 0.00044049552525393665
76 0.00038503340329043567
77 0.000244929309701547
78 0.0003860366705339402
79 0.0004920013016089797
80 0.0003484532062429935
81 0.0006055640405975282
82 0.0003414398815948516
83 0.0005506165325641632
84 0.0009275022894144058
85 0.0008610721561126411
86 0.00015907328634057194
87 0.0009373247739858925
88 0.0004204140859656036
89 0.0007551693124696612
90 0.000378995988285169
91 0.00011531019845278934
92 0.0004042167856823653
93 0.00015728009748272598
94 0.0003727002185769379
95 0.00018788798479363322
96 0.000318869948387146
97 0.000416174327256158
98 0.00022032036213204265
99 0.00022361551236826926
100 0.00042020436376333237
101 0.0004429953405633569
102 0.0002836558560375124
103 0.00017242328613065183
104 0.00022997013002168387
105 0.00043804687447845936
106 0.00019656098447740078
107 0.0003112757403869182
108 0.00031828138162381947
109 0.0003446458140388131
110 0.00018551701214164495
111 0.00023609453637618572
112 0.0004212138301227242
113 8.096279634628445e-05
114 0.0002057525416603312
115 0.0002107033651554957
116 0.00011549949704203755
117 0.0003628259291872382
118 0.00035654453677125275
119 8.68463030201383e-05
120 0.00018050699145533144
121 0.00017552063218317926
122 0.0003993614809587598
123 0.00011511880438774824
124 0.0003148401156067848
125 0.00042673206189647317
126 0.00011278192687314004
127 0.00010829418897628784
128 0.00031310616759583354
129 0.000196134191355668
130 0.0002855307247955352
131 0.00014135337551124394
132 0.00025678149540908635
133 0.0001564103295095265
134 0.00034801827860064805
135 0.0003641544608399272
136 0.00017032782488968223
137 9.409258927917108e-05
138 0.00013627822045236826
139 0.00014290011313278228
140 0.00011089802865171805
141 0.0002906485751736909
142 0.00024783817934803665
143 0.00022604588593821973
144 7.5041942181997e-05
145 0.0001359177113045007
146 0.0001346842327620834
147 0.0003035978297702968
148 8.787705155555159e-05
149 5.7348130212631077e-05
150 0.00026937440270558
151 0.0001803931372705847
152 0.00016335690452251583
153 0.00016180469538085163
154 5.828605208080262e-05
155 0.00015036297554615885
156 0.00021443128935061395
157 9.885405597742647e-05
158 8.605758921476081e-05
159 8.409302245127037e-05
160 0.0001633154897717759
161 0.00011934878421016037
162 0.00018877130059991032
163 0.00016921688802540302
164 0.00016090022108983248
165 7.409882528008893e-05
166 0.00010478304466232657
167 0.00011503606219775975
168 0.00023512085317634046
169 8.137580880429596e-05
170 5.3139152441872284e-05
171 6.225585093488917e-05
172 0.00019794866966549307
173 0.00014226380153559148
174 8.785268437350169e-05
175 0.00011467383592389524
176 0.00010693706281017512
177 0.00026572137721814215
178 8.337242616107687e-05
179 9.712450992083177e-05
180 7.41073745302856e-05
181 6.700555240968242e-05
182 0.0001245586172444746
183 0.0001866358215920627
184 0.00016449765826109797
185 8.302602509502321e-05
186 7.07056387909688e-05
187 7.399675087071955e-05
188 9.84824073384516e-05
189 0.0001843440841184929
190 0.0001430913689546287
191 0.00015844170411583036
192 6.939738523215055e-05
193 7.304772589122877e-05
194 8.915475336834788e-05
195 7.391627150354907e-05
196 5.4381871450459585e-05
197 0.00010344871407141909
198 6.943853077245876e-05
199 0.0001683542795944959
200 0.00011635425471467897
201 7.760923472233117e-05
202 0.0001538574433652684
203 0.0001142213077400811
204 9.510974632576108e-05
205 6.561247573699802e-05
206 0.00015390082262456417
207 0.00010899821791099384
208 0.00018802523845806718
209 7.699680281803012e-05
210 7.005070801824331e-05
211 2.339118145755492e-05
212 0.00016806789790280163
213 0.00010108062997460365
214 6.914843106642365e-05
215 8.005091513041407e-05
216 6.686996493954211e-05
217 6.366703019011766e-05
218 0.0001756714773364365
219 0.0001327368663623929
220 9.304406557930633e-05
221 9.528957889415324e-05
222 0.00010736021067714319
223 6.611587014049292e-05
224 9.084615885512903e-05
225 8.35907703731209e-05
226 0.00010596185165923089
227 0.00019532973237801343
228 7.328488572966307e-05
229 0.00010387670045020059
230 8.76899212016724e-05
231 0.00012426494504325092
232 6.877716805320233e-05
233 8.770445128902793e-05
234 7.571006426587701e-05
235 5.5122603953350335e-05
236 9.115078864851967e-05
237 0.00010391690739197657
238 0.00023242425231728703
239 5.554314702749252e-05
240 7.895284215919673e-05
241 3.3147742215078324e-05
242 0.0002304207591805607
243 2.480656621628441e-05
244 7.370104140136391e-05
245 7.504304085159674e-05
246 9.642143413657323e-05
247 8.24358212412335e-05
248 8.074016659520566e-05
249 6.775582733098418e-05
250 6.367553578456864e-05
251 7.796600402798504e-05
252 0.0001247873151442036
253 5.840622179675847e-05
254 8.043331763474271e-05
255 0.00010974198812618852
256 5.166431947145611e-05
257 3.6001485568704084e-05
258 0.00012793361383955926
259 0.00012657702609430999
260 0.00020704961207229644
261 0.00023477856302633882
262 0.00015188982069958001
263 0.00011233971599722281
264 0.00025542679941281676
265 8.174536924343556e-05
266 0.00012873936793766916
267 7.993402687134221e-05
268 3.23664462484885e-05
269 4.253347287885845e-05
270 9.18483710847795e-05
271 4.4184900616528466e-05
272 7.36086440156214e-05
273 6.112377013778314e-05
274 6.276428030105308e-05
275 5.251087713986635e-05
276 7.478497718693689e-05
277 6.040694279363379e-05
278 0.00028766924515366554
279 9.376178059028462e-05
280 4.2917203245451674e-05
281 0.0001069793725037016
282 4.7135115892160684e-05
283 2.902875712607056e-05
284 4.4238629925530404e-05
285 9.032047091750428e-05
286 6.076110730646178e-05
287 6.315271457424387e-05
288 4.005843948107213e-05
289 3.2063122489489615e-05
290 4.409790562931448e-05
291 1.9878729290212505e-05
292 0.00019351985247340053
293 0.00010530497820582241
294 0.0001132095349021256
295 0.000153417800902389
296 4.652708594221622e-05
297 7.916506729088724e-05
298 8.166372572304681e-05
299 4.24632198701147e-05
300 6.31522125331685e-05
301 8.167813211912289e-05
302 3.848937922157347e-05
303 0.00022603724210057408
304 0.00020200220751576126
305 4.740412987302989e-05
306 4.035540041513741e-05
307 0.00012262616655789316
308 0.00011572527728276327
309 7.876580639276654e-05
310 5.05005446029827e-05
311 2.6254221666022204e-05
312 2.6026680643553846e-05
313 5.496048470376991e-05
314 4.860259286942892e-05
315 0.00014548301987815648
316 6.837225373601541e-05
317 5.5318821978289634e-05
318 0.00011329678818583488
319 9.047762432601303e-05
320 8.841293310979381e-05
321 0.00011447109864093363
322 8.709467510925606e-05
323 6.75194023642689e-05
324 3.123466740362346e-05
325 0.00011052699119318277
326 0.0001374077401123941
327 0.000226159390877001
328 4.7847766836639494e-05
329 7.43905984563753e-05
330 9.200207568937913e-05
331 7.313308015000075e-05
332 3.7246216379571706e-05
333 3.264379483880475e-05
334 6.202729855431244e-05
335 5.956204404355958e-05
336 4.4631149648921564e-05
337 6.456268602050841e-05
338 6.473370012827218e-05
339 4.678839832195081e-05
340 5.764701927546412e-05
341 5.819863872602582e-05
342 4.4648586481343955e-05
343 0.00012511853128671646
344 0.00011285718210274354
345 8.870332385413349e-05
346 5.459530802909285e-05
347 4.39241666754242e-05
348 6.347938324324787e-05
349 8.290798723464832e-05
350 0.00020686730567831546
351 4.305187030695379e-05
352 9.369594772579148e-05
353 6.32719456916675e-05
354 5.145594695932232e-05
355 0.0002385410771239549
356 5.32167250639759e-05
357 7.61730843805708e-05
358 2.8855512937298045e-05
359 1.7588065020390786e-05
360 6.047887654858641e-05
361 4.7927347623044625e-05
362 7.41341063985601e-05
363 1.1010739399353042e-05
364 3.7747027818113565e-05
365 3.8194200897123665e-05
366 6.487025530077517e-05
367 5.609051731880754e-05
368 6.163358921185136e-05
369 0.00010221559932688251
370 8.880662790033966e-05
371 0.00011273517884546891
372 7.045123493298888e-05
373 0.00011536567035363987
374 6.789241888327524e-05
375 1.8098031432600692e-05
376 0.00011415314656915143
377 0.00015518040163442492
378 8.30095013952814e-05
379 4.603885463438928e-05
380 5.006095307180658e-05
381 4.6963501517893746e-05
382 4.125552732148208e-05
383 4.4446016545407474e-05
384 4.1077477362705395e-05
385 6.709225999657065e-05
386 4.3205724068684503e-05
387 9.223502274835482e-05
388 7.770966476527974e-05
389 6.604007649002597e-05
390 0.0001096082414733246
391 8.94726108526811e-05
392 3.153979923808947e-05
393 7.423451461363584e-05
394 6.89840380800888e-05
395 8.877943764673546e-05
396 8.989340130938217e-05
397 3.371248749317601e-05
398 8.700111357029527e-05
399 7.00544987921603e-05
400 8.283310307888314e-05
401 4.464504308998585e-05
402 0.00012098627485102043
403 0.00014925598225090653
404 7.426699448842555e-05
405 3.678574648802169e-05
406 0.0001355241984128952
407 0.0005534815136343241
408 6.199526251293719e-05
409 0.0001291288499487564
410 0.00014106271555647254
411 6.030231452314183e-05
412 0.00017035753990057856
413 8.203023025998846e-05
414 0.0001449007831979543
415 6.917025166330859e-05
416 0.00014642663882113993
417 0.00024082287563942373
418 0.00018189199909102172
419 0.0001388204691465944
420 7.092090527294204e-05
421 8.090925257420167e-05
422 0.00017492524057161063
423 0.00019840698223561049
424 2.3649890863453038e-05
425 0.00011628304491750896
426 6.873361417092383e-05
427 0.00010879568435484543
428 0.00025372966774739325
429 0.00011405470286263153
430 0.00013126441626809537
431 7.364367047557607e-05
432 9.247487469110638e-05
433 3.467535134404898e-05
434 0.00021745880076196045
435 0.0001113662074203603
436 2.5298715627286583e-05
437 4.2552950617391616e-05
438 0.00030791439348831773
439 0.0007186485454440117
440 0.00029714321135543287
441 0.0004543363756965846
442 0.0008561078575439751
443 0.0006329910829663277
444 0.00016859796596691012
445 0.00021126643696334213
446 0.00018114123668055981
447 0.00011656554124783725
448 0.00012492432142607868
449 0.00016607253928668797
450 0.00027383622364141047
451 9.748656157171354e-05
452 0.0001755706762196496
453 9.669983410276473e-05
454 0.00020092714112251997
455 3.260778248659335e-05
456 6.136278534540907e-05
457 9.356543887406588e-05
458 2.7036337996833026e-05
459 7.081602234393358e-05
460 0.00011006582644768059
461 0.00011991104838671163
462 0.00038495127228088677
463 0.0011206590570509434
464 0.005538532044738531
465 0.010966191999614239
466 0.02782885730266571
467 0.0048341937363147736
468 0.0015579506289213896
469 0.0022342614829540253
470 0.001972323516383767
471 0.0006898135179653764
472 0.0002960141282528639
473 0.0002345740795135498
474 0.0002768267586361617
475 0.00026889806031249464
476 0.00358927296474576
477 0.0015995174180716276
478 0.0004070528084412217
479 0.0005929103936068714
480 0.0009489043150097132
481 0.000723134377039969
482 0.00019685023289639503
483 0.00020988738106098026
484 0.00011886793072335422
485 3.081115573877469e-05
486 5.7697947340784594e-05
487 8.244658238254488e-05
488 0.0001802576007321477
489 0.0001862734352471307
490 0.00010791391105158255
491 7.877070311224088e-05
492 0.00020012524328194559
493 0.00012986824731342494
494 0.0001900148781714961
495 8.716264710528776e-05
496 0.00025343900779262185
497 9.439892892260104e-05
498 7.494830788346007e-05
499 7.593518239445984e-05
500 0.0001288119819946587
501 8.767144754529e-05
502 8.266962686320767e-05
503 9.561417391523719e-05
504 0.00015386671293526888
505 9.73373680608347e-05
506 0.00010048310650745407
507 6.731498433509842e-05
508 3.515103890094906e-05
509 0.00013432516425382346
510 5.76667589484714e-05
511 0.00011213115794816986
512 6.172680878080428e-05
513 7.881504279794171e-05
514 0.0001836860756156966
515 0.00020423067326191813
516 0.0005398133071139455
517 0.0016930227866396308
518 0.00035214057425037026
519 0.0005587692721746862
520 0.004225706681609154
521 0.0013803028268739581
522 0.0024064877070486546
523 0.004009944852441549
524 0.0018232897855341434
525 0.001438723411411047
526 0.004102559294551611
527 0.001462262007407844
528 0.0015068574575707316
529 0.0035305432975292206
530 0.0023260724265128374
531 0.004229798913002014
532 0.001543165068142116
533 0.0008763317600823939
534 0.00022709699987899512
535 0.0005886133876629174
536 0.000377634511096403
537 0.0008147030021063983
538 0.008636458776891232
539 0.002880488522350788
540 0.0010165235726162791
541 0.0002923021384049207
542 0.00017005362315103412
543 0.00020610284991562366
544 0.00017873708566185087
545 5.7270801335107535e-05
546 0.00017122659482993186
547 0.000451969972345978
548 0.0018100374145433307
549 0.001264314167201519
550 0.00024263293016701937
551 0.0006694902549497783
552 0.00046513834968209267
553 0.0007256172830238938
554 0.0004957903292961419
555 8.439968223683536e-05
556 5.8516649005468935e-05
557 6.729344750056043e-05
558 6.951011891942471e-05
559 6.160664634080604e-05
560 4.69592705485411e-05
561 7.783405453665182e-05
562 0.00012123776104999706
563 4.787238867720589e-05
564 5.018117371946573e-05
565 0.00013580769882537425
566 0.0004771900421474129
567 0.000665751751512289
568 0.0005727125681005418
569 0.000847787014208734
570 0.00030733318999409676
571 0.004958112724125385
572 0.0018877899274230003
573 0.017281435430049896
574 0.008596478961408138
575 0.0034006836358457804
576 0.008288739249110222
577 0.0054609645158052444
578 0.004071054980158806
579 0.001798277604393661
580 0.0008377207559533417
581 0.0002894666977226734
582 0.0009266576380468905
583 0.00045311471330933273
584 8.280073234345764e-05
585 0.00021376645599957556
586 7.743431342532858e-05
587 6.76206182106398e-05
588 9.906191553454846e-05
589 3.7026660720584914e-05
590 6.683292303932831e-05
591 8.550229540560395e-05
592 7.111920422175899e-05
593 0.00011431059829192236
594 5.549430352402851e-05
595 9.19593294383958e-05
596 4.030459240311757e-05
597 4.725703547592275e-05
598 3.245889092795551e-05
599 1.194499600387644e-05
600 2.5376681151101366e-05
601 2.373692041146569e-05
602 0.00010871228732867166
603 4.00854587496724e-05
604 8.053463534452021e-05
605 0.00041593521018512547
606 0.00012546342622954398
607 0.00029839848866686225
608 0.0001426541421096772
609 0.0009206889662891626
610 0.0011894770432263613
611 0.008678850717842579
612 0.007860733196139336
613 0.0023898181971162558
614 0.00447979336604476
615 0.0009333416819572449
616 0.0004897763719782233
617 0.00039882020791992545
618 0.00026792692369781435
619 0.0005653162370435894
620 0.000242503359913826
621 0.0002116180694429204
622 0.00026823070948012173
623 0.0005353238666430116
624 0.010032976977527142
625 0.01001039333641529
626 0.002153240144252777
627 0.007727774325758219
628 0.0014065797440707684
629 0.0041825780645012856
630 0.008552978746592999
631 0.0030943178571760654
632 0.00526264775544405
633 0.019321708008646965
634 0.020389415323734283
635 0.020053528249263763
636 0.009173051454126835
637 0.0023549709003418684
638 0.0008535654633305967
639 0.0003534744610078633
640 0.00019583750690799206
641 0.00010549539001658559
642 5.0898750487249345e-05
643 3.518412268022075e-05
644 0.00013413545093499124
645 0.00012091398821212351
646 5.0848488172050565e-05
647 3.8397232856368646e-05
648 5.9427155065350235e-05
649 5.8818703109864146e-05
650 4.502607771428302e-05
651 6.113722338341177e-05
652 6.381265848176554e-05
653 5.7888533774530515e-05
654 2.8457257940317504e-05
655 8.187092316802591e-05
656 8.519110269844532e-05
657 6.081487299525179e-05
658 4.357253055786714e-05
659 1.6976242477539927e-05
660 5.934202272328548e-05
661 3.362556526553817e-05
662 4.0408584027318284e-05
663 3.494651537039317e-05
664 7.06693172105588e-05
665 0.0001225813030032441
666 2.939911064459011e-05
667 7.242365245474502e-05
668 2.5987868866650388e-05
669 2.164271063520573e-05
670 5.6851862609619275e-05
671 0.0001169660608866252
672 6.451491208281368e-05
673 0.0001343473413726315
674 5.409961522673257e-05
675 0.00021705884137190878
676 0.0004853974678553641
677 0.0002317102625966072
678 0.000246886775130406
679 2.606098132673651e-05
680 0.0002663876221049577
681 0.00030036800308153033
682 9.197347389999777e-05
683 0.00019288252224214375
684 6.650592695223168e-05
685 9.023461461765692e-05
686 5.735377635573968e-05
687 6.330757605610415e-05
688 0.00011112976790172979
689 0.00018156558508053422
690 0.00030833372147753835
691 9.831791976466775e-05
692 7.604631537105888e-05
693 0.00026033949689008296
694 0.00013979342475067824
695 0.0002931791532319039
696 0.0019095734460279346
697 0.008336248807609081
698 0.0022264975123107433
699 0.006733267568051815
700 0.0018039389979094267
701 0.002430247375741601
702 0.0021973128896206617
703 0.0007913387380540371
704 0.0005094972439110279
705 0.00019324416643939912
706 0.00027375653735361993
707 0.002339409664273262
708 0.0010378396837040782
709 0.0007185696740634739
710 0.0003436748229432851
711 0.00028962077340111136
712 0.00025221615214832127
713 3.322520205983892e-05
714 2.871506876545027e-05
715 5.963100920780562e-05
716 3.4931024856632575e-05
717 5.943928044871427e-05
718 0.00014106929302215576
719 0.00011642873141681775
720 0.0001652622886467725
721 0.00027088698698207736
722 0.000697211129590869
723 0.0003452794044278562
724 0.0015851381467655301
725 0.0006341702537611127
726 0.00012414518278092146
727 0.00014030137390363961
728 0.000330000912072137
729 0.00046485726488754153
730 0.00013064939412288368
731 0.00014561464195139706
732 0.00044524454278871417
733 0.0003412739606574178
734 0.001787630608305335
735 0.0008931430638767779
736 0.001049312762916088
737 0.003282964928075671
738 0.002807304263114929
739 0.0018236684845760465
740 0.006463988684117794
741 0.01983356662094593
742 0.0425586923956871
743 0.026323795318603516
744 0.03434585779905319
745 0.003583338111639023
746 0.0009721699170768261
747 0.0004231236525811255
748 0.0013124672695994377
749 0.0006567269447259605
750 0.0003059617301914841
751 0.0002306679671164602
752 9.795322694117203e-05
753 6.990908877924085e-05
754 6.0847916756756604e-05
755 7.718885171925649e-05
756 0.00017027916328515857
757 0.00025119358906522393
758 7.815047138137743e-05
759 4.946926492266357e-05
760 4.8727597459219396e-05
761 7.64993455959484e-05
762 0.00020387122640386224
763 8.355687168659642e-05
764 6.367085734382272e-05
765 4.0184495446737856e-05
766 4.763675315189175e-05
767 7.679109694436193e-05
768 3.295603528385982e-05
769 3.579634358175099e-05
770 9.763152775121853e-05
771 6.186899554450065e-05
772 8.314110164064914e-05
773 9.964239870896563e-05
774 5.0430800911271945e-05
775 1.7464461052441038e-05
776 4.3063620978500694e-05
777 1.9800019799731672e-05
778 0.00010661015403456986
779 6.943211337784305e-05
780 6.883656897116452e-05
781 0.00012375936785247177
782 7.369926606770605e-05
783 4.748055653180927e-05
784 0.00014248925435822457
785 0.00011091546912211925
786 0.00012196592433610931
787 0.00033499632263556123
788 0.0005126664182171226
789 0.0005141209694556892
790 0.0004779107985086739
791 0.0004821604525204748
792 0.0009313056943938136
793 0.0003141502966172993
794 0.0012659013736993074
795 0.0001759406877681613
796 8.711233385838568e-05
797 8.537189569324255e-05
798 0.00035738907172344625
799 0.00023706918000243604
800 0.0001915429747896269
801 0.00019829913799185306
802 0.0001737285201670602
803 0.00011988353071501479
804 0.00012070821685483679
805 0.0004212396452203393
806 0.00030274587334133685
807 0.00011479576642159373
808 5.825630432809703e-05
809 0.0003164987429045141
810 0.004526666831225157
811 0.130159392952919
812 0.015943367034196854
813 0.004286692012101412
814 0.009012235328555107
815 0.0036461225245147943
816 0.0012204642407596111
817 0.0029553764034062624
818 0.0007201643311418593
819 0.0030455205123871565
820 0.0009046245831996202
821 0.0011933849891647696
822 0.000614524120464921
823 0.0010362272150814533
824 0.00030546175548806787
825 0.0001379736786475405
826 6.801887502660975e-05
827 3.5198867408325896e-05
828 0.0001106554627767764
829 0.00020198377023916692
830 1.8496626580599695e-05
831 0.00023465500271413475
832 0.0006958868470974267
833 0.0004688190238084644
834 0.0004172420303802937
835 0.0009273787145502865
836 0.00017004219989757985
837 0.00020050401508342475
838 0.00016849087842274457
839 0.0001148423834820278
840 0.0001391405239701271
841 4.882602661382407e-05
842 4.496877591009252e-05
843 4.403098137117922e-05
844 6.87762803863734e-05
845 0.0001813661801861599
846 0.00021041576110292226
847 5.669933671015315e-05
848 7.623858255101368e-05
849 0.0002018325321841985
850 6.504037446575239e-05
851 0.00013829133240506053
852 5.817740748170763e-05
853 2.8962358555872925e-05
854 4.8680016334401444e-05
855 6.630379357375205e-05
856 9.896148549159989e-05
857 5.162683373782784e-05
858 5.21535002917517e-05
859 0.0001162749103968963
860 0.00012268628051970154
861 0.0002571342047303915
862 7.53006970626302e-05
863 0.00014869336155243218
864 0.0002565019822213799
865 0.00010694791126297787
866 7.334425754379481e-05
867 8.246515790233389e-05
868 4.34385183325503e-05
869 2.4191380362026393e-05
870 5.554295421461575e-05
871 0.00012027916818624362
872 7.328337233047932e-05
873 6.451782246585935e-05
874 0.00013620854588225484
875 0.00045051550841890275
876 0.000215618681977503
877 0.0003080838068854064
878 6.515133281936869e-05
879 7.709661440458149e-05
880 0.0019370918162167072
881 0.0030543336179107428
882 0.00038674595998600125
883 0.001098714885301888
884 0.0002044436987489462
885 0.00036556352279148996
886 0.00015911525406409055
887 0.0002278907340951264
888 8.042244735406712e-05
889 0.00031396010308526456
890 0.00017202568415086716
891 9.915003465721384e-05
892 0.00015654393064323813
893 0.00012395039084367454
894 0.00021242504590190947
895 7.543498213635758e-05
896 0.00013396216672845185
897 0.005434468388557434
898 0.02025451883673668
899 0.02896544709801674
900 0.021164679899811745
901 0.019107569009065628
902 0.038351863622665405
903 0.004714348819106817
904 0.01148366741836071
905 0.006790297571569681
906 0.0019988552667200565
907 0.0039745899848639965
908 0.0007137134089134634
909 0.0006867745541967452
910 0.00017280722386203706
911 0.0001227913744514808
912 0.0001394443679600954
913 0.00010769475920824334
914 0.00011076999362558126
915 7.218143582576886e-05
916 0.00013937195762991905
917 4.448278923518956e-05
918 6.213993037818e-05
919 0.00013767655764240772
920 6.679098441964015e-05
921 9.884615428745747e-05
922 6.981218757573515e-05
923 2.4638622562633827e-05
924 4.7321722377091646e-05
925 6.361367559293285e-05
926 0.00016662308189552277
927 4.816789805772714e-05
928 0.00013190097524784505
929 0.00024456216488033533
930 8.966445602709427e-05
931 9.129539103014395e-05
932 7.685789023526013e-05
933 0.0001877597242128104
934 0.0002320417552255094
935 0.00019365640764590353
936 0.00015233576414175332
937 7.729943172307685e-05
938 4.9836060497909784e-05
939 8.658137812744826e-05
940 0.0001328592625213787
941 0.0001293281529797241
942 0.00012793487985618412
943 2.6229781724396162e-05
944 5.0854730943683535e-05
945 3.867855411954224e-05
946 0.00014184224710334092
947 0.00018223804363515228
948 8.548940240871161e-05
949 0.00030613617855124176
950 0.0009138964815065265
951 0.0006264171679504216
952 0.000633958145044744
953 0.0006008053314872086
954 0.0003085837815888226
955 0.0003732094191946089
956 7.576035568490624e-05
957 0.00012771635374519974
958 0.00021550466772168875
959 0.0002189720398746431
960 0.00018462573643773794
961 0.0001706384791759774
962 0.0003309700987301767
963 0.000671565649099648
964 0.0001229660410899669
965 8.817660273052752e-05
966 0.000249898323090747
967 0.0004092486633453518
968 0.0002505156444385648
969 0.00025390126393176615
970 0.0015707089332863688
971 0.0010342051973566413
972 0.0005301788914948702
973 0.0002774453314486891
974 0.00028714752988889813
975 0.0002901996485888958
976 0.0001969545555766672
977 0.0002600407460704446
978 0.00020292372209951282
979 0.0003178088809363544
980 0.00015926381456665695
981 0.00013191363541409373
982 5.134016100782901e-05
983 0.00010442238999530673
984 5.7600827858550474e-05
985 9.794825018616393e-05
986 9.743065311340615e-05
987 0.000607563997618854
988 0.000323377491440624
989 0.0016290992498397827
990 0.02465418539941311
991 0.007097900845110416
992 0.0033077250700443983
993 0.0017460455419495702
994 0.003798062214627862
995 0.0006789524341002107
996 0.0006059302249923348
997 0.0005995890824124217
998 0.0008720802725292742
999 0.0007241237908601761
