0 50.266502380371094
1 21.36894416809082
2 9.890984535217285
3 10.47735595703125
4 6.6362433433532715
5 1.786644697189331
6 1.9701073169708252
7 12.903987884521484
8 0.13922029733657837
9 10.240180969238281
10 3.594879627227783
11 2.938814163208008
12 2.6428935527801514
13 2.213251829147339
14 1.6414982080459595
15 1.1637030839920044
16 0.46148478984832764
17 0.22171656787395477
18 0.08506666868925095
19 0.0556807741522789
20 0.04858419671654701
21 0.031025484204292297
22 0.0191936194896698
23 0.014920530840754509
24 0.012140948325395584
25 0.01089944876730442
26 0.01353148091584444
27 0.011848943307995796
28 0.008407440036535263
29 0.008372854441404343
30 0.008034533821046352
31 0.007604571525007486
32 0.00731737120077014
33 0.00699925422668457
34 0.00512462854385376
35 0.0050547076389193535
36 0.0065831709653139114
37 0.006125022657215595
38 0.0046257092617452145
39 0.0039054483640938997
40 0.003668116172775626
41 0.0037808276247233152
42 0.004621754866093397
43 0.0054911174811422825
44 0.0038136369548738003
45 0.0036870106123387814
46 0.0023079935926944017
47 0.002388684544712305
48 0.00189807522110641
49 0.0035962993279099464
50 0.0021790540777146816
51 0.002238632645457983
52 0.0019149021245539188
53 0.0012711038580164313
54 0.0013818187871947885
55 0.001691467477940023
56 0.0015168818645179272
57 0.002024164656177163
58 0.0011452656472101808
59 0.001646616728976369
60 0.0013568127760663629
61 0.0015804353170096874
62 0.0009698064532130957
63 0.0011103914584964514
64 0.0012377046514302492
65 0.000856739585287869
66 0.0014433260075747967
67 0.0012806366430595517
68 0.0009742480469867587
69 0.0008597205742262304
70 0.0013997332425788045
71 0.001037623849697411
72 0.000724479032214731
73 0.0007669434417039156
74 0.000841902568936348
75 0.001020216615870595
76 0.0004907793481834233
77 0.0006452130619436502
78 0.0007506374386139214
79 0.0009877561824396253
80 0.0007249456248246133
81 0.0004397470911499113
82 0.0006195484893396497
83 0.0007107401033863425
84 0.0009762619738467038
85 0.0007145642302930355
86 0.0007555503980256617
87 0.0005632842076011002
88 0.0008817574707791209
89 0.00043748284224420786
90 0.0003242409147787839
91 0.0006290285964496434
92 0.0005796145414933562
93 0.0003341504489071667
94 0.0006934272823855281
95 0.00044190030894242227
96 0.0006123058265075088
97 0.0003781950508709997
98 0.0004035403544548899
99 0.0004897264880128205
100 0.00021475230460055172
101 0.0004391894908621907
102 0.0004427530220709741
103 0.0004654371296055615
104 0.0003962596820201725
105 0.00042679818579927087
106 0.00029496120987460017
107 0.0007419936009682715
108 0.000459273811429739
109 0.000340637459885329
110 0.00032201572321355343
111 0.0003665458061732352
112 0.0002275437582284212
113 0.0002773817104753107
114 0.0003218111232854426
115 0.00021664705127477646
116 0.0004953150055371225
117 0.0005446493742056191
118 0.00024367347941733897
119 0.0003564139478839934
120 0.0002257854212075472
121 0.0002736810129135847
122 0.00029967440059408545
123 0.0001796394499251619
124 0.0003729352611117065
125 0.0003423680318519473
126 0.0004552621394395828
127 0.0002846275456249714
128 0.0003209725837223232
129 0.0002135597460437566
130 0.00017449968436267227
131 0.00035709445364773273
132 0.0002132856025127694
133 0.00012934398546349257
134 0.00016376716666854918
135 0.00041795155266299844
136 0.000176597066456452
137 0.00011166717013111338
138 0.0003460246662143618
139 0.00024381019466090947
140 0.00031174119794741273
141 0.000251645251410082
142 0.00010935880709439516
143 0.00015752663603052497
144 0.00023512645566370338
145 0.00024068228958640248
146 0.0003026057092938572
147 0.00023229411453939974
148 0.0001883339136838913
149 7.526430272264406e-05
150 0.00017838345956988633
151 0.00021635073062498122
152 0.0003392422804608941
153 0.0001088363496819511
154 0.00021405555889941752
155 0.0001992561446968466
156 0.0002364693209528923
157 0.0002443726116325706
158 0.00029447267297655344
159 0.0003950388927478343
160 0.0003694148035719991
161 0.00041031421278603375
162 0.0003435783146414906
163 0.0003682315000332892
164 0.00024921860313043
165 0.00038967072032392025
166 0.00034277469967491925
167 0.00019328921916894615
168 0.0002694450377020985
169 0.00026658570277504623
170 0.0001798050507204607
171 0.00026952053303830326
172 0.0005221018800511956
173 0.0004249532939866185
174 0.00028940275660715997
175 0.0003014174581039697
176 0.00023417365446221083
177 0.0003999436739832163
178 0.0002483812568243593
179 8.979894482763484e-05
180 0.00016012816922739148
181 0.00016443562344647944
182 0.00035879696952179074
183 0.00034374312963336706
184 0.0001899062335724011
185 0.00047901200014166534
186 0.0007144411210902035
187 0.0009130585822276771
188 0.0006658007623627782
189 0.00027320461231283844
190 0.00017454661428928375
191 0.00029890300356782973
192 0.0008911564946174622
193 0.00405516754835844
194 0.0003975013387389481
195 0.00016813873662613332
196 0.0010117271449416876
197 0.0006451908848248422
198 0.0001080676302080974
199 0.00031625377596355975
200 0.0002503905852790922
201 0.0001453244185540825
202 0.000245278119109571
203 0.00010253331129206344
204 0.00017545469745527953
205 0.0003295815840829164
206 0.001234898460097611
207 0.0001844617654569447
208 0.00011550314229680225
209 0.00014653356629423797
210 0.00024349393788725138
211 0.00026555731892585754
212 0.00025455813738517463
213 0.00019889425311703235
214 0.0002678985183592886
215 0.00023212966334540397
216 0.00013373588444665074
217 0.00021417064999695867
218 0.00017513390048407018
219 0.0003671515150927007
220 0.00017242210742551833
221 0.00018623186042532325
222 0.00023061252431944013
223 8.916320803109556e-05
224 0.0002686495427042246
225 0.00034055652213282883
226 0.0003815266245510429
227 0.0006471322849392891
228 0.00012731036986224353
229 8.433374750893563e-05
230 0.00021482309966813773
231 0.00029279160662554204
232 0.00024918612325564027
233 0.00018074522085953504
234 0.00014786937390454113
235 0.0001539725053589791
236 0.0001552080357214436
237 0.00014162874140311033
238 0.0003504275227896869
239 0.0002295578015036881
240 0.000719388946890831
241 0.0004921020590700209
242 0.0005024824058637023
243 0.00033388324663974345
244 0.0004281201690901071
245 0.0007123626419343054
246 0.001031098305247724
247 0.0002822486567310989
248 0.0001954507315531373
249 0.00023092111223377287
250 0.0008518361719325185
251 0.00012946261267643422
252 0.0001952706224983558
253 0.0014444412663578987
254 0.0018764970591291785
255 0.0005225172499194741
256 0.0003140717453788966
257 0.00024704888346605003
258 0.00018268359417561442
259 0.00015410149353556335
260 0.00013596330245491117
261 9.462054731557146e-05
262 6.368675531120971e-05
263 0.0001399527827743441
264 0.00014166784239932895
265 8.647622598800808e-05
266 0.00022557753254659474
267 0.000871399010065943
268 0.0006711509777233005
269 0.003118776250630617
270 0.002328622154891491
271 0.0013588073197752237
272 0.0005529504269361496
273 0.00033145927591249347
274 0.00022324813471641392
275 0.0002623906184453517
276 0.0002740252239163965
277 0.0003479153965599835
278 0.00025791878579184413
279 0.0018736483762040734
280 0.019821127876639366
281 0.0051242210902273655
282 0.004180101212114096
283 0.001230674795806408
284 0.00041238946141675115
285 0.0003127424279227853
286 0.00015873376105446368
287 0.00019993096066173166
288 0.00014177829143591225
289 0.00044192065251991153
290 0.0003339273389428854
291 0.000475022301543504
292 0.0004230900958646089
293 0.00023240972950588912
294 0.00032232794910669327
295 0.00013314516399987042
296 0.00025949167320504785
297 0.00018318844377063215
298 5.3286006732378155e-05
299 0.00015404715668410063
300 7.932379230624065e-05
301 0.0001438134495401755
302 0.00027372813201509416
303 0.00014250641106627882
304 8.35592218209058e-05
305 0.00011694587738020346
306 0.00020332126587163657
307 9.319449600297958e-05
308 5.74785444769077e-05
309 0.0001958577922778204
310 0.00012803160643670708
311 7.399345486192033e-05
312 9.849882189882919e-05
313 0.00015350160538218915
314 8.320486813317984e-05
315 0.00016096205217763782
316 0.00018573040142655373
317 0.00020409120770636946
318 0.0008158172713592649
319 0.0006586254457943141
320 0.0002394431212451309
321 9.115090506384149e-05
322 0.00013029473484493792
323 0.00028974778251722455
324 0.0003324652789160609
325 9.825129382079467e-05
326 0.00011858141078846529
327 0.0001898767368402332
328 0.00011602351150941104
329 6.355659570544958e-05
330 0.00021301198285073042
331 7.55520595703274e-05
332 0.00017606427718419582
333 0.0010395607678219676
334 0.0008459691889584064
335 0.0033740592189133167
336 0.0009428338380530477
337 0.00109284243080765
338 0.00038850720738992095
339 0.00012633128790184855
340 0.00014314796135295182
341 0.00038156728260219097
342 0.0008511646301485598
343 0.0003136218583676964
344 0.0003611291467677802
345 0.0007456020102836192
346 0.0016187779838219285
347 0.002972834277898073
348 0.0007310842047445476
349 0.00042004018905572593
350 0.0006683715619146824
351 0.0034853245597332716
352 0.0022345930337905884
353 0.002966232830658555
354 0.0011569870403036475
355 0.0021232657600194216
356 0.000657763855997473
357 0.0006538498564623296
358 0.0009949732339009643
359 0.0011677196016535163
360 0.0015634596347808838
361 0.0006579154869541526
362 0.0017648187931627035
363 0.00439242972061038
364 0.0008883813279680908
365 0.0004035098827444017
366 0.0003012101515196264
367 0.00010577173816272989
368 0.00022194962366484106
369 9.137846791418269e-05
370 6.543552444782108e-05
371 0.0004841950722038746
372 0.00030143707408569753
373 0.0004985404666513205
374 0.0008162796148099005
375 0.0008396902703680098
376 0.0003626196412369609
377 0.0004456989699974656
378 0.0003008161729667336
379 0.00020629270875360817
380 7.985079719219357e-05
381 0.00012398713442962617
382 5.5787706514820457e-05
383 6.508352817036211e-05
384 0.0003611186984926462
385 0.0002059588732663542
386 0.000477371591841802
387 0.00023103351122699678
388 0.0004188794700894505
389 0.0004314488614909351
390 0.0006792780477553606
391 0.002050878247246146
392 0.00031153071904554963
393 0.0007608107989653945
394 0.0010810993844643235
395 0.001818714663386345
396 0.0002812921302393079
397 0.0012576999142765999
398 0.005760522559285164
399 0.0027553820982575417
400 0.0004999557859264314
401 0.0007166284485720098
402 0.0003288396110292524
403 0.0006093461415730417
404 0.0007201692787930369
405 0.0001503232924733311
406 0.00017748343816492707
407 0.0001135615530074574
408 0.00016091825091280043
409 6.473690154962242e-05
410 5.3076742915436625e-05
411 0.00013823214976582676
412 0.00010264457523589954
413 6.53814131510444e-05
414 9.421306458534673e-05
415 0.00018164748325943947
416 0.0010023266077041626
417 0.0004951806040480733
418 0.00020129918993916363
419 0.00022802931198384613
420 0.00010771826782729477
421 0.000305327121168375
422 6.546107033500448e-05
423 8.48729905555956e-05
424 0.00015482446178793907
425 0.00023504078853875399
426 0.0003008744097314775
427 0.00014872741303406656
428 0.0003970362595282495
429 0.0002650223905220628
430 0.00043106527300551534
431 0.004116328898817301
432 0.0030531238298863173
433 0.0015820584958419204
434 0.003858312265947461
435 0.0005105325253680348
436 0.00032294978154823184
437 0.0005108101759105921
438 0.0003579392214305699
439 0.000178941831109114
440 0.00011848929716506973
441 0.000197721179574728
442 0.000378389231627807
443 0.0004174211935605854
444 0.00018813059432432055
445 0.00010689736518543214
446 0.0001258439151570201
447 0.0018383043352514505
448 0.0011652318062260747
449 0.0009727403521537781
450 0.0005878905649296939
451 0.0005911930347792804
452 0.0005881095421500504
453 0.0005543408915400505
454 0.00014523661229759455
455 0.005000561475753784
456 0.002207334153354168
457 0.002874158089980483
458 0.0016825556522235274
459 0.002419134136289358
460 0.0009205445530824363
461 0.0018546337960287929
462 0.00039376391214318573
463 0.0004363483458291739
464 0.0002385606785537675
465 0.0006506615318357944
466 0.00028604752151295543
467 0.0004683019360527396
468 0.001977820647880435
469 0.0006817398825660348
470 0.0005478734965436161
471 0.00043357262620702386
472 0.0005335818277671933
473 0.0003194236196577549
474 0.00010527127597015351
475 0.00011993687076028436
476 0.00023843103554099798
477 0.00017548070172779262
478 0.0001993087207665667
479 0.0003037058049812913
480 0.00013376276183407754
481 0.000178036410943605
482 0.000355012365616858
483 0.000336137309204787
484 0.0009191957069560885
485 8.212661487050354e-05
486 0.002235912485048175
487 0.0004697739495895803
488 0.00022301729768514633
489 7.6123425969854e-05
490 0.00021713807655032724
491 0.00038163899444043636
492 0.00016453844727948308
493 0.0004214570508338511
494 0.000637969293165952
495 0.0006110054673627019
496 0.0014983380679041147
497 0.0018891922663897276
498 0.0001887357939267531
499 0.0006775762885808945
500 0.0008886287687346339
501 0.00035148506867699325
502 0.00021240650676190853
503 0.000161932926857844
504 8.047911251196638e-05
505 0.00023685803171247244
506 0.00019807368516921997
507 0.0008367172558791935
508 0.000876466918271035
509 0.0007492989534512162
510 0.0017760482151061296
511 0.0005471725016832352
512 0.00013327556371223181
513 0.0002773756277747452
514 0.001594780944287777
515 0.001084849121980369
516 0.0006811156636103988
517 0.0007930798456072807
518 0.0004712053923867643
519 0.000251041172305122
520 0.0016060855705291033
521 0.0018929876387119293
522 0.0001877938339021057
523 0.00016682517889421433
524 0.0002004781417781487
525 0.00015322762192226946
526 3.541339538060129e-05
527 5.099851478007622e-05
528 0.00012033918028464541
529 0.00028892658883705735
530 0.00039531613583676517
531 0.00044049101416021585
532 9.73429050645791e-05
533 0.00010315133113181219
534 0.00046598067274317145
535 0.00022576746414415538
536 0.0008204919868148863
537 0.0008661544998176396
538 0.0011318024480715394
539 0.0005539510166272521
540 0.0011022042017430067
541 0.0051709008403122425
542 0.003334453795105219
543 0.006380402483046055
544 0.0004242499708198011
545 0.0005345693207345903
546 0.0014079774264246225
547 0.0011636321432888508
548 0.00011356570030329749
549 0.0002368183631915599
550 0.00017976514936890453
551 0.0003334414795972407
552 0.00020572511130012572
553 0.0001456329191569239
554 0.0002471908228471875
555 0.00016135655459947884
556 0.0004945177352055907
557 0.00024303955433424562
558 0.0003623801749199629
559 0.00036133104003965855
560 0.00045421853428706527
561 0.00018599598843138665
562 0.0006765801808796823
563 0.00010915682651102543
564 0.00021373244817368686
565 0.0008082876447588205
566 0.0008500028634443879
567 0.003265626262873411
568 0.0025566299445927143
569 0.0015803021378815174
570 0.005433944053947926
571 0.003964949864894152
572 0.0056059956550598145
573 0.0042069656774401665
574 0.0034019057638943195
575 0.0053285835310816765
576 0.002370751230046153
577 0.0014336711028590798
578 0.0008355802856385708
579 0.0003476756683085114
580 0.0007627659942954779
581 0.0003118366585113108
582 0.00035081550595350564
583 0.0006696235504932702
584 0.00037087983218953013
585 0.000243863309151493
586 0.00030198245076462626
587 0.002229363191872835
588 0.0011418417561799288
589 0.002455671550706029
590 0.0017194491811096668
591 0.0007017276366241276
592 0.00038661129656247795
593 0.0008749441476538777
594 0.0001473596494179219
595 0.00033204013016074896
596 0.0005554233794100583
597 0.000396540854126215
598 0.0003434541868045926
599 0.0003597014583647251
600 0.000386873260140419
601 0.0010254826629534364
602 0.00022351177176460624
603 0.00015449794591404498
604 8.262901974376291e-05
605 0.00010653118806658313
606 0.00019806144700851291
607 0.00021906429901719093
608 3.822020880761556e-05
609 0.0006531326216645539
610 4.926578185404651e-05
611 0.0002443186822347343
612 0.00021999809541739523
613 0.000518591667059809
614 6.672550807707012e-05
615 0.00021688906417693943
616 2.3279655579244718e-05
617 0.00012028159835608676
618 0.00016096436593215913
619 0.0001188222668133676
620 0.00010193009802605957
621 0.00013302512525115162
622 7.413884304696694e-05
623 0.0001679811830399558
624 5.7613462558947504e-05
625 0.00016232587222475559
626 0.00022673685452900827
627 4.069240458193235e-05
628 0.00013725647295359522
629 7.202609413070604e-05
630 9.428471093997359e-05
631 7.742326852167025e-05
632 8.601539593655616e-05
633 0.00026140548288822174
634 0.0012381330598145723
635 0.0004634561773855239
636 0.0008315170416608453
637 0.00047263939632102847
638 0.0012973089469596744
639 0.0009106328361667693
640 0.0004307401250116527
641 0.0004964476102031767
642 0.00021326648129615933
643 0.0001827144151320681
644 0.0012073707766830921
645 0.0020065989810973406
646 0.011913293972611427
647 0.0035054299514740705
648 0.008287967182695866
649 0.004114996641874313
650 0.015155769884586334
651 0.005466147791594267
652 0.0010616380022838712
653 0.0007737891282886267
654 0.0015390305779874325
655 0.00018821164849214256
656 0.00021404896688181907
657 0.00030034652445465326
658 0.0001851298293331638
659 0.00030743650859221816
660 0.00019963787053711712
661 0.00018944892508443445
662 5.446936120279133e-05
663 8.37613406474702e-05
664 9.07662688405253e-05
665 0.0001335869892500341
666 0.00019257674284745008
667 0.0004940099315717816
668 0.00013601417595054954
669 0.00043067228398285806
670 0.00020874134497717023
671 0.00017787684919312596
672 0.00010683795699151233
673 0.00017169237253256142
674 0.0004801151517312974
675 0.00033038819674402475
676 0.00042838844819925725
677 0.00022908563551027328
678 0.0002447874576319009
679 0.00010493760055396706
680 0.00011345230450388044
681 0.00012297663488425314
682 0.0007329511572606862
683 0.00011473646736703813
684 0.0003540912875905633
685 8.826919656712562e-05
686 7.642122363904491e-05
687 0.00015052335220389068
688 0.0010331938974559307
689 0.0007490714197047055
690 0.000856423401273787
691 0.0010730380890890956
692 0.003389696590602398
693 0.003601720556616783
694 0.00019273905490990728
695 0.0020793916191905737
696 0.001659050933085382
697 0.00015175399312283844
698 0.0004115469928365201
699 0.0006410881760530174
700 0.00048120893188752234
701 0.00016279477858915925
702 0.0003237903001718223
703 0.0004489861603360623
704 0.0007283250452019274
705 0.0007128429715521634
706 0.00037708040326833725
707 0.00038411622517742217
708 0.00015168404206633568
709 9.240818326361477e-05
710 8.170719229383394e-05
711 0.00021798457601107657
712 0.00019067112589254975
713 0.0007017544703558087
714 0.0004798634327016771
715 0.0056109558790922165
716 0.01046673208475113
717 0.00758369592949748
718 0.002727728569880128
719 0.0032331952825188637
720 0.001417615101672709
721 0.0010112945456057787
722 0.00042053632205352187
723 0.0005026095896027982
724 0.00025700274272821844
725 0.00018378427193965763
726 0.0008103605359792709
727 0.00034710983163677156
728 0.00016887868696358055
729 0.0010359488660469651
730 0.0002801748341880739
731 0.00032476146589033306
732 0.000134166213683784
733 0.00016075449821073562
734 0.00020400049106683582
735 7.684870070079342e-05
736 0.0003067396755795926
737 0.00031527262763120234
738 0.0002307824179297313
739 0.00010198150266660377
740 6.420567660825327e-05
741 0.00010236428352072835
742 0.0007487534894607961
743 0.0002948674082290381
744 0.0020147343166172504
745 0.0004213574866298586
746 0.0028828373178839684
747 0.0023021872621029615
748 0.006726722698658705
749 0.0016633402556180954
750 0.00069850665749982
751 0.0003866718616336584
752 0.00023042068642098457
753 0.00024133588885888457
754 0.00010539851064095274
755 0.00013588079309556633
756 0.0005763397202827036
757 0.001791235408745706
758 0.0022671823389828205
759 0.0011256573488935828
760 0.0003294203488621861
761 0.0010390348033979535
762 0.00036414829082787037
763 0.0001901688810903579
764 0.00019487226381897926
765 9.038962161866948e-05
766 0.0002312298893230036
767 0.0002903779095504433
768 7.286509207915515e-05
769 4.731151057058014e-05
770 0.0002168037899537012
771 0.00022236377117224038
772 0.0002594537800177932
773 0.00039355174521915615
774 0.000913173658773303
775 0.00017998622206505388
776 0.00024980842135846615
777 0.00012183756189187989
778 0.00020593241788446903
779 0.00043030476081185043
780 0.0002820845111273229
781 0.00026236314442940056
782 0.0001676791871432215
783 0.00022878435265738517
784 7.55942237447016e-05
785 0.00015696868649683893
786 0.0005614618421532214
787 0.0033888588659465313
788 0.011785868555307388
789 0.007242171093821526
790 0.0028205986600369215
791 0.0015993014676496387
792 0.003968100994825363
793 0.002511898521333933
794 0.0004956420743837953
795 0.0005411142483353615
796 0.000643580686300993
797 0.001183331711217761
798 0.000214689556742087
799 0.0004037126782350242
800 0.00039786568959243596
801 0.00030804163543507457
802 0.00011647443170659244
803 0.00023701066675130278
804 9.186941315419972e-05
805 0.0002627867797855288
806 0.00034374676761217415
807 0.00010631095938151702
808 0.000231496334890835
809 4.974708645022474e-05
810 0.00018551203538663685
811 0.0003807288012467325
812 0.00036292686127126217
813 0.0004902248620055616
814 0.001959709683433175
815 0.0005670477403327823
816 0.0010782260214909911
817 0.0004289153730496764
818 0.0002278384636156261
819 0.00019850554235745221
820 0.000351173453964293
821 0.0004032260039821267
822 0.0004100396472495049
823 0.00016873532149475068
824 0.0001862951321527362
825 0.00021023220324423164
826 0.00019108259584754705
827 0.0006344320136122406
828 0.00038816698361188173
829 0.00026254236581735313
830 0.0006567175150848925
831 0.000414832029491663
832 0.000493107654619962
833 0.0005792746669612825
834 0.000224373274249956
835 0.00010806492355186492
836 0.0001247898762812838
837 5.731155033572577e-05
838 0.0004725683538708836
839 0.0001488283451180905
840 0.0005052682245150208
841 0.000545723014511168
842 0.00042120576836168766
843 0.0009620446362532675
844 0.0005118153057992458
845 0.00013172125909477472
846 0.00017357012256979942
847 0.00023831581347621977
848 0.00017567739996593446
849 0.0002504147414583713
850 0.0007402285118587315
851 0.000601474370341748
852 0.0002294919395353645
853 0.0002695254806894809
854 0.00025555770844221115
855 0.0005268427194096148
856 0.00019021317712031305
857 0.0008558503468520939
858 0.002508724806830287
859 0.001124005764722824
860 0.0026517012156546116
861 0.0012651649303734303
862 0.000800265755970031
863 0.0012769276509061456
864 0.0009346604929305613
865 0.000817165186163038
866 0.0004910751013085246
867 0.00035374151775613427
868 0.0003960084868595004
869 0.000277154118521139
870 0.0006900365697219968
871 0.0010832883417606354
872 0.0015140052419155836
873 0.0003143856883980334
874 0.000769200618378818
875 0.0005058202659711242
876 0.0006055822595953941
877 0.0006060211453586817
878 0.0007736508268862963
879 0.00022054226428736
880 0.0006618607440032065
881 0.0013512283330783248
882 0.00020059650705661625
883 0.0004543328541330993
884 0.0003929247031919658
885 0.0008159229182638228
886 0.0013244720175862312
887 0.001959176268428564
888 0.0009101508185267448
889 0.0008765306556597352
890 0.00038824384682811797
891 0.0001968163560377434
892 0.0002347711706534028
893 0.0003152554272674024
894 0.00014712339907418936
895 0.000200363589101471
896 0.00015785335563123226
897 0.0003639423521235585
898 0.0002909367030952126
899 0.00038691068766638637
900 0.00037102619535289705
901 0.0001821976766223088
902 0.0006539164460264146
903 0.0009380329865962267
904 0.0006351139163598418
905 0.00039488531183451414
906 0.00019526258984114975
907 0.000304074608720839
908 0.00025607520365156233
909 0.00048301281640306115
910 0.0001616722292965278
911 0.0001738720020512119
912 0.00019822914327960461
913 0.000519250170327723
914 0.00040542802889831364
915 0.00047620522673241794
916 0.0001928946003317833
917 0.00022303327568806708
918 0.00022292969515547156
919 0.00035370452678762376
920 0.0011008589062839746
921 0.0034956499002873898
922 0.0009261074010282755
923 0.00033673219149932265
924 0.0005269935936667025
925 0.0008709147805348039
926 0.00022521064965985715
927 0.00043149295379407704
928 0.0014865732518956065
929 0.0005311113782227039
930 0.0005761735374107957
931 0.0007989382720552385
932 0.0003994555736426264
933 0.0020458889193832874
934 0.0010228819446638227
935 0.0008859160006977618
936 0.00031292805215343833
937 0.0005450968747027218
938 0.00011360139615135267
939 0.00039497556281276047
940 0.00012440644786693156
941 0.0002503721625544131
942 0.0001902797375805676
943 0.00022211694158613682
944 0.0015315735945478082
945 0.0005741877830587327
946 0.0019715118687599897
947 0.0030299106147140265
948 0.002060145838186145
949 0.0006185946986079216
950 0.0005031547043472528
951 0.0004525594413280487
952 0.0005559148266911507
953 0.0005190444644540548
954 0.00045061708078719676
955 0.00019230259931646287
956 0.0003770948969759047
957 0.00042651151306927204
958 0.0006543458439409733
959 0.000843723479192704
960 0.004358966369181871
961 0.0006220049690455198
962 0.00032165259472094476
963 0.0011285216314718127
964 0.0003468332579359412
965 0.00020947000302840024
966 0.00030440185219049454
967 0.0003354093641974032
968 0.0002173892135033384
969 0.00020874191250186414
970 0.0001701771980151534
971 0.00021362144616432488
972 0.00012098802835680544
973 8.438417717115954e-05
974 8.076523226918653e-05
975 0.00012486614286899567
976 0.0009323573904111981
977 0.0002080968115478754
978 0.0018383809365332127
979 0.000718513154424727
980 0.0002669780806172639
981 0.000669019587803632
982 0.0004948228597640991
983 0.000181304567377083
984 0.00013628497254103422
985 0.0007643613498657942
986 0.0005733705474995077
987 0.00014086891314946115
988 0.0003830713976640254
989 0.00011689306847983971
990 0.0001976580824702978
991 0.0003635562607087195
992 0.00012346648145467043
993 0.00034630674053914845
994 0.00023710685491096228
995 0.001361220725812018
996 0.000201158007257618
997 0.00015580127364955842
998 0.00029366780654527247
999 0.00018223363440483809
