0 122.82604217529297
1 90.85358428955078
2 80.40758514404297
3 46.2646598815918
4 31.17882537841797
5 20.63718605041504
6 19.29741668701172
7 12.57009220123291
8 11.148713111877441
9 4.042587757110596
10 7.1995344161987305
11 3.396516799926758
12 2.9267358779907227
13 2.6865954399108887
14 3.8931524753570557
15 3.9697506427764893
16 5.706210136413574
17 1.399802803993225
18 4.582187652587891
19 3.990938186645508
20 7.102975845336914
21 5.474422931671143
22 9.160932540893555
23 3.185664653778076
24 2.277456045150757
25 1.995902419090271
26 3.4587900638580322
27 2.3705861568450928
28 0.8292243480682373
29 2.61617374420166
30 2.026153802871704
31 1.4015555381774902
32 1.1111263036727905
33 0.4763002395629883
34 2.776362180709839
35 1.014623761177063
36 1.108975887298584
37 0.9664129018783569
38 0.3273119330406189
39 1.2442575693130493
40 0.9825100898742676
41 0.6275658011436462
42 0.5535002946853638
43 1.0978093147277832
44 0.6135724782943726
45 0.45046475529670715
46 0.8883071541786194
47 0.4013831615447998
48 0.3170718252658844
49 0.44201403856277466
50 0.2989637851715088
51 0.31487858295440674
52 0.11519018560647964
53 0.20066167414188385
54 0.2222040891647339
55 0.2535465955734253
56 0.3396397829055786
57 0.21728743612766266
58 0.21589794754981995
59 0.17240402102470398
60 0.15080979466438293
61 0.11777789890766144
62 0.09863872826099396
63 0.09280498325824738
64 0.10505042225122452
65 0.08030172437429428
66 0.07345940917730331
67 0.07218033075332642
68 0.08267904072999954
69 0.09870819002389908
70 0.07754909247159958
71 0.06433893740177155
72 0.06930044293403625
73 0.05591880530118942
74 0.055586423724889755
75 0.06197070702910423
76 0.057732366025447845
77 0.05092699080705643
78 0.08104118704795837
79 0.05143366754055023
80 0.04742186889052391
81 0.05126350000500679
82 0.03081119805574417
83 0.03358412906527519
84 0.03422151133418083
85 0.03337085247039795
86 0.02306499518454075
87 0.024734079837799072
88 0.029657762497663498
89 0.020041005685925484
90 0.02266024425625801
91 0.009515628218650818
92 0.01825721189379692
93 0.015257312916219234
94 0.02245853655040264
95 0.011745340190827847
96 0.016413342207670212
97 0.012698378413915634
98 0.016764556989073753
99 0.011740872636437416
100 0.020267285406589508
101 0.013602945022284985
102 0.008045682683587074
103 0.013576662167906761
104 0.007901842705905437
105 0.013499465771019459
106 0.011713099665939808
107 0.005634608678519726
108 0.010503768920898438
109 0.014099344611167908
110 0.010837647132575512
111 0.01794944517314434
112 0.0058283316902816296
113 0.004535817541182041
114 0.013923397287726402
115 0.00762097118422389
116 0.0066040270030498505
117 0.004847065079957247
118 0.0033411523327231407
119 0.009235715493559837
120 0.011670442298054695
121 0.002980720717459917
122 0.010797714814543724
123 0.009642835706472397
124 0.005289532709866762
125 0.006130711175501347
126 0.010400178842246532
127 0.007510640658438206
128 0.0031650904566049576
129 0.01042202115058899
130 0.006995596457272768
131 0.0114595340564847
132 0.006775286979973316
133 0.005292678251862526
134 0.007724652998149395
135 0.0036453271750360727
136 0.00876060500741005
137 0.004801237490028143
138 0.003677930450066924
139 0.011112309992313385
140 0.005729201715439558
141 0.003581977915018797
142 0.010024459101259708
143 0.006326455157250166
144 0.004476466216146946
145 0.006625978741794825
146 0.006228165235370398
147 0.004984633531421423
148 0.005257489625364542
149 0.0033220399636775255
150 0.004355986602604389
151 0.00446536298841238
152 0.0073785302229225636
153 0.006146904546767473
154 0.0051434035412967205
155 0.004614742938429117
156 0.007136504631489515
157 0.01129978522658348
158 0.002805895870551467
159 0.0042181494645774364
160 0.007482894230633974
161 0.007050255313515663
162 0.008207635954022408
163 0.0033303480595350266
164 0.00418053800240159
165 0.003907678183168173
166 0.0036119462456554174
167 0.0045916372910141945
168 0.0036916143726557493
169 0.004289411008358002
170 0.00457027368247509
171 0.006708316970616579
172 0.0037132881116122007
173 0.0029947564471513033
174 0.0028903200291097164
175 0.005100622773170471
176 0.00447035301476717
177 0.0034445032943040133
178 0.005789691116660833
179 0.003994074650108814
180 0.004046364687383175
181 0.004616261925548315
182 0.0028206792194396257
183 0.0022300402633845806
184 0.005634646862745285
185 0.004452693276107311
186 0.004976561293005943
187 0.0023678368888795376
188 0.003017755225300789
189 0.003058393718674779
190 0.005309564992785454
191 0.0030503387097269297
192 0.004288358148187399
193 0.0020706551149487495
194 0.003242822829633951
195 0.004440617747604847
196 0.0055765993893146515
197 0.004127071239054203
198 0.0037763637956231833
199 0.004071208648383617
200 0.004515238106250763
201 0.007365233730524778
202 0.0026214364916086197
203 0.002563196001574397
204 0.006073980126529932
205 0.001486381166614592
206 0.005358485039323568
207 0.0064452639780938625
208 0.003840539837256074
209 0.004840198438614607
210 0.002680883277207613
211 0.0036310795694589615
212 0.003860396333038807
213 0.004548306576907635
214 0.004138906020671129
215 0.004469006322324276
216 0.003402297617867589
217 0.0022011781111359596
218 0.004266669042408466
219 0.003975848667323589
220 0.0016985115362331271
221 0.0026746971998363733
222 0.0004841179761569947
223 0.003178742015734315
224 0.0029756994917988777
225 0.0018386769806966186
226 0.0050857518799602985
227 0.0023398359771817923
228 0.0033447877503931522
229 0.0020959770772606134
230 0.0012490071821957827
231 0.004166583064943552
232 0.0036276238970458508
233 0.002510540885850787
234 0.0021295049227774143
235 0.0021812845952808857
236 0.001727263443171978
237 0.002995504066348076
238 0.0023467678111046553
239 0.005790214519947767
240 0.001520294463261962
241 0.002256805310025811
242 0.002018947387114167
243 0.002576869446784258
244 0.0015853082295507193
245 0.0033925995230674744
246 0.0019310297211632133
247 0.0012898716377094388
248 0.001363647053949535
249 0.0015312341274693608
250 0.002331180963665247
251 0.0026844218373298645
252 0.0038919844664633274
253 0.0026785293594002724
254 0.0011161493603140116
255 0.0022800720762461424
256 0.0045690289698541164
257 0.002228822559118271
258 0.00137668929528445
259 0.0014465394197031856
260 0.001415982493199408
261 0.0008406112901866436
262 0.002502992283552885
263 0.001962367445230484
264 0.0010712200310081244
265 0.001001535914838314
266 0.0009480523876845837
267 0.0013643179554492235
268 0.0021668379195034504
269 0.002356471959501505
270 0.002051139948889613
271 0.001980187138542533
272 0.0015014329692348838
273 0.0026589366607367992
274 0.001614960958249867
275 0.0018919717986136675
276 0.0018268226413056254
277 0.0016701786080375314
278 0.0012362352572381496
279 0.0009197884355671704
280 0.001388002885505557
281 0.0017549493350088596
282 0.0017757531022652984
283 0.000779402325861156
284 0.0021606788504868746
285 0.0015323349507525563
286 0.0014232659013941884
287 0.0020601716823875904
288 0.0013705225428566337
289 0.0017276490107178688
290 0.0012346189469099045
291 0.0014464168343693018
292 0.002378106117248535
293 0.0028234864585101604
294 0.0012018142733722925
295 0.0011794593883678317
296 0.00148648745380342
297 0.0016317969420924783
298 0.0010175578063353896
299 0.0024311605375260115
300 0.0013874057913199067
301 0.002863052999600768
302 0.0015379376709461212
303 0.002604539506137371
304 0.0007439033943228424
305 0.0016432879492640495
306 0.002111728535965085
307 0.0014428026042878628
308 0.0014932842459529638
309 0.00282853445969522
310 0.0007660730043426156
311 0.0012852988438680768
312 0.0019397945143282413
313 0.002589418087154627
314 0.0015062681632116437
315 0.0014375781174749136
316 0.0016051903367042542
317 0.0018653774168342352
318 0.0014740987680852413
319 0.0020258035510778427
320 0.0014944553840905428
321 0.0009278732468374074
322 0.002113071968778968
323 0.0014957704115658998
324 0.0007972719613462687
325 0.001781216822564602
326 0.0008570183999836445
327 0.001133448677137494
328 0.000999228679575026
329 0.0012875022366642952
330 0.0016868331003934145
331 0.0011952209752053022
332 0.00169298832770437
333 0.002263463567942381
334 0.0015901545993983746
335 0.000887156231328845
336 0.0016531210858374834
337 0.00353845558129251
338 0.0010399033781141043
339 0.003495798446238041
340 0.0016665140865370631
341 0.001208867528475821
342 0.0018189864931628108
343 0.0019704438745975494
344 0.0012782650301232934
345 0.0015024351887404919
346 0.001052959356456995
347 0.0009113203850574791
348 0.002381960628554225
349 0.0022841175086796284
350 0.00111874018330127
351 0.0014117663959041238
352 0.0004612530174199492
353 0.0010558810317888856
354 0.0014593934174627066
355 0.0015560748288407922
356 0.00048307838733308017
357 0.000689428299665451
358 0.0014594380045309663
359 0.0017789321718737483
360 0.001646576914936304
361 0.0009860418504104018
362 0.0016885886434465647
363 0.0007866603555157781
364 0.001368082594126463
365 0.0006169515545479953
366 0.0011326695093885064
367 0.001062055816873908
368 0.0009648546110838652
369 0.0018327207071706653
370 0.0015328205190598965
371 0.0005780050414614379
372 0.001444413443095982
373 0.0015657066833227873
374 0.0010634023929014802
375 0.0007693042862229049
376 0.0017782553331926465
377 0.0017737919697538018
378 0.001275653368793428
379 0.0014196910196915269
380 0.0006062384927645326
381 0.0015781049150973558
382 0.0006157474708743393
383 0.0011362965451553464
384 0.002062784507870674
385 0.001297157839871943
386 0.0016428298549726605
387 0.001395709696225822
388 0.0007187457522377372
389 0.0009275181218981743
390 0.0014261094620451331
391 0.0012582503259181976
392 0.0018486687913537025
393 0.0011525999289005995
394 0.0007258287514559925
395 0.001052247709594667
396 0.0015948936343193054
397 0.0016938962507992983
398 0.0016216214280575514
399 0.0008533791988156736
400 0.0024744023103266954
401 0.0018010727362707257
402 0.0011811874574050307
403 0.0005459899548441172
404 0.0009254832984879613
405 0.0017780029447749257
406 0.0008981396676972508
407 0.0011642902391031384
408 0.0009159325854852796
409 0.0011246309150010347
410 0.001287894556298852
411 0.0017955187940970063
412 0.0011841601226478815
413 0.0008120223064906895
414 0.00023031196906231344
415 0.0008875640342012048
416 0.0003933956322725862
417 0.0002491135965101421
418 0.0009856376564130187
419 0.0014936755178496242
420 0.000865412293933332
421 0.0008077617385424674
422 0.0012652657460421324
423 0.001695270766504109
424 0.0011263219639658928
425 0.0013795531122013927
426 0.0010985624976456165
427 0.0006246734410524368
428 0.0011421089293435216
429 0.0003413471858948469
430 0.0015504973707720637
431 0.0010115359909832478
432 0.0009612237918190658
433 0.0005955643719062209
434 0.0006979662575758994
435 0.0009789851028472185
436 0.0006703031831420958
437 0.0007910531712695956
438 0.000899743172340095
439 0.0011617100099101663
440 0.0007135701598599553
441 0.00027809065068140626
442 0.0009561429615132511
443 0.0012129618553444743
444 0.00137731758877635
445 0.0019390054512768984
446 0.0008933437638916075
447 0.0009624360245652497
448 0.0005922807031311095
449 0.0007448831456713378
450 0.0005590003565885127
451 0.0013882155762985349
452 0.001252669026143849
453 0.0014641222078353167
454 0.0007348018698394299
455 0.000880321254953742
456 0.0014637591084465384
457 0.0006042636232450604
458 0.0005044724675826728
459 0.0010613640770316124
460 0.0004376169526949525
461 0.0006468804785981774
462 0.0002547039184719324
463 0.0008460544631816447
464 0.0014369050040841103
465 0.0009398190304636955
466 0.0003875761467497796
467 0.00179346464574337
468 0.000851557997521013
469 0.00040737728704698384
470 0.000558155938051641
471 0.0002189967199228704
472 0.0006358716054819524
473 0.0008652156684547663
474 0.0023174842353910208
475 0.0006196241010911763
476 0.0008706749067641795
477 0.00048653321573510766
478 0.0012974244309589267
479 0.0009665011311881244
480 0.0010181966936215758
481 0.00040448643267154694
482 0.0011212654644623399
483 0.0008057942613959312
484 0.0008754119044169784
485 0.0006678287172690034
486 0.000752584426663816
487 0.0007613407797180116
488 0.0018214606679975986
489 0.000917056982871145
490 0.00019018931197933853
491 0.0008280919282697141
492 0.0006944898632355034
493 0.00047710732906125486
494 0.0007896634051576257
495 0.000941380625590682
496 0.0011770623968914151
497 0.0009777892846614122
498 0.0010196742368862033
499 0.0008567709592171013
500 0.0014756564050912857
501 0.0006145929801277816
502 0.0014904009876772761
503 0.0005758146289736032
504 0.0018338938243687153
505 0.0012812281493097544
506 0.0024212822318077087
507 0.003306318772956729
508 0.0009458368876948953
509 0.0014631416415795684
510 0.0014329837867990136
511 0.000803802628070116
512 0.0017250421224161983
513 0.001248513930477202
514 0.0009082580218091607
515 0.0007974522886797786
516 0.00043638385250233114
517 0.0007133964681997895
518 0.0008350800490006804
519 0.0007620173855684698
520 0.0007205309229902923
521 0.0011581775033846498
522 0.0006279461667872965
523 0.0004676140088122338
524 0.0005202344036661088
525 0.0006609077099710703
526 0.0012780135730281472
527 0.0010195010108873248
528 0.0008310039411298931
529 0.0010662851855158806
530 0.0014931072946637869
531 0.0006152458372525871
532 0.0008055857033468783
533 0.0005668452940881252
534 0.000588547030929476
535 0.0009174964507110417
536 0.0012659267522394657
537 0.0006435904651880264
538 0.00039542384911328554
539 0.0012001799186691642
540 0.0006448178319260478
541 0.0010278974659740925
542 0.0011326012900099158
543 0.00048319483175873756
544 0.0005572516238316894
545 0.000531875470187515
546 0.0006552576669491827
547 0.0009041737648658454
548 0.0008266477379947901
549 0.000331956020090729
550 0.0009021126898005605
551 0.00055175821762532
552 0.000836841412819922
553 0.001031449530273676
554 0.0006675852346234024
555 0.0014223844045773149
556 0.0004793561529368162
557 0.0006131261470727623
558 0.0010433921124786139
559 0.0005541041027754545
560 0.0007711283396929502
561 0.0008509502513334155
562 0.0008131954818964005
563 0.000873507175128907
564 0.0016802048776298761
565 0.0012548790546134114
566 0.00042809953447431326
567 0.0007406414952129126
568 0.0007088741404004395
569 0.0008824968244880438
570 0.001072843442671001
571 0.0007965623517520726
572 0.0012509278021752834
573 0.0008638636209070683
574 0.0010466614039614797
575 0.0004028784460388124
576 0.0011978390393778682
577 0.000488372752442956
578 0.0006104959174990654
579 0.0008871465106494725
580 0.0012757303193211555
581 0.0005626828060485423
582 0.0005166800110600889
583 0.000850699027068913
584 0.0007876686868257821
585 0.0005398981156758964
586 0.0007184616988524795
587 0.0012862052535638213
588 0.0007171618053689599
589 0.000978828058578074
590 0.001178121194243431
591 0.001081335125491023
592 0.0011918473755940795
593 0.0012867191107943654
594 0.0005700481124222279
595 0.0005498246755450964
596 0.000604303611908108
597 0.0006208181730471551
598 0.0007011075504124165
599 0.0008626761846244335
600 0.0006609097472392023
601 0.0012896578991785645
602 0.0010527275735512376
603 0.004599170293658972
604 0.002688728040084243
605 0.0015009869821369648
606 0.0008926666341722012
607 0.0004650345363188535
608 0.0005584846949204803
609 0.00029247612110339105
610 0.000428334140451625
611 0.0005240136524662375
612 0.0012067747302353382
613 0.001520177349448204
614 0.0009852946968749166
615 0.000708615523763001
616 0.0004063001833856106
617 0.0010972055606544018
618 0.0009715030901134014
619 0.0009684994583949447
620 0.0007032681605778635
621 0.0006965813226997852
622 0.0013572984607890248
623 0.0012431563809514046
624 0.000563492882065475
625 0.0007789979572407901
626 0.000739587820135057
627 0.0009285270934924483
628 0.0007502677035517991
629 0.0006650479044765234
630 0.0008793399902060628
631 0.0003606868558563292
632 0.0005128098418936133
633 0.00245389505289495
634 0.0003567399980966002
635 0.000666795764118433
636 0.001152234966866672
637 0.0012077308492735028
638 0.001293268403969705
639 0.0004709114145953208
640 0.001603109179995954
641 0.0007815317949280143
642 0.0008000537636689842
643 0.0007451955461874604
644 0.0008211421663872898
645 0.0013281636638566852
646 0.001088410266675055
647 0.0011253313859924674
648 0.00054175965487957
649 0.0007862974307499826
650 0.001263607176952064
651 0.0008716039592400193
652 0.0004087403358425945
653 0.0005802683299407363
654 0.00032986298901960254
655 0.0009638805058784783
656 0.0008648551302030683
657 0.0010099371429532766
658 0.0005569488275796175
659 0.0005292021669447422
660 0.0011101001873612404
661 0.0006982837221585214
662 0.0010288378689438105
663 0.001727841328829527
664 0.0007353934342972934
665 0.0009079131996259093
666 0.0010626938892528415
667 0.00041982551920227706
668 0.0008357443148270249
669 0.0012626765528693795
670 0.0010385705390945077
671 0.0009304960258305073
672 0.0004299620050005615
673 0.0009308775770477951
674 0.0014765551313757896
675 0.0006543260533362627
676 0.0009892856469377875
677 0.0010690621566027403
678 0.0005710714613087475
679 0.0013513753656297922
680 0.000611556984949857
681 0.0019292699871584773
682 0.001080698217265308
683 0.0005108924815431237
684 0.0007289167842827737
685 0.0011254362761974335
686 0.0008353032753802836
687 0.000380200071958825
688 0.0009240037761628628
689 0.0007538345525972545
690 0.0007519708597101271
691 0.0006231596926227212
692 0.000718449882697314
693 0.00027391454204916954
694 9.279460937250406e-05
695 0.00022971021826379
696 0.0006543970084749162
697 0.0003823177539743483
698 0.0005707840900868177
699 0.000615235767327249
700 0.0009571368573233485
701 0.0009012935333885252
702 0.0006355171208269894
703 0.000802655064035207
704 0.0009450832149013877
705 0.0018841426353901625
706 0.0007981711532920599
707 0.0006530997343361378
708 0.0021346942521631718
709 0.013740980066359043
710 0.006139271892607212
711 0.004109628032892942
712 0.0006940425955690444
713 0.0019574130419641733
714 0.0007653776556253433
715 0.0011506150476634502
716 0.0008164072060026228
717 0.00042097389814443886
718 0.0006653848104178905
719 0.0005323898512870073
720 0.001003617886453867
721 0.0010358537547290325
722 0.0002695661678444594
723 0.000722742872312665
724 0.0007749291835352778
725 0.0003928733931388706
726 0.0006002851878292859
727 0.0006334890495054424
728 0.0006470957305282354
729 0.00042635717545636
730 0.000622608931735158
731 0.000926510663703084
732 0.0012942614266648889
733 0.00022039280156604946
734 0.0004272283986210823
735 0.000789464742410928
736 0.0005281505291350186
737 0.0005170916556380689
738 0.0013692207867279649
739 0.00040645533590577543
740 0.0006436159601435065
741 0.0008714855066500604
742 0.0009069574298337102
743 0.00024938155547715724
744 0.0007985468255355954
745 0.0005878451047465205
746 0.0010263578733429313
747 0.0008762725628912449
748 0.0010302964365109801
749 0.0008235787390731275
750 0.000403412152081728
751 0.0010850608814507723
752 0.000884022272657603
753 0.0007277901750057936
754 0.0016201898688450456
755 0.001302459859289229
756 0.0005286812665872276
757 0.001108274795114994
758 0.00022069987608119845
759 0.0007541894447058439
760 0.0006116438889876008
761 0.0009722519316710532
762 0.0013676384696736932
763 0.0011095975060015917
764 0.0007662966381758451
765 0.0015373817877843976
766 0.0022006866056472063
767 0.0003863323072437197
768 0.0006598784239031374
769 0.0019638282246887684
770 0.0003886673366650939
771 0.000679518561810255
772 0.001063580042682588
773 0.0007579406956210732
774 0.0009427400655113161
775 0.0005865656421519816
776 0.0008123842417262495
777 0.001077815773896873
778 0.000896132318302989
779 0.0002567829214967787
780 0.0019067535176873207
781 0.0007490399293601513
782 0.00048012787010520697
783 0.0006664813263341784
784 0.0007603522972203791
785 0.0009377275709994137
786 0.0006205374374985695
787 0.000735335168428719
788 0.00039075163658708334
789 0.0009347690502181649
790 0.0012914508115500212
791 0.001288401777856052
792 0.0018658845219761133
793 0.0009711386519484222
794 0.0005800610524602234
795 0.0004134134214837104
796 0.0005947018507868052
797 0.0014198111603036523
798 0.0013762390008196235
799 0.0010726364562287927
800 0.001396284089423716
801 0.0005604337202385068
802 0.0005867622094228864
803 0.0006256073829717934
804 0.0007476770551875234
805 0.0011933494824916124
806 0.0010446121450513601
807 0.0010595722123980522
808 0.001298442017287016
809 0.0004092247982043773
810 0.001280211261473596
811 0.0013174532214179635
812 0.0019428959349170327
813 0.001881230273284018
814 0.0007299522985704243
815 0.0009408890618942678
816 0.0009005546453408897
817 0.0010483642108738422
818 0.00081603042781353
819 0.0011439516674727201
820 0.0005127153126522899
821 0.0005018966621719301
822 0.000673991278745234
823 0.00035120692336931825
824 0.0009446747717447579
825 0.0011876757489517331
826 0.00056364422198385
827 0.00037654972402378917
828 0.00046637412742711604
829 0.0007102944073267281
830 0.0009357056696899235
831 0.0009133907151408494
832 0.00029984614229761064
833 0.001814504386857152
834 0.0023318848107010126
835 0.0007437726599164307
836 0.0004792285617440939
837 0.0009780051186680794
838 0.00044669932685792446
839 0.001847741543315351
840 0.00026680174050852656
841 0.00032067831489257514
842 0.001028652535751462
843 0.0007482119253836572
844 0.0012456269469112158
845 0.0010873310966417193
846 0.0006431302172131836
847 0.000578315753955394
848 0.0015049049397930503
849 0.0004639745457097888
850 0.0006847652257420123
851 0.0004244230512995273
852 0.0014849869767203927
853 0.000529089942574501
854 0.0012482453603297472
855 0.0005822419188916683
856 0.002237980719655752
857 0.003929292783141136
858 0.012339486740529537
859 0.0006176904425956309
860 0.0012420257553458214
861 0.00045121877337805927
862 0.0008838449721224606
863 0.0014336497988551855
864 0.0011352549772709608
865 0.0005951552302576602
866 0.0008540953858755529
867 0.0003150027769152075
868 0.00017526219016872346
869 0.0005324205849319696
870 0.0005775481695309281
871 0.00015594641445204616
872 0.0005335027235560119
873 0.0003209242131561041
874 0.0005259637255221605
875 0.0019521864596754313
876 0.000998794217593968
877 0.0007655963418073952
878 0.0006521454779431224
879 0.0008011293830350041
880 0.0007784644840285182
881 0.0010170377790927887
882 0.0008989269845187664
883 0.0010087641421705484
884 0.00021131413814146072
885 0.0005757094477303326
886 0.0005113186198286712
887 0.000753631058614701
888 0.00045352819142863154
889 0.00047728163190186024
890 0.000594261335209012
891 0.00065271818311885
892 0.0010064681991934776
893 0.0003015983966179192
894 0.0005610938533209264
895 0.00033129079383797944
896 0.0004980195080861449
897 0.0011567851761355996
898 0.0012012572260573506
899 0.0009135126601904631
900 0.0011423350078985095
901 0.00045207556104287505
902 0.002623980399221182
903 0.0020358802285045385
904 0.005894660484045744
905 0.004555843770503998
906 0.002109045395627618
907 0.0015745193231850863
908 0.001234153052791953
909 0.00033494667150080204
910 0.0008415566408075392
911 0.0010894834995269775
912 0.0005896211951039732
913 0.0005325254751369357
914 0.0008529332699254155
915 0.000926594075281173
916 0.0007530886796303093
917 0.0003964907955378294
918 0.0007687458419241011
919 0.0018589223036542535
920 0.0023113905917853117
921 0.0008437439100816846
922 0.0006816552486270666
923 0.0005243740743026137
924 0.0006959065212868154
925 0.00040289488970302045
926 0.0008685474167577922
927 0.00016452581621706486
928 0.0006270133890211582
929 0.000965460145380348
930 0.00033411290496587753
931 0.0006451209192164242
932 0.0006230344879440963
933 0.0005077575333416462
934 0.0008088735630735755
935 0.00024074882094282657
936 0.0010902947979047894
937 0.0005089370533823967
938 0.000840919092297554
939 0.00043752408237196505
940 0.0007910163840278983
941 0.0007243797881528735
942 0.0004966338165104389
943 0.00045590611989609897
944 0.001198943704366684
945 0.0003514506679493934
946 0.001485231681726873
947 0.0011817381018772721
948 0.0011480170069262385
949 0.00044478161726146936
950 0.00249456986784935
951 0.0047959741204977036
952 0.0006757632945664227
953 0.0009136971784755588
954 0.003835003823041916
955 0.0012192712165415287
956 0.001468980684876442
957 0.0011617521522566676
958 0.0012444753665477037
959 0.0009224115055985749
960 0.0014352750731632113
961 0.0002555496757850051
962 0.00019965624960605055
963 0.0009460590081289411
964 0.0005075526423752308
965 0.0006629491690546274
966 0.0006356562953442335
967 0.0006710377638228238
968 0.0007636638474650681
969 0.0010296759428456426
970 0.0012760433601215482
971 0.0009472142555750906
972 0.0003298918600194156
973 0.001080915448255837
974 0.0008713187999092042
975 0.0008755118469707668
976 0.0006698877550661564
977 0.0003308896266389638
978 0.0008316861931234598
979 0.00044218177208676934
980 0.00043836075928993523
981 0.00042088894406333566
982 0.0006551275728270411
983 0.0011078063398599625
984 0.0009257206111215055
985 0.0005152976955287158
986 0.00033069399069063365
987 0.0008447044529020786
988 0.0005358803900890052
989 0.0010398942977190018
990 0.0010089039569720626
991 0.0006356576341204345
992 0.0006462694727815688
993 0.004239120986312628
994 0.0006414178060367703
995 0.0010525797260925174
996 0.0008312911377288401
997 0.0008417953504249454
998 0.0010153502225875854
999 0.000675407936796546
