0 2.483489513397217
1 0.9968868494033813
2 0.8939152956008911
3 0.7320184707641602
4 0.6968456506729126
5 0.9120631814002991
6 0.43669742345809937
7 1.2524590492248535
8 1.1103410720825195
9 0.9769721031188965
10 0.9415773749351501
11 0.591852605342865
12 0.19218648970127106
13 0.7095223665237427
14 0.1540258824825287
15 0.47148481011390686
16 0.21413981914520264
17 0.3310263752937317
18 0.3821711242198944
19 0.37105756998062134
20 0.14309780299663544
21 0.2277972400188446
22 0.3031900227069855
23 0.3492937386035919
24 0.2968112528324127
25 0.3274904489517212
26 0.055440329015254974
27 0.09705086797475815
28 0.09395989030599594
29 0.1391395479440689
30 0.2481280416250229
31 0.07300858199596405
32 0.07805465906858444
33 0.08047071844339371
34 0.08509717881679535
35 0.1592540442943573
36 0.04932709410786629
37 0.07136789709329605
38 0.05379702150821686
39 0.0668426901102066
40 0.04850975424051285
41 0.02673834003508091
42 0.040864016860723495
43 0.026333555579185486
44 0.02523176372051239
45 0.03421813249588013
46 0.030041510239243507
47 0.02648642659187317
48 0.01281786523759365
49 0.02474966272711754
50 0.02521752007305622
51 0.01906118169426918
52 0.019562561064958572
53 0.015582466498017311
54 0.021371440961956978
55 0.011939204297959805
56 0.011154421605169773
57 0.012632107362151146
58 0.011065149679780006
59 0.009557051584124565
60 0.010888167656958103
61 0.007004713639616966
62 0.00805687066167593
63 0.014123636297881603
64 0.00852655153721571
65 0.010256636887788773
66 0.009227124974131584
67 0.007552535738795996
68 0.0076461005955934525
69 0.006351197138428688
70 0.008118725381791592
71 0.004456321243196726
72 0.004890985321253538
73 0.0048743621446192265
74 0.004759082105010748
75 0.005986930802464485
76 0.010310481302440166
77 0.006190872751176357
78 0.006828042212873697
79 0.00486867455765605
80 0.006215766072273254
81 0.005006998777389526
82 0.007732441648840904
83 0.0037727877497673035
84 0.005719976965337992
85 0.007172250188887119
86 0.0037553852889686823
87 0.00429743155837059
88 0.00505451112985611
89 0.004929024260491133
90 0.0022780494764447212
91 0.004593016114085913
92 0.004534163977950811
93 0.003873752197250724
94 0.006144141312688589
95 0.004196272697299719
96 0.003408641554415226
97 0.0032700691372156143
98 0.005145657807588577
99 0.0031118919141590595
100 0.0036124885082244873
101 0.0026526700239628553
102 0.004613789729773998
103 0.002635143930092454
104 0.006046639755368233
105 0.003943209070712328
106 0.003666904056444764
107 0.004859670531004667
108 0.0022575710900127888
109 0.004253326915204525
110 0.003080307971686125
111 0.003088222350925207
112 0.003676141146570444
113 0.00350168626755476
114 0.005230272188782692
115 0.0019234095234423876
116 0.00216682069003582
117 0.004422557540237904
118 0.0024612750858068466
119 0.003423517569899559
120 0.0036135229747742414
121 0.0028909435495734215
122 0.0025481684133410454
123 0.002534888219088316
124 0.0031618012581020594
125 0.0015694478061050177
126 0.0035358078312128782
127 0.0038510365411639214
128 0.0030830700416117907
129 0.0038220915012061596
130 0.0038978566881269217
131 0.001931195380166173
132 0.002017806051298976
133 0.004839864559471607
134 0.0026461004745215178
135 0.002949152607470751
136 0.002633205382153392
137 0.002638014266267419
138 0.0022128589916974306
139 0.003194584511220455
140 0.0033496045507490635
141 0.0022877727169543505
142 0.002881037537008524
143 0.00165017310064286
144 0.0020503036212176085
145 0.0017881511012092233
146 0.001797823584638536
147 0.004922837950289249
148 0.0020392602309584618
149 0.00327946525067091
150 0.0017700876342132688
151 0.0025361136067658663
152 0.0022695306688547134
153 0.0023648017086088657
154 0.0027992206159979105
155 0.0014287526719272137
156 0.0028247132431715727
157 0.0019453472923487425
158 0.002259613946080208
159 0.0017693642294034362
160 0.001714959624223411
161 0.002352648414671421
162 0.0029628844931721687
163 0.006499395240098238
164 0.002741925185546279
165 0.004352658987045288
166 0.0023261953610926867
167 0.005470152944326401
168 0.003376735607162118
169 0.0016539525240659714
170 0.0025988451670855284
171 0.002897330094128847
172 0.0021416163071990013
173 0.00545496353879571
174 0.0022918125614523888
175 0.001250819186680019
176 0.008571742102503777
177 0.004515714477747679
178 0.001960149733349681
179 0.0011295233853161335
180 0.0038314834237098694
181 0.0025346672628074884
182 0.0012165044900029898
183 0.004113541916012764
184 0.0024312050081789494
185 0.0023711349349468946
186 0.006792543921619654
187 0.0012765572173520923
188 0.005716708023101091
189 0.001448462251573801
190 0.0035609393380582333
191 0.0039850263856351376
192 0.0026951387990266085
193 0.0014636990381404757
194 0.0016069103730842471
195 0.0007996548083610833
196 0.004794171079993248
197 0.0012675757752731442
198 0.0010854621650651097
199 0.0015686083352193236
200 0.0018076531123369932
201 0.0013643880374729633
202 0.014961278066039085
203 0.0013372321845963597
204 0.0012017725966870785
205 0.0008991833892650902
206 0.0015287268906831741
207 0.0019649025052785873
208 0.002627513138577342
209 0.0033533163368701935
210 0.0036733937449753284
211 0.01450833585113287
212 0.0018964274786412716
213 0.00903576985001564
214 0.001625365810468793
215 0.0009033030364662409
216 0.002467697486281395
217 0.0016851602122187614
218 0.0006116994190961123
219 0.005325810983777046
220 0.0008285364019684494
221 0.0013025728985667229
222 0.002841565990820527
223 0.0008162255981005728
224 0.002790735801681876
225 0.005648999009281397
226 0.007172767538577318
227 0.0007207352900877595
228 0.0009588225511834025
229 0.0008079567924141884
230 0.010270469821989536
231 0.002290943171828985
232 0.0030490218196064234
233 0.0018626722740009427
234 0.0011248975060880184
235 0.0011182669550180435
236 0.0010795334819704294
237 0.0030597629956901073
238 0.014149538241326809
239 0.0008073413046076894
240 0.0010856935987249017
241 0.0014391712611541152
242 0.010635718703269958
243 0.0005825261468999088
244 0.0008174852118827403
245 0.0023554344661533833
246 0.003449640702456236
247 0.0008431629394181073
248 0.0006769697647541761
249 0.003712882986292243
250 0.0020065302960574627
251 0.0010759292636066675
252 0.0010764930630102754
253 0.0009845439344644547
254 0.04728447273373604
255 0.003035510890185833
256 0.00045611016685143113
257 0.0009641360957175493
258 0.0008135236566886306
259 0.0008613925892859697
260 0.0021441366989165545
261 0.0012066146591678262
262 0.0020370285492390394
263 0.0006014277460053563
264 0.0011820916552096605
265 0.0010754092363640666
266 0.0019825915805995464
267 0.004074571654200554
268 0.0005113553488627076
269 0.0007078693015500903
270 0.0022666824515908957
271 0.011090010404586792
272 0.010274440981447697
273 0.002293134806677699
274 0.0006741926190443337
275 0.001678415690548718
276 0.00033581285970285535
277 0.010348621755838394
278 0.013790082186460495
279 0.0004931696457788348
280 0.0017095874063670635
281 0.0033318244386464357
282 0.0005898355157114565
283 0.0007367272046394646
284 0.0005729182157665491
285 0.006545741576701403
286 0.0008294269209727645
287 0.0022771526128053665
288 0.001180475577712059
289 0.0024360474199056625
290 0.0069567798636853695
291 0.004626872017979622
292 0.0013099462958052754
293 0.004716753028333187
294 0.0005799873033538461
295 0.000829709111712873
296 0.0023362822830677032
297 0.0007815380813553929
298 0.004412905778735876
299 0.0018198926700279117
300 0.0015240177744999528
301 0.007660297676920891
302 0.0023352312855422497
303 0.0005968597251921892
304 0.0003944931668229401
305 0.002070435555651784
306 0.0007245045271702111
307 0.0020878335926681757
308 0.004784087650477886
309 0.00028180688968859613
310 0.0004056184843648225
311 0.0008840497466735542
312 0.0004202003765385598
313 0.003802093444392085
314 0.00789361260831356
315 0.00041617255192250013
316 0.0016015127766877413
317 0.0022798776626586914
318 0.007744221016764641
319 0.004309395328164101
320 0.0005268086679279804
321 0.0004451196873560548
322 0.002536236308515072
323 0.00041824494837783277
324 0.004490017890930176
325 0.0011467902222648263
326 0.0025194520130753517
327 0.0008466407307423651
328 0.0007354019908234477
329 0.00036932245711795986
330 0.03409759700298309
331 0.0004295196267776191
332 0.0009234191966243088
333 0.0006107377121224999
334 0.0004798627633135766
335 0.00030180264730006456
336 0.001726078800857067
337 0.003269315930083394
338 0.0030912256333976984
339 0.005139418411999941
340 0.0030102692544460297
341 0.0009487764327786863
342 0.000812835874967277
343 0.0014454504707828164
344 0.003746995935216546
345 0.003391121281310916
346 0.0015159822069108486
347 0.009213137440383434
348 0.0024834778159856796
349 0.0021126526407897472
350 0.0013059420743957162
351 0.0051099942065775394
352 0.0008874594350345433
353 0.00040394222014583647
354 0.0038674180395901203
355 0.0037728343158960342
356 0.004622873850166798
357 0.0005335282767191529
358 0.001490665483288467
359 0.001534249633550644
360 0.009410029277205467
361 0.0015823619905859232
362 0.0003552770067472011
363 0.0007212594500742853
364 0.005767199210822582
365 0.0013749091885983944
366 0.0011120275594294071
367 0.0005717822350561619
368 0.006443260237574577
369 0.0003182857180945575
370 0.0010992588941007853
371 0.0008115209056995809
372 0.013950441963970661
373 0.0011134706437587738
374 0.002595642115920782
375 0.00037152820732444525
376 0.00242860266007483
377 0.0005004102131351829
378 0.0012205980019643903
379 0.0019315163372084498
380 0.006661730352789164
381 0.0012666289694607258
382 0.00046429128269664943
383 0.002324584638699889
384 0.0013601829996332526
385 0.0021816384978592396
386 0.0029158261604607105
387 0.012390514835715294
388 0.0016374415718019009
389 0.0016853746492415667
390 0.00023188331397250295
391 0.012643869034945965
392 0.003624248318374157
393 0.0011400834191590548
394 0.0006077993311919272
395 0.00022498024918604642
396 0.0038322582840919495
397 0.0003565459337551147
398 0.0003102200571447611
399 0.0025413415860384703
400 0.00030309625435620546
401 0.0005095317028462887
402 0.0005539812264032662
403 0.0004015159502159804
404 0.0011386441765353084
405 0.013480105437338352
406 0.0007997284410521388
407 0.0003318740054965019
408 0.0004004696966148913
409 0.0022479365579783916
410 0.0010884169023483992
411 0.0034850123338401318
412 0.0007014806615188718
413 0.0008127582841552794
414 0.0017087697051465511
415 0.0015789847820997238
416 0.0027787124272435904
417 0.000529026088770479
418 0.0018560148309916258
419 0.0008141412399709225
420 0.001063286792486906
421 0.004380128346383572
422 0.0017025676788762212
423 0.00022483091743197292
424 0.002963769482448697
425 0.0012530877720564604
426 0.001031407038681209
427 0.0004090278234798461
428 0.00023928667360451072
429 0.005212724208831787
430 0.0005378953646868467
431 0.0005009007873013616
432 0.004045059904456139
433 0.00022598751820623875
434 0.0008216771529987454
435 0.0003133169375360012
436 0.004221301060169935
437 0.0017462550895288587
438 0.0017086515435948968
439 0.0033217042218893766
440 0.0002952468057628721
441 0.0016914878506213427
442 0.0005343388766050339
443 0.001109305419959128
444 0.001253657159395516
445 0.0011813524179160595
446 0.0013013823190703988
447 0.01266078744083643
448 0.0004152358742430806
449 0.00024654579465277493
450 0.0010484782978892326
451 0.0004053207812830806
452 0.010775255970656872
453 0.00040957500459626317
454 0.000352283357642591
455 0.0006368219619616866
456 0.0003158190520480275
457 0.0003405110619496554
458 0.0010691763600334525
459 0.0011838939972221851
460 0.0005039632087573409
461 0.00278463214635849
462 0.0050304424948990345
463 0.00030707678524777293
464 0.0019515643361955881
465 0.0004722452431451529
466 0.0004419725446496159
467 0.00030541158048436046
468 0.0005711129051633179
469 0.0019196874927729368
470 0.00027779192896559834
471 0.0005308039835654199
472 0.00041598788811825216
473 0.0024732588790357113
474 0.0005829790607094765
475 0.0011590024223551154
476 0.001357155037112534
477 0.0002667180960997939
478 0.0033987099304795265
479 0.00918973796069622
480 0.001839015050791204
481 0.0018459470011293888
482 0.000633987772744149
483 0.00011494698992464691
484 0.0023083395790308714
485 0.006642982829362154
486 0.0023602894507348537
487 0.000488660647533834
488 0.0007611416513100266
489 0.000391204230254516
490 0.00030577206052839756
491 0.004800039809197187
492 0.006818027701228857
493 0.00040840962901711464
494 0.004455073270946741
495 0.0009215036407113075
496 0.00031003649928607047
497 0.00297962105832994
498 0.004547515418380499
499 0.0005145822651684284
500 0.00027424018480814993
501 0.0007188224699348211
502 0.0009256705525331199
503 0.0021878834813833237
504 0.0006873866077512503
505 0.0002534918603487313
506 0.0003527697699610144
507 0.001286909100599587
508 0.00164795049931854
509 0.005260813981294632
510 0.0005516802775673568
511 0.00601537199690938
512 0.0019432175904512405
513 0.005792167969048023
514 0.0004281028523109853
515 0.0009357024682685733
516 0.003001665696501732
517 0.0006381693528965116
518 0.00038163119461387396
519 0.0007799277664162219
520 0.0009262732928618789
521 0.0007919548079371452
522 0.0012572213308885694
523 0.0043372525833547115
524 0.0015443213051185012
525 0.00021596872829832137
526 0.0008331278804689646
527 0.0003821534919552505
528 0.0005383063689805567
529 0.0014612009981647134
530 0.007733323145657778
531 0.00047963953693397343
532 0.00019870285177603364
533 0.002000656211748719
534 0.002427983796223998
535 0.00029793655266985297
536 0.00015745167911518365
537 0.0006533651030622423
538 0.014690297655761242
539 0.0008430830202996731
540 0.003158862004056573
541 0.0004208870232105255
542 0.00034277731901966035
543 0.000896377838216722
544 0.0005684741772711277
545 0.0003484365588519722
546 0.0005479221581481397
547 0.0007564375991933048
548 0.0010022885398939252
549 0.00021874604863114655
550 0.0008378193597309291
551 0.007959922775626183
552 0.0009100898751057684
553 0.0005223419866524637
554 0.0002843994298018515
555 0.0015272857854142785
556 0.0008349259151145816
557 0.00021781995019409806
558 0.0003806326712947339
559 0.0002975237730424851
560 0.0013483839575201273
561 0.001104382099583745
562 0.0002291355631314218
563 0.0006345676956698298
564 0.004385597072541714
565 0.0018070852383971214
566 0.0019441911717876792
567 0.0011910866014659405
568 0.0003318179224152118
569 0.0006382683641277254
570 0.000852347759064287
571 0.0003070409002248198
572 0.0071952766738832
573 0.0009476264240220189
574 0.00019259596592746675
575 0.008225898258388042
576 0.0006884804461151361
577 0.0002512846258468926
578 0.0003769037139136344
579 0.000978470197878778
580 0.0006479422445409
581 0.005104913841933012
582 0.00046836791443638504
583 0.001630372484214604
584 0.0002763720112852752
585 0.00024290819419547915
586 0.0016485881060361862
587 0.0007386112120002508
588 0.004568839445710182
589 0.000458806985989213
590 0.0018615979934111238
591 0.0008864704868756235
592 0.0012910175137221813
593 0.0016287919133901596
594 0.0006565372459590435
595 0.0007225736044347286
596 0.0005936349043622613
597 0.00028428490622900426
598 0.00022278784308582544
599 0.0010973880998790264
600 0.0015169460093602538
601 0.0036301310174167156
602 0.0017490133177489042
603 0.0006205684039741755
604 0.00043762262794189155
605 0.00019440897449385375
606 0.005652719177305698
607 0.00017970781482290477
608 0.00030794800841249526
609 0.0007230470655485988
610 0.00026550740585662425
611 0.0021653848234564066
612 0.001992024714127183
613 0.0002910907205659896
614 0.001551330555230379
615 0.003019677009433508
616 0.0003518993908073753
617 0.00031357246916741133
618 0.002665498061105609
619 0.0014077444793656468
620 0.0009764815331436694
621 0.0016135625774040818
622 0.005423085298389196
623 0.00012772555055562407
624 0.0004028778348583728
625 0.000190046222996898
626 0.00019030556723009795
627 0.0006961302715353668
628 0.0016481548082083464
629 0.00015665865794289857
630 0.002772117964923382
631 0.00017654147814027965
632 0.00032568181632086635
633 0.006821236107498407
634 0.0003790846676565707
635 0.0007736785337328911
636 0.0002997700357809663
637 0.00023810951097402722
638 0.000411284709116444
639 0.00031512946588918567
640 0.000507664866745472
641 0.0011970471823588014
642 0.004054585006088018
643 0.0007070928695611656
644 0.0010829188395291567
645 0.004938949830830097
646 0.0009814706863835454
647 0.0015582722844555974
648 0.00022179186635185033
649 0.0007750445511192083
650 0.0035698378924280405
651 0.0009968928061425686
652 0.0002674788993317634
653 0.0001593172928551212
654 0.0005650818347930908
655 0.001257315743714571
656 0.0002468804595991969
657 0.013793372549116611
658 0.0017704255878925323
659 0.0007554305484518409
660 0.0003063898184336722
661 0.0008080279221758246
662 0.00014967290917411447
663 0.00016083921946119517
664 0.000603359832894057
665 0.0009128826786763966
666 0.0019886482041329145
667 0.01571417786180973
668 0.00038820732152089477
669 0.0014127034228295088
670 0.00014137732796370983
671 0.00012602370406966656
672 0.0006290973979048431
673 0.0012243675300851464
674 0.0009251317824237049
675 0.001560225267894566
676 0.0020539439283311367
677 0.0011180047877132893
678 0.0007268282352015376
679 6.631903670495376e-05
680 0.001368291792459786
681 0.0009829753544181585
682 0.0014256294816732407
683 0.011605197563767433
684 0.00047797363367863
685 0.00021971481328364462
686 0.0004761177988257259
687 0.000864752393681556
688 0.0009498953586444259
689 0.0002726977108977735
690 0.002768123522400856
691 0.0014189553912729025
692 0.0011146109318360686
693 0.0006114905700087547
694 0.0011509130708873272
695 0.001032260013744235
696 0.0001364236231893301
697 0.00017964091966859996
698 0.00016391949611715972
699 0.001476419041864574
700 0.003845351980999112
701 0.0007459230837412179
702 0.003407275304198265
703 0.00017807894619181752
704 0.0023801513016223907
705 0.00025464146165177226
706 0.0010059503838419914
707 0.0017137833638116717
708 0.011679933406412601
709 0.00044557222281582654
710 0.00024267447588499635
711 0.00017623526218812913
712 0.0001805481588235125
713 0.0016720799030736089
714 0.0011773532023653388
715 0.0003308517625555396
716 0.00018493496463634074
717 0.0009877330157905817
718 0.0025315473321825266
719 0.00033922071452252567
720 0.0011898484081029892
721 0.0004820486647076905
722 0.001537037780508399
723 0.00018615726730786264
724 0.0004605477151926607
725 0.002073097275570035
726 0.000544888258446008
727 0.0005098688416182995
728 0.0009811444906517863
729 0.00034420547308400273
730 0.00015053374227136374
731 0.0004383419582154602
732 0.0003454861871432513
733 0.0013808165676891804
734 0.008999830111861229
735 0.004288129508495331
736 0.001597234746441245
737 0.0002236326690763235
738 0.00015644317318219692
739 0.00015995382273104042
740 0.0002627671346999705
741 0.00017332691641058773
742 0.00013784941984340549
743 0.00021963217295706272
744 0.000633241084869951
745 0.007090039551258087
746 0.00037301695556379855
747 0.0009782895212993026
748 0.0004461882053874433
749 0.0006912174867466092
750 0.0007557083154097199
751 0.0011359364725649357
752 0.001861566910520196
753 0.005250534974038601
754 0.0064710876904428005
755 0.0007181384135037661
756 0.000705291866324842
757 0.0008083342690952122
758 0.004303969442844391
759 0.00029015479958616197
760 0.00018118195293936878
761 0.00038025231333449483
762 0.0004050977877341211
763 0.000622121908236295
764 0.0019747745245695114
765 0.008749430999159813
766 0.0004956127377226949
767 0.002281083259731531
768 0.00021212497085798532
769 0.00014408063725568354
770 0.0003920488525182009
771 0.00021677129552699625
772 0.0007345658959820867
773 0.0002464324643369764
774 0.0001813872077036649
775 0.0027398099191486835
776 0.009418892674148083
777 0.0005786590627394617
778 0.00018978488515131176
779 0.00010689510963857174
780 8.40599459479563e-05
781 0.00013665742881130427
782 0.0004799765010830015
783 0.00018066639313474298
784 0.0020543306600302458
785 0.0014036749489605427
786 0.000722672208212316
787 0.00036038036341778934
788 0.0008253735140897334
789 0.00019286716997157782
790 0.0005538261611945927
791 0.0023309937678277493
792 0.001661633257754147
793 0.0014890260063111782
794 0.0031747031025588512
795 0.0003091327380388975
796 0.00017389233107678592
797 0.00019506807439029217
798 0.0001488367997808382
799 0.0015054052928462625
800 0.002039570827037096
801 0.004432536195963621
802 0.00038774992572143674
803 0.0001679732376942411
804 0.00039514966192655265
805 0.00013016835146117955
806 0.0009466162300668657
807 0.004424773156642914
808 0.0001906427351059392
809 0.00016606939607299864
810 0.0003234712057746947
811 0.002070007147267461
812 0.006576367188245058
813 0.008997304365038872
814 0.0003362585266586393
815 0.0001373809645883739
816 0.00048532814253121614
817 0.0003440324799157679
818 3.2476982596563175e-05
819 0.0008479744428768754
820 0.0005202296888455749
821 0.0004108455323148519
822 0.001036273199133575
823 0.007583353668451309
824 0.00010696615936467424
825 0.0006475501577369869
826 0.0001136971841333434
827 8.81086234585382e-05
828 0.00032394484151154757
829 0.001100377063266933
830 0.001384042203426361
831 0.005821587517857552
832 0.00773578742519021
833 0.0004500063951127231
834 0.0002040318213403225
835 0.00011833660391857848
836 0.00023917469661682844
837 8.508784958394244e-05
838 0.00017758905596565455
839 0.0006156619638204575
840 0.0004167428705841303
841 0.00011743763025151566
842 0.0008657959988340735
843 0.00022731830540578812
844 0.0016403127228841186
845 0.0006166608654893935
846 0.00012770536704920232
847 0.00016184021660592407
848 0.0001618227397557348
849 0.00016686077287886292
850 0.0006452369852922857
851 0.0005004692357033491
852 0.0002523414441384375
853 0.002509749960154295
854 0.0010474782902747393
855 0.000541668210644275
856 0.00029378317412920296
857 0.0001514114992460236
858 7.331118104048073e-05
859 0.0008036090875975788
860 0.00015694540343247354
861 0.00042138018761761487
862 0.0012758946977555752
863 0.0013310557696968317
864 0.0002069994661724195
865 0.009479064494371414
866 0.0005450613098219037
867 0.0012556166620925069
868 7.878003088990226e-05
869 0.0001443307555746287
870 0.0003245474072173238
871 0.00025615759659558535
872 0.004234130494296551
873 0.0016955786850303411
874 0.0007118129287846386
875 0.0006205872632563114
876 0.00015928088396321982
877 6.192950968397781e-05
878 0.00013280000712256879
879 0.003809054847806692
880 0.001010286738164723
881 0.0004825355135835707
882 0.00010433564602863044
883 0.00014197271957527846
884 0.0008162509766407311
885 0.002058417769148946
886 0.0035353926941752434
887 0.0012998259626328945
888 0.0021796084474772215
889 0.003511245595291257
890 0.0007240196573548019
891 0.0007441421621479094
892 0.00016695102385710925
893 0.0007194081554189324
894 0.0007039217744022608
895 0.0032063513062894344
896 0.0001923257950693369
897 0.0002477497619111091
898 0.00010545623081270605
899 0.00015612282732035965
900 0.00033987846109084785
901 0.00024178701278287917
902 0.0008094749646261334
903 0.0010984758846461773
904 0.0003762832493521273
905 5.861272802576423e-05
906 0.0036487868055701256
907 0.0005509480251930654
908 0.000749416125472635
909 0.00021665648091584444
910 0.0014689869713038206
911 9.77687886916101e-05
912 0.005590928252786398
913 8.401258673984557e-05
914 3.814680894720368e-05
915 0.000315245270030573
916 0.00013896165182814002
917 0.00011298811296001077
918 0.00044840454938821495
919 0.00016517617041245103
920 0.00045517898979596794
921 0.01969093456864357
922 0.0011366563849151134
923 0.0005366454133763909
924 8.167093619704247e-05
925 4.0490493120159954e-05
926 0.00044218567200005054
927 0.0007910581189207733
928 0.0016240635886788368
929 0.0009096244466491044
930 0.0007087565027177334
931 0.0004254583327565342
932 0.00022853021800983697
933 0.00016647738812025636
934 0.00327939516864717
935 0.00033237552270293236
936 0.0004058827762492001
937 8.327483374159783e-05
938 0.008138488978147507
939 0.0030289781279861927
940 0.0008823826792649925
941 0.00010667042079148814
942 0.0004285617615096271
943 0.000288487906800583
944 0.0002668036613613367
945 5.6619119277456775e-05
946 8.996942779049277e-05
947 0.002311397111043334
948 0.0010156837524846196
949 0.0006886513438075781
950 0.0003338285896461457
951 0.0006617343751713634
952 8.211608655983582e-05
953 0.004223573487251997
954 0.0005636994610540569
955 0.000304199755191803
956 0.0008324800292029977
957 0.00019143542158417404
958 0.00012705587141681463
959 0.00011492391786305234
960 0.002189294435083866
961 0.0030936042312532663
962 0.00021970186207909137
963 0.00011718173482222483
964 0.00014435124467127025
965 8.440321107627824e-05
966 0.0003405958414077759
967 0.0005298797623254359
968 0.0009296706994064152
969 0.0006253845640458167
970 0.0006436797557398677
971 0.00018338861991651356
972 0.0015110424719750881
973 0.00019978081400040537
974 0.0067879026755690575
975 0.0013663865393027663
976 0.002315233927220106
977 0.00045673365821130574
978 8.042775880312547e-05
979 0.0008845525444485247
980 0.00014598306734114885
981 0.00023888779105618596
982 8.484283171128482e-05
983 7.397133595077321e-05
984 0.003997518680989742
985 0.00048642585170455277
986 0.0007168197771534324
987 0.004595679696649313
988 0.000921779777854681
989 0.0009294931660406291
990 0.0006459043943323195
991 0.001084171119146049
992 5.85395100642927e-05
993 4.6446617488982156e-05
994 0.00017396472685504705
995 0.00019372586393728852
996 0.00032649459899403155
997 0.0003971977857872844
998 0.0005045681027695537
999 4.6078141167527065e-05
