0 26.814210891723633
1 10.72414779663086
2 7.856842994689941
3 2.41229510307312
4 10.62519645690918
5 4.636916637420654
6 4.559349060058594
7 6.061966896057129
8 6.902575969696045
9 5.014707565307617
10 3.5575780868530273
11 2.609938621520996
12 4.741588115692139
13 6.02149772644043
14 6.9751996994018555
15 2.138637065887451
16 2.0403685569763184
17 2.4722111225128174
18 1.3292076587677002
19 0.838829755783081
20 1.2490957975387573
21 0.42005836963653564
22 0.21941757202148438
23 0.15614287555217743
24 0.048023633658885956
25 0.035662367939949036
26 0.02745669148862362
27 0.01120676752179861
28 0.007289357017725706
29 0.0039701685309410095
30 0.004496021196246147
31 0.007368027698248625
32 0.003877554088830948
33 0.004052767995744944
34 0.0062863510102033615
35 0.008233624510467052
36 0.004111835733056068
37 0.004179174080491066
38 0.004318121820688248
39 0.00533195910975337
40 0.006717888172715902
41 0.003199731232598424
42 0.003246935084462166
43 0.004354008939117193
44 0.0017395366448909044
45 0.0044614942744374275
46 0.0033278120681643486
47 0.0013191397301852703
48 0.002876428421586752
49 0.0019653926137834787
50 0.002580191008746624
51 0.002341444371268153
52 0.001797064789570868
53 0.0028121168725192547
54 0.0031368297059088945
55 0.0017638554563745856
56 0.0015329692978411913
57 0.001252705347724259
58 0.0007974316831678152
59 0.00180985894985497
60 0.0022576928604394197
61 0.0015892437659204006
62 0.0013771827798336744
63 0.0010977770434692502
64 0.0010602357797324657
65 0.0005578534910455346
66 0.0009700885275378823
67 0.0013652780326083302
68 0.0010753994574770331
69 0.0005067550227977335
70 0.0011242873733863235
71 0.0005627226200886071
72 0.0009541508043184876
73 0.0010966105619445443
74 0.0007208113675005734
75 0.0004913680022582412
76 0.0008546734461560845
77 0.0006988722598180175
78 0.0005274546565487981
79 0.0008642392931506038
80 0.0007557119824923575
81 0.0006159630720503628
82 0.000746019184589386
83 0.0006248592399060726
84 0.000892674142960459
85 0.0005488849710673094
86 0.000433741370216012
87 0.0005088814068585634
88 0.0005062649142928421
89 0.00038706770283170044
90 0.00043968315003439784
91 0.0003931268001906574
92 0.0002528713084757328
93 0.0004597883962560445
94 0.0004789644153788686
95 0.0002521178394090384
96 9.338476957054809e-05
97 0.0004847519739996642
98 0.00038183003198355436
99 0.0004749236104544252
100 0.00023587018949910998
101 0.00042167631909251213
102 0.00019928294932469726
103 0.00011223046749364585
104 0.00026714327395893633
105 0.0005021363031119108
106 0.00026178863481618464
107 0.00035858701448887587
108 0.000257469859207049
109 0.0003626880352385342
110 0.00022924490622244775
111 0.0002346897090319544
112 9.986002260120586e-05
113 0.0003904541954398155
114 0.00025498776813037694
115 0.000204435084015131
116 0.00024575437419116497
117 0.00015155987057369202
118 0.0003177225007675588
119 0.00010039162589237094
120 0.00026790096308104694
121 0.0003485588822513819
122 0.00022398695000447333
123 0.0002270317345391959
124 0.0001220021877088584
125 0.00031658963416703045
126 7.689740596106276e-05
127 0.00021399406250566244
128 0.0002940561680588871
129 0.00016628726734779775
130 0.00037334105581976473
131 0.0001320118608418852
132 0.0001920343202073127
133 0.0002429522864986211
134 0.00020560422854032367
135 0.00024941243464127183
136 0.00020479384693317115
137 0.0001835022703744471
138 0.0001799455494619906
139 7.718117558397353e-05
140 0.00031195353949442506
141 0.00043295801151543856
142 0.00015276471094693989
143 0.00018993165576830506
144 0.0002036731893895194
145 0.0001459906343370676
146 9.55126088229008e-05
147 0.00016614518244750798
148 0.00015559999155811965
149 5.795532706542872e-05
150 7.89135301602073e-05
151 0.00016465036605950445
152 0.0001662188587943092
153 0.00017802916408982128
154 0.0002126489271176979
155 0.00016168436559382826
156 0.00021891134383622557
157 0.00015275231271516532
158 0.0002826195559464395
159 0.0003100985486526042
160 0.0002598282299004495
161 0.00034830631921067834
162 0.00012725107080768794
163 8.014811464818195e-05
164 0.00042032517376355827
165 0.00023272204271052033
166 0.0002387466374784708
167 0.00016849327948875725
168 7.030351116554812e-05
169 0.0002358797355554998
170 0.00016288668848574162
171 0.00010724718595156446
172 0.00013944976672064513
173 0.00011980033741565421
174 0.00013841950567439198
175 0.00012934848200529814
176 0.00011945250298595056
177 0.00018661814101506025
178 0.00010121267405338585
179 0.00019523894297890365
180 0.00020337887690402567
181 0.000147743514389731
182 0.00011243031622143462
183 0.00011327856918796897
184 0.00018176103185396641
185 0.00018256543262396008
186 8.895472274161875e-05
187 0.00013335089897736907
188 0.000269370706519112
189 8.72023229021579e-05
190 5.4116218962008134e-05
191 7.78060857555829e-05
192 0.00020677105931099504
193 0.00012304788106121123
194 0.00015465222531929612
195 0.00011580979480640963
196 0.0002468964084982872
197 0.00013573718024417758
198 0.00013923367077950388
199 0.00010697596735553816
200 0.00014803068188484758
201 0.0001937162014655769
202 9.243382373824716e-05
203 0.0002186646597692743
204 9.249547292711213e-05
205 0.0001727130584185943
206 0.000128325104014948
207 0.0001245932944584638
208 0.0001828802633099258
209 0.0003080694004893303
210 0.00017740951443556696
211 0.00014627742348238826
212 5.790153954876587e-05
213 0.00010347086936235428
214 0.00010716791439335793
215 6.933389522600919e-05
216 0.00012218422489240766
217 0.00021450196800287813
218 9.44916027947329e-05
219 0.00013534862955566496
220 0.00013577572826761752
221 8.580535359214991e-05
222 0.0001546946441521868
223 0.00014501812984235585
224 4.446048478712328e-05
225 4.307313429308124e-05
226 6.203842349350452e-05
227 6.642020889557898e-05
228 0.0002784240059554577
229 0.0001645578013267368
230 9.263337415177375e-05
231 0.0001607300655450672
232 0.00010732941154856235
233 5.467917799251154e-05
234 6.53265742585063e-05
235 0.0001005536614684388
236 0.00023835308093111962
237 0.00024086334451567382
238 9.179994958685711e-05
239 8.94316253834404e-05
240 0.00014876863860990852
241 0.0004310871008783579
242 0.0007201852276921272
243 0.0002861895482055843
244 0.0003057009889744222
245 0.00022094952873885632
246 0.00010990707960445434
247 9.849116759141907e-05
248 0.00011227428331039846
249 0.00015245677786879241
250 0.00011288901441730559
251 0.0001332424726570025
252 0.00010723480227170512
253 0.00010949568240903318
254 9.014043462229893e-05
255 0.00010339468281017616
256 0.00010793556430144235
257 9.282995597459376e-05
258 0.00020716054132208228
259 9.065543417818844e-05
260 0.00017598351405467838
261 0.00019131517910864204
262 0.0002533843507990241
263 0.0001643914292799309
264 0.00010145365376956761
265 0.00012087346112821251
266 0.000123607853311114
267 0.00014224843471311033
268 0.00018085505871567875
269 9.489607327850536e-05
270 8.105433516902849e-05
271 0.00012675771722570062
272 0.0001376663858536631
273 0.0001365891075693071
274 8.637583960080519e-05
275 0.0001347439392702654
276 7.270413334481418e-05
277 0.00013814789417665452
278 8.416175842285156e-05
279 0.00012506076018325984
280 0.00015693755995016545
281 8.867817814461887e-05
282 6.682005187030882e-05
283 0.00011163144517922774
284 6.176563329063356e-05
285 0.00016453047282993793
286 9.542553743813187e-05
287 0.00010277484398102388
288 7.149552402552217e-05
289 0.00017974473303183913
290 0.00010860375186894089
291 7.087510311976075e-05
292 0.00014700133760925382
293 0.0001419422624167055
294 5.1795719627989456e-05
295 0.00010654034122126177
296 9.218446211889386e-05
297 7.857564924051985e-05
298 0.0001510867296019569
299 0.00013502215733751655
300 7.540068327216431e-05
301 9.119837341131642e-05
302 3.080735041294247e-05
303 3.773567732423544e-05
304 0.00022845901548862457
305 0.0001893751323223114
306 0.00019927597895730287
307 0.0002155430120183155
308 0.00024080868752207607
309 0.0011303682113066316
310 0.00012184146180516109
311 0.0021425418090075254
312 0.0003861485456582159
313 0.00034360666177235544
314 0.00014116865349933505
315 0.00011558995174709707
316 9.946450882125646e-05
317 9.016497642733157e-05
318 9.163628419628367e-05
319 0.00014126354653853923
320 6.626913091167808e-05
321 0.00014514221402350813
322 0.00018272289889864624
323 0.00018506920605432242
324 0.000126436265418306
325 3.946205833926797e-05
326 5.6281362049048766e-05
327 6.077087891753763e-05
328 8.533075742889196e-05
329 9.890724322758615e-05
330 0.00018549466039985418
331 9.429029159946367e-05
332 5.490596959134564e-05
333 0.0001240773417521268
334 4.261140202288516e-05
335 0.00014147446199785918
336 0.00012205414532218128
337 0.00018707952403929085
338 5.9039135521743447e-05
339 8.285220974357799e-05
340 0.0001829535176511854
341 4.1363084164913744e-05
342 9.714489715406671e-05
343 6.36639233562164e-05
344 0.00013439232134260237
345 0.00011909848399227485
346 0.00022482019267044961
347 4.535241532721557e-05
348 0.00020094410865567625
349 8.272351260529831e-05
350 0.00023150365450419486
351 0.0005444123526103795
352 0.00011451099999248981
353 5.102647264720872e-05
354 0.00012627568503376096
355 0.00020791935094166547
356 7.983062823768705e-05
357 0.00010220371768809855
358 0.00013546613627113402
359 5.189124931348488e-05
360 0.00012416855315677822
361 5.5091320973588154e-05
362 0.00012115979188820347
363 0.000160855139256455
364 0.00010061072680400684
365 8.681400504428893e-05
366 0.00019624701235443354
367 8.428547153016552e-05
368 5.808569403598085e-05
369 0.00020954565843567252
370 5.225340646575205e-05
371 0.00017830637807492167
372 0.00021271321747917682
373 0.0002127367479261011
374 0.00019558650092221797
375 0.00044783949851989746
376 0.0002541405847296119
377 8.367016562260687e-05
378 0.00013914158625993878
379 6.397075776476413e-05
380 0.00010755322000477463
381 7.77331370045431e-05
382 0.00015691618318669498
383 9.74994691205211e-05
384 6.290441524470225e-05
385 9.421435242984444e-05
386 5.6255383242387325e-05
387 0.0001194917131215334
388 0.0003373438667040318
389 0.00017217716958839446
390 0.0003322246775496751
391 0.00023119148681871593
392 0.00010423800995340571
393 0.0006146331434138119
394 0.0004995212075300515
395 0.0011397823691368103
396 0.0006934375269338489
397 0.00047047476982697845
398 0.0006452616071328521
399 0.0001404737267876044
400 0.0004751443339046091
401 0.00020699728338513523
402 0.0005008456646464765
403 0.0001863606012193486
404 0.0002781567454803735
405 0.0009539714083075523
406 0.0007245990564115345
407 0.00013310767826624215
408 0.0001911423314595595
409 9.10227608983405e-05
410 0.00011545413144631311
411 0.0001183344138553366
412 6.370730989146978e-05
413 9.353351924801245e-05
414 0.0001364603522233665
415 8.635910489829257e-05
416 9.441818110644817e-05
417 8.955773228080943e-05
418 0.00012299977242946625
419 6.03989465162158e-05
420 9.52503687585704e-05
421 3.980734254582785e-05
422 0.0001835098082665354
423 0.0001328394573647529
424 9.46979780565016e-05
425 5.65996888326481e-05
426 0.0002851715253200382
427 0.00023687529028393328
428 9.019318531500176e-05
429 9.404020966030657e-05
430 5.403763134381734e-05
431 0.0001017985850921832
432 0.0021483805030584335
433 0.003166760317981243
434 0.013171283528208733
435 0.004697470925748348
436 0.0026116399094462395
437 0.0015607909299433231
438 0.0007858647149987519
439 0.0012389454059302807
440 0.0020268617663532495
441 0.0004291479417588562
442 0.00030090479413047433
443 0.0004756248672492802
444 0.00011992958025075495
445 0.0007389714592136443
446 0.00033167461515404284
447 0.00014481156540568918
448 0.00013193936320021749
449 0.00011308715329505503
450 8.934615470934659e-05
451 6.106446380726993e-05
452 9.109170059673488e-05
453 5.4121894208947197e-05
454 6.874095561215654e-05
455 0.00012626047828234732
456 0.00019696798699442297
457 7.797554280841723e-05
458 7.917935727164149e-05
459 6.796246452722698e-05
460 0.00011887085565831512
461 4.9290392780676484e-05
462 3.366000601090491e-05
463 7.727593765594065e-05
464 0.00010812455730047077
465 6.754009518772364e-05
466 7.825997454347089e-05
467 0.0001656279491726309
468 0.0001419934123987332
469 0.00019502616487443447
470 5.9508438425837085e-05
471 0.0002711577690206468
472 0.00030688621336594224
473 0.00010949766874546185
474 0.00015436879766639322
475 0.0001802103506634012
476 0.00014533105422742665
477 7.973817992024124e-05
478 2.9478389478754252e-05
479 5.159252759767696e-05
480 5.280293044052087e-05
481 0.00010671674681361765
482 5.943854557699524e-05
483 5.579850767389871e-05
484 8.182688907254487e-05
485 0.0002513505460228771
486 0.000196457578567788
487 0.00012067924399161711
488 7.313901005545631e-05
489 0.00017704430501908064
490 0.00024024832237046212
491 0.0003373116778675467
492 5.929407780058682e-05
493 0.00023659702856093645
494 0.0001245111197931692
495 6.485668563982472e-05
496 0.00012226564285811037
497 0.00020304702047724277
498 0.00016221919213421643
499 0.00014178871060721576
500 7.92103965068236e-05
501 7.887944229878485e-05
502 0.0001377268781652674
503 8.881877874955535e-05
504 0.0002626329369377345
505 0.00021010621276218444
506 0.00015520068700425327
507 0.0003982323978561908
508 0.00022777226695325226
509 0.00039737645420245826
510 0.00036506628384813666
511 0.0013189773308113217
512 0.0009450138895772398
513 0.020389430224895477
514 0.0345030315220356
515 0.18738332390785217
516 0.06052659824490547
517 0.0025314711965620518
518 0.008146492764353752
519 0.0006030538352206349
520 0.00026692336541600525
521 0.00025599420769140124
522 0.0001826250518206507
523 6.664460670435801e-05
524 0.00019587462884373963
525 0.0002489550970494747
526 0.0002840909583028406
527 0.00022383665782399476
528 8.290329424198717e-05
529 0.0001671294157858938
530 6.913637480465695e-05
531 0.00017974920046981424
532 3.245846164645627e-05
533 6.004888564348221e-05
534 7.021734199952334e-05
535 0.00019331499061081558
536 6.341473635984585e-05
537 3.366714736330323e-05
538 4.9026588385459036e-05
539 8.64853645907715e-05
540 5.735644299420528e-05
541 0.00016979750944301486
542 9.624221274862066e-05
543 3.998630563728511e-05
544 6.949726957827806e-05
545 0.00012784362479578704
546 0.00020192873489577323
547 0.00010168342851102352
548 0.0005757747567258775
549 7.771139644319192e-05
550 0.00016435423458460718
551 7.743850437691435e-05
552 5.06131982547231e-05
553 9.018759010359645e-05
554 6.794372893637046e-05
555 9.678850619820878e-05
556 7.934190944069996e-05
557 0.00021993865084368736
558 9.871842485154048e-05
559 0.00010974968608934432
560 8.596055704401806e-05
561 8.627251372672617e-05
562 0.00010149821900995448
563 0.0008904821006581187
564 0.0004436750605236739
565 0.0003458801656961441
566 0.00012161181075498462
567 0.00015808336320333183
568 0.0002253022394143045
569 0.00021012792421970516
570 6.276402564253658e-05
571 0.00014315715816337615
572 6.297473737504333e-05
573 6.553509592777118e-05
574 0.00015807434101589024
575 0.00025568940327502787
576 0.0001492422743467614
577 8.34871461847797e-05
578 0.00010231608030153438
579 9.235582547262311e-05
580 0.00013853036216460168
581 0.00013856642181053758
582 0.00010470919369254261
583 7.002206257311627e-05
584 0.00015354351489804685
585 2.8229271265445277e-05
586 7.281338912434876e-05
587 9.147746459348127e-05
588 8.098541729850695e-05
589 5.531664646696299e-05
590 0.00036437963717617095
591 0.0005007167346775532
592 0.0008717281743884087
593 0.00037984372465871274
594 7.870342960814014e-05
595 9.309571032645181e-05
596 5.8352841733722016e-05
597 6.840732385171577e-05
598 7.127864955691621e-05
599 9.96700837276876e-05
600 0.0003913450054824352
601 0.00040855936822481453
602 0.00027555431006476283
603 0.00038977357326075435
604 9.860190039034933e-05
605 0.00015657026960980147
606 8.754662121646106e-05
607 3.7739322579000145e-05
608 8.060837717493996e-05
609 0.00017379544442519546
610 3.89946362702176e-05
611 8.478640665998682e-05
612 9.301894169766456e-05
613 0.0005566649488173425
614 0.0018280287040397525
615 0.00681312708184123
616 0.011415841989219189
617 0.004285662434995174
618 0.0032190573401749134
619 0.004004810005426407
620 0.005558995995670557
621 0.001082302536815405
622 0.01080196350812912
623 0.0025809479411691427
624 0.0008213695255108178
625 0.001382532063871622
626 0.0022186338901519775
627 0.0012728379806503654
628 0.0012630122946575284
629 0.0003629448765423149
630 0.00011566612374735996
631 9.097898146137595e-05
632 0.00017431388550903648
633 0.00017334370932076126
634 0.00018642765644472092
635 6.865036266390234e-05
636 0.00023054378107190132
637 8.689178503118455e-05
638 0.0003397049440536648
639 8.083603461273015e-05
640 0.0001254333765245974
641 7.324708712985739e-05
642 5.452706682262942e-05
643 0.00015746286953799427
644 0.00022565465769730508
645 0.00030082796001806855
646 5.750472337240353e-05
647 0.0006565388175658882
648 0.00010848107194760814
649 0.0007988482248038054
650 0.0011932550696656108
651 0.00034661844256334007
652 0.002147093415260315
653 0.0012301504611968994
654 0.0011314660077914596
655 0.0023802274372428656
656 0.0024364858400076628
657 0.001923553179949522
658 0.010167625732719898
659 0.010224966332316399
660 0.0013098081108182669
661 0.0025516371242702007
662 0.0033930884674191475
663 0.03235042840242386
664 0.016051024198532104
665 0.006086722481995821
666 0.003953396342694759
667 0.0020030480809509754
668 0.0006158744799904525
669 0.00011652179819066077
670 8.016001083888113e-05
671 0.00014413871394935995
672 0.0001391891564708203
673 0.00022194284247234464
674 9.192283323500305e-05
675 4.909135168418288e-05
676 0.0001261081051779911
677 8.043206617003307e-05
678 4.420222103362903e-05
679 0.0001482081279391423
680 0.00018306831771042198
681 8.640997839393094e-05
682 0.0003249725268688053
683 7.03686528140679e-05
684 0.00022448391246143728
685 0.001143722445704043
686 0.0007416453445330262
687 0.0002339360216865316
688 0.00031294842483475804
689 0.0001887785183498636
690 0.0006000013090670109
691 0.0003218202036805451
692 6.029382348060608e-05
693 0.00015435449313372374
694 6.917812424944714e-05
695 0.00023403494560625404
696 0.00010340810695197433
697 0.00011895792704308406
698 9.893500828184187e-05
699 9.259370563086122e-05
700 5.898424205952324e-05
701 8.332004654221237e-05
702 0.00018570087559055537
703 0.0001532216410851106
704 6.829820631537586e-05
705 0.00020324098295532167
706 2.0905854398733936e-05
707 0.000140064672450535
708 0.00020669095101766288
709 0.00017987577302847058
710 0.0001096168125513941
711 2.464618046360556e-05
712 6.804704025853425e-05
713 3.914035914931446e-05
714 0.00018269305292051286
715 0.00011377946066204458
716 0.00015184680523816496
717 5.1419287046883255e-05
718 6.853498052805662e-05
719 0.00014132540673017502
720 0.00034829863579943776
721 0.00024988240329548717
722 0.0003291133907623589
723 0.0007336577400565147
724 0.03174837678670883
725 0.028534119948744774
726 0.10110404342412949
727 0.03843613713979721
728 0.010098843835294247
729 0.022273201495409012
730 0.048863671720027924
731 0.007298426236957312
732 0.0029835784807801247
733 0.0007596391951665282
734 0.0014814998721703887
735 0.0003923460899386555
736 0.00011661887401714921
737 0.0001818318123696372
738 0.00016755054821260273
739 0.0002497557725291699
740 0.00018150238611269742
741 9.817706450121477e-05
742 0.0005855546332895756
743 0.0004879476618953049
744 0.00014144984015729278
745 0.00012811845226678997
746 0.0002594302350189537
747 0.0002667253720574081
748 0.000519468099810183
749 0.0001297263806918636
750 6.66890773572959e-05
751 1.787841392797418e-05
752 8.706503285793588e-05
753 2.8016360374749638e-05
754 7.225921581266448e-05
755 8.145458559738472e-05
756 0.00010549465514486656
757 0.00023898744257166982
758 8.672315016156062e-05
759 0.00012682302622124553
760 8.998625708045438e-05
761 4.401143451104872e-05
762 5.8215195167576894e-05
763 4.8915473598754033e-05
764 0.00012508046347647905
765 0.00013427605153992772
766 5.840929225087166e-05
767 5.830685768160038e-05
768 2.963457336591091e-05
769 6.166571256471798e-05
770 6.998606113484129e-05
771 3.864314203383401e-05
772 0.00011380690557416528
773 0.00015819727559573948
774 5.382776726037264e-05
775 9.991186379920691e-05
776 0.0001552793401060626
777 9.527102520223707e-05
778 0.0001883983932202682
779 5.1518396503524855e-05
780 2.5651084797573276e-05
781 0.00012224029342178255
782 3.551000190782361e-05
783 6.784164725104347e-05
784 4.261511276126839e-05
785 4.661927596316673e-05
786 8.783592784311622e-05
787 0.0001346750505035743
788 9.188516560243443e-05
789 2.0004863472422585e-05
790 6.602487701456994e-05
791 4.991133027942851e-05
792 0.00018404293223284185
793 0.00032804461079649627
794 0.00017044800915755332
795 0.00010303300223313272
796 9.959548333426937e-05
797 0.0001833746355259791
798 4.624921712093055e-05
799 5.0911632570205256e-05
800 6.359729013638571e-05
801 8.142926526488736e-05
802 0.0001296407135669142
803 3.387527249287814e-05
804 7.66050216043368e-05
805 2.1346979337977245e-05
806 1.806412183213979e-05
807 7.387825462501496e-05
808 7.606555300299078e-05
809 8.546545723220333e-05
810 6.740801836713217e-06
811 0.00011404929682612419
812 0.00010981821833411232
813 0.00012325990246608853
814 9.651251457398757e-05
815 0.00020060394308529794
816 0.0004907847614958882
817 0.000642288476228714
818 0.00013242325803730637
819 0.00011612902744673193
820 9.521601168671623e-05
821 0.00014365874812938273
822 0.0005700017791241407
823 0.00020255972049199045
824 0.00013718620175495744
825 8.345787500729784e-05
826 0.0013922213111072779
827 0.0045983451418578625
828 0.0007434444851242006
829 0.0003617253969423473
830 0.000931520015001297
831 0.0003205444954801351
832 0.003870865097269416
833 0.0021798007655888796
834 0.00337287038564682
835 0.002907233079895377
836 0.0025060151237994432
837 0.006789017468690872
838 0.00226990575902164
839 0.009400582872331142
840 0.005077164154499769
841 0.005314463283866644
842 0.001814507762901485
843 0.003389097051694989
844 0.002131375949829817
845 0.001970077631995082
846 0.0030473314691334963
847 0.0007142912363633513
848 0.00016727697220630944
849 0.00034367843181826174
850 0.00030507202609442174
851 0.0003724095586221665
852 0.0002157238486688584
853 0.004269987344741821
854 0.009982790797948837
855 0.004298115149140358
856 0.0018924997420981526
857 0.0007941774092614651
858 0.0004975054762326181
859 0.0006894567632116377
860 0.0005231568939052522
861 0.0004464337835088372
862 0.0013450413243845105
863 0.00015836361853871495
864 0.0005564127350226045
865 0.00022536370670422912
866 0.0010493975132703781
867 0.0008078920072875917
868 0.0002789740974549204
869 0.0006730561144649982
870 0.00023708544904366136
871 0.00021645589731633663
872 0.0004999444936402142
873 0.0009113179985433817
874 0.0010360571322962642
875 0.004623815882951021
876 0.0006096471915952861
877 0.015019724145531654
878 0.005165962502360344
879 0.034553058445453644
880 0.03004281036555767
881 0.0029941191896796227
882 0.0006736037321388721
883 0.0003789022739510983
884 0.00036949387867935
885 0.00017277260485570878
886 0.00020710122771561146
887 0.0001011263084365055
888 0.00011184404138475657
889 9.575126750860363e-05
890 0.00024163714260794222
891 0.00017383930389769375
892 3.6664336221292615e-05
893 0.00036885993904434144
894 0.00012773176422342658
895 7.190406176960096e-05
896 5.802459054393694e-05
897 0.00038812149432487786
898 0.00017384387319907546
899 0.000324996275594458
900 0.00039284545346163213
901 8.451896428596228e-05
902 8.352160512004048e-05
903 9.275514457840472e-05
904 0.0002518176625017077
905 0.00023822981165722013
906 6.478158320533112e-05
907 0.00010379303421359509
908 0.00013472969294525683
909 4.032727156300098e-05
910 0.00010750461660791188
911 7.284139428520575e-05
912 7.163392001530156e-05
913 0.00012919788423459977
914 0.0002694686409085989
915 0.00015996955335140228
916 0.00060841697268188
917 0.0009769770549610257
918 0.0004301471053622663
919 0.0007043712539598346
920 0.00022219645325094461
921 7.380628085229546e-05
922 0.00047436411841772497
923 0.00025065577938221395
924 0.00048370991135016084
925 0.0015883931191638112
926 0.0030640813056379557
927 0.0004980773665010929
928 0.0006814677617512643
929 0.00043363988515920937
930 0.0023861024528741837
931 0.0004900163039565086
932 0.0016357414424419403
933 0.0005722984205931425
934 0.00040182340308092535
935 0.0005590837099589407
936 0.0018113063415512443
937 0.00031429374939762056
938 0.0005662622861564159
939 0.0001882144861156121
940 0.0004102153761778027
941 0.0005022024852223694
942 0.00018044417083729059
943 0.0002949714835267514
944 0.00015018538397271186
945 0.00011738937610061839
946 0.0001074995452654548
947 6.28477064310573e-05
948 3.507792644086294e-05
949 8.554953092243522e-05
950 0.00011760416236938909
951 0.00014635216211900115
952 9.697941277408972e-05
953 0.00024064246099442244
954 0.0016154238255694509
955 0.0019822968170046806
956 0.0004546728450804949
957 0.01590435579419136
958 0.02399221621453762
959 0.027974165976047516
960 0.0032289724331349134
961 0.00023564633738715202
962 0.0005419828812591732
963 0.0002137595583917573
964 0.0003224860702175647
965 0.00027926600887440145
966 7.903286314103752e-05
967 8.625271584605798e-05
968 0.00013072643196210265
969 6.946185749256983e-05
970 6.419971759896725e-05
971 7.970114529598504e-05
972 4.250353595125489e-05
973 4.2596133425831795e-05
974 0.0001068626152118668
975 9.317969670519233e-05
976 0.00010006174852605909
977 0.00015890455688349903
978 0.0002148503699572757
979 8.253509440692142e-05
980 0.0001589682069607079
981 7.801125320838764e-05
982 6.804823351558298e-05
983 3.8126901927171275e-05
984 7.626712613273412e-05
985 0.00027558731380850077
986 0.000212056067539379
987 0.00017178311827592552
988 0.00020166656759101897
989 0.0001753492106217891
990 0.0003599905176088214
991 0.0007431425619870424
992 0.00040089269168674946
993 0.00016577838687226176
994 0.00010945996473310515
995 9.64963692240417e-05
996 0.0002362214436288923
997 0.0033651995472609997
998 0.001969441771507263
999 0.002048349240794778
