0 13.746125221252441
1 4.101387023925781
2 9.881641387939453
3 8.10391902923584
4 8.685704231262207
5 4.59834623336792
6 5.351165771484375
7 1.7015329599380493
8 3.152648448944092
9 2.26137375831604
10 2.5327394008636475
11 0.9187434315681458
12 0.5139680504798889
13 0.17612861096858978
14 0.12081192433834076
15 0.05407148227095604
16 0.021903561428189278
17 0.01712191104888916
18 0.013230806216597557
19 0.006874470505863428
20 0.006288908887654543
21 0.004358683712780476
22 0.0033557212445884943
23 0.0021408048924058676
24 0.0024696392938494682
25 0.0013157922076061368
26 0.001732470584101975
27 0.0011242973851040006
28 0.0017162896692752838
29 0.0010097665945068002
30 0.001088615506887436
31 0.0008104249718599021
32 0.0005330694257281721
33 0.0007924082456156611
34 0.0005861108656972647
35 0.0007917415350675583
36 0.0008326765964739025
37 0.000232992839301005
38 0.00036242546048015356
39 0.00037959194742143154
40 0.0009073663968592882
41 0.00018685319810174406
42 0.0003698489745147526
43 0.0003280259552411735
44 0.0001914101594593376
45 0.00013228284660726786
46 0.0002967606415040791
47 0.0005297440802678466
48 0.000527225318364799
49 0.00011053025082219392
50 0.00031125079840421677
51 0.0001598263334017247
52 0.00020587470498867333
53 0.00012845957826357335
54 0.00021078932331874967
55 8.425946725765243e-05
56 0.00027329643489792943
57 0.00037239346420392394
58 0.00020189935457892716
59 0.00013227075396571308
60 0.00011566341709112749
61 7.178619125625119e-05
62 0.00019248930038884282
63 0.00013606531138066202
64 0.0002748988918028772
65 0.00013660191325470805
66 0.00014461383398156613
67 0.0002053202042588964
68 0.0002977296826429665
69 0.00011249891394982114
70 0.000344965752447024
71 0.00022019063180778176
72 0.00015617310418747365
73 0.0001099803630495444
74 0.0002348241105210036
75 7.369060040218756e-05
76 0.00018578747403807938
77 0.00017677314463071525
78 0.0003033895627595484
79 0.00018286104022990912
80 8.94318800419569e-05
81 4.779070150107145e-05
82 0.0001337263238383457
83 0.0001247259642696008
84 4.364392952993512e-05
85 0.00015515356790274382
86 7.230766641441733e-05
87 0.0001289088249905035
88 0.0002378412609687075
89 9.647289698477834e-05
90 0.0001630127226235345
91 0.00018817379896063358
92 7.103951065801084e-05
93 0.00020739984756801277
94 0.00013051324640400708
95 6.87597130308859e-05
96 0.00023082102416083217
97 3.509434827719815e-05
98 0.00020697657600976527
99 0.00011095745139755309
100 0.00021427345927804708
101 5.3426534577738494e-05
102 0.00017444344121031463
103 0.00013638970267493278
104 5.998558481223881e-05
105 0.00011718249879777431
106 0.00010175389616051689
107 5.623263132292777e-05
108 0.00011536847159732133
109 0.00010157395445276052
110 0.0001923239469761029
111 0.0001468008995288983
112 0.0001081899827113375
113 0.0001097275671781972
114 0.00010108045535162091
115 5.393888568505645e-05
116 5.896450238651596e-05
117 0.00011471151083242148
118 6.822944851592183e-05
119 9.334234346169978e-05
120 8.855585474520922e-05
121 0.00012382226123008877
122 0.0001653918152442202
123 4.238219480612315e-05
124 7.697629189351574e-05
125 0.00013861920160707086
126 6.760373071301728e-05
127 8.730836998438463e-05
128 7.640915282536298e-05
129 6.710965681122616e-05
130 5.9045330999651924e-05
131 8.984684973256662e-05
132 8.466637518722564e-05
133 0.00012286962009966373
134 0.00011477895168354735
135 7.020648627076298e-05
136 0.00018779058882500976
137 4.6662160457344726e-05
138 9.981953189708292e-05
139 0.00011555212404346094
140 4.7613444621674716e-05
141 6.335053330985829e-05
142 0.00010842931078514084
143 6.104205385781825e-05
144 6.0147023759782314e-05
145 9.241934458259493e-05
146 0.00013325177133083344
147 0.0004602696863003075
148 0.0006554521969519556
149 0.0003397551190573722
150 0.0013275460805743933
151 0.00604987982660532
152 0.001109928241930902
153 0.008541387505829334
154 0.004162485245615244
155 0.002894423669204116
156 0.02059127576649189
157 0.0026339907199144363
158 0.0011512418277561665
159 0.002434269292280078
160 0.003910550847649574
161 0.003607860766351223
162 0.0017179575515910983
163 0.0004179669776931405
164 0.011001450940966606
165 0.004342473577708006
166 0.0018669345881789923
167 0.0013345612678676844
168 0.0011494645150378346
169 0.00018544847262091935
170 9.752711048349738e-05
171 0.00010171715257456526
172 0.0001222594000864774
173 0.00012524887279141694
174 0.0006270967423915863
175 0.00023808541300240904
176 0.000262187939370051
177 0.00010663819557521492
178 0.00019321206491440535
179 0.00011594975512707606
180 0.00011489394819363952
181 4.398883902467787e-05
182 7.138679939089343e-05
183 7.339898002101108e-05
184 9.171952115138993e-05
185 7.154193008318543e-05
186 2.728263098106254e-05
187 8.528815669706091e-05
188 0.00012609570694621652
189 8.259533206000924e-05
190 0.0001773839321685955
191 0.00021975133859086782
192 5.812169183627702e-05
193 9.224849054589868e-05
194 0.00013782204769086093
195 8.008703298401088e-05
196 0.00020792918803635985
197 0.0001368809025734663
198 0.00024241713981609792
199 0.0006659977370873094
200 0.0001749788789311424
201 7.280223508132622e-05
202 8.677374717080966e-05
203 0.0001010253545246087
204 0.0002671209804248065
205 7.24272831575945e-05
206 0.00010820817260537297
207 5.668132143910043e-05
208 6.517089059343562e-05
209 0.00013711659994442016
210 6.672494782833382e-05
211 0.00012260870425961912
212 0.0001200193801196292
213 7.986409036675468e-05
214 0.00010326867777621374
215 0.00011421259841881692
216 5.353120286599733e-05
217 8.395557233598083e-05
218 6.736873183399439e-05
219 0.0006288168369792402
220 0.010361925698816776
221 0.003205202054232359
222 0.0019517025211825967
223 0.0028826517518609762
224 0.0005463720881380141
225 0.025466032326221466
226 0.00819056760519743
227 0.018256988376379013
228 0.002917809644713998
229 0.004719345364719629
230 0.001645959448069334
231 0.0008861356182023883
232 0.0014709624228999019
233 0.00016278840485028923
234 0.0005815477925352752
235 0.00023223875905387104
236 0.00022517259640153497
237 0.0001692173827905208
238 0.00011964333680225536
239 0.00014147645561024547
240 0.00018256314797326922
241 0.00016187859000638127
242 6.450169166782871e-05
243 0.00024072166706901044
244 0.0001460353669244796
245 0.00010781427408801392
246 6.786583981011063e-05
247 6.167824903968722e-05
248 1.9086624888586812e-05
249 0.0001367255754303187
250 8.955998055171221e-05
251 0.00015888933558017015
252 0.00014438944344874471
253 0.001793796312995255
254 0.0022399064619094133
255 0.0019114881288260221
256 0.0002586425107438117
257 0.00015089732187334448
258 0.000185017182957381
259 0.0003335676738061011
260 8.642350439913571e-05
261 6.73993126838468e-05
262 8.919886749936268e-05
263 9.710539598017931e-05
264 0.00024593630223535
265 7.61102928663604e-05
266 0.0009119660826399922
267 0.004456622991710901
268 0.014356385916471481
269 0.0009652312146499753
270 0.0009678320493549109
271 0.00047746754717081785
272 0.0010208288440480828
273 0.0004044023808091879
274 0.0005197878926992416
275 0.00015961735334713012
276 0.000414182897657156
277 0.00019245062139816582
278 0.0005109604098834097
279 0.00021015891979914159
280 0.0018370912875980139
281 0.010068760253489017
282 0.0028919056057929993
283 0.0012764825951308012
284 0.0008590861689299345
285 0.0006126089137978852
286 0.0002599477884359658
287 0.001341282739304006
288 0.0017223996110260487
289 0.0007365635829046369
290 0.0008885986753739417
291 0.0002699479227885604
292 0.0004178078379482031
293 0.0005166053306311369
294 0.00010562568786554039
295 0.0003377388638909906
296 0.0005490847397595644
297 3.394055966055021e-05
298 0.00021992910478729755
299 0.00021307791757863015
300 0.0004496096807997674
301 0.001725422334857285
302 0.00037711323238909245
303 0.00021559909509960562
304 0.00011311226262478158
305 6.329720781650394e-05
306 5.8710527810035273e-05
307 8.99309670785442e-05
308 0.0002472137566655874
309 0.00016762669838499278
310 0.0001148732117144391
311 7.772545359330252e-05
312 0.0003107422962784767
313 0.00011164113675476983
314 0.00015484420873690397
315 5.5142307246569544e-05
316 0.005779695231467485
317 0.04952454939484596
318 0.004028873983770609
319 0.0007460595807060599
320 0.00031980598578229547
321 0.0014321071794256568
322 0.0009745002607814968
323 0.0025139376521110535
324 0.0013654411304742098
325 0.000677470292430371
326 0.0003792820207308978
327 0.000902302679605782
328 0.00013962702360004187
329 0.000265961280092597
330 0.00011230554082430899
331 0.00010411874245619401
332 0.00041105147101916373
333 0.0004320885636843741
334 0.0005149756325408816
335 6.118052988313138e-05
336 8.72798336786218e-05
337 0.00010073979501612484
338 0.00021102401660755277
339 0.0001464986416976899
340 0.00013614879571832716
341 0.0007799601880833507
342 8.173208334483206e-05
343 0.0009854238014668226
344 0.00023913587210699916
345 0.022505279630422592
346 0.008564946241676807
347 0.0018931597005575895
348 0.003241635160520673
349 0.0008657434955239296
350 0.00020543202117551118
351 0.000351656781276688
352 0.00010172344627790153
353 0.00010183927224716172
354 4.351143434178084e-05
355 7.854148134356365e-05
356 5.3567735449178144e-05
357 5.59944637643639e-05
358 5.885108112124726e-05
359 0.0001744164910633117
360 6.383589061442763e-05
361 8.202236494980752e-05
362 5.1882921979995444e-05
363 0.00015335041098296642
364 7.976394408615306e-05
365 4.152522888034582e-05
366 7.815624121576548e-05
367 0.0003248779976274818
368 0.0002948304172605276
369 6.520944589283317e-05
370 0.00039302007644437253
371 0.00011249517410760745
372 9.768441668711603e-05
373 0.00010054980521090329
374 0.00012379766849335283
375 6.13965094089508e-05
376 9.667784615885466e-05
377 9.440939174965024e-05
378 5.5257987696677446e-05
379 7.898441253928468e-05
380 0.0001754014811012894
381 4.2182309698546305e-05
382 9.482288442086428e-05
383 0.00011933636415051296
384 0.0004322378954384476
385 0.00043285981519147754
386 0.03399202227592468
387 0.047625601291656494
388 0.010888753458857536
389 0.006323650479316711
390 0.001412707380950451
391 0.005782354157418013
392 0.0022435332648456097
393 0.002491831546649337
394 0.0023637244012206793
395 0.0005394910695031285
396 0.0005143976304680109
397 0.0006151020061224699
398 0.0002958303957711905
399 0.0009137903689406812
400 0.003492149757221341
401 0.006782312877476215
402 0.007577045820653439
403 0.008123648352921009
404 0.01868135668337345
405 0.0040903473272919655
406 0.0017019780352711678
407 0.000611227354966104
408 0.0003193514421582222
409 0.0003087005752604455
410 0.00027572843828238547
411 0.00041991545003838837
412 0.00017763931828085333
413 0.00018359662499278784
414 0.00015407912724185735
415 0.00013704964658245444
416 0.00012661131040658802
417 0.0005886710132472217
418 0.00019601325038820505
419 0.00038870563730597496
420 0.00011368210834916681
421 0.00015220623754430562
422 0.0002346783148823306
423 0.0001838912721723318
424 8.693036215845495e-05
425 0.00013083979138173163
426 8.990968490252271e-05
427 0.00025618611834943295
428 0.00035768336965702474
429 0.00019445536599960178
430 0.00018313391774427146
431 9.481891174800694e-05
432 6.021025183144957e-05
433 7.68649042584002e-05
434 9.42667102208361e-05
435 6.904650945216417e-05
436 7.722272857790813e-05
437 7.715536776231602e-05
438 0.00021530369122046977
439 0.00017454767657909542
440 9.812210919335485e-05
441 0.00022864690981805325
442 0.0001216539676534012
443 0.0002377419441472739
444 7.167589501477778e-05
445 0.00022918835747987032
446 9.71598710748367e-05
447 0.00011839598300866783
448 0.00014618373825214803
449 0.00015420065028592944
450 0.0001561035169288516
451 0.00014825684775132686
452 0.0003361868148203939
453 0.00027789853629656136
454 0.00032396308961324394
455 0.00011833067401312292
456 0.00018604776414576918
457 0.0001734819234116003
458 9.573402348905802e-05
459 0.00013071041030343622
460 0.0003343554853927344
461 0.0011145955650135875
462 0.0006440575234591961
463 0.0010797858703881502
464 0.0004224261792842299
465 0.0001693858066573739
466 0.00011507960880408064
467 5.278207390801981e-05
468 0.00014847292914055288
469 0.0002172046370105818
470 0.00017151502834167331
471 9.025586768984795e-05
472 0.0005190582014620304
473 0.00016363222675863653
474 0.00023420706565957516
475 0.00015739176888018847
476 8.596458792453632e-05
477 0.0001068897036020644
478 0.0002557691768743098
479 0.0003649088612291962
480 6.433652015402913e-05
481 0.0003068920341320336
482 0.0007945221150293946
483 0.0014792950823903084
484 0.009451787918806076
485 0.018269918859004974
486 0.010893316939473152
487 0.01507066935300827
488 0.00928675476461649
489 0.0101131247356534
490 0.003758754814043641
491 0.0006207883707247674
492 0.00035553501220420003
493 0.0003659652720671147
494 0.0001915973552968353
495 0.00013163294352125376
496 7.494480087189004e-05
497 5.1836737839039415e-05
498 4.2470666812732816e-05
499 3.505010681692511e-05
500 4.239389454596676e-05
501 3.690431549330242e-05
502 5.9104208048665896e-05
503 4.16051916545257e-05
504 0.0002482367563061416
505 9.589537512511015e-05
506 4.620816253009252e-05
507 3.992131314589642e-05
508 6.814175867475569e-05
509 3.749782626982778e-05
510 5.438037624116987e-05
511 7.213658682303503e-05
512 4.9782047426560894e-05
513 6.94211630616337e-05
514 2.9519087547669187e-05
515 5.086664532427676e-05
516 7.592811016365886e-05
517 6.815861706854776e-05
518 3.568896136130206e-05
519 4.211015038890764e-05
520 7.516481855418533e-05
521 0.00013518701598513871
522 0.00011405866098357365
523 3.6344255931908265e-05
524 0.00011589205678319559
525 0.00017336498422082514
526 0.0001417680032318458
527 0.00023845821851864457
528 0.00028703181305900216
529 6.878737622173503e-05
530 0.0001799111341824755
531 0.00017672775720711797
532 0.00038277191924862564
533 0.00036811429890803993
534 0.0005756613682024181
535 0.0009886343032121658
536 0.0005623844917863607
537 0.00013754135579802096
538 0.0003370898775756359
539 0.00013016974844504148
540 6.282639515120536e-05
541 0.0002952107461169362
542 0.0012173975119367242
543 0.002935323864221573
544 0.005045121069997549
545 0.0006182643701322377
546 0.0023671549279242754
547 0.0008514359942637384
548 0.0001906389807118103
549 0.00015364446153398603
550 0.0001291203370783478
551 8.348670962732285e-05
552 0.00010483643563929945
553 0.00016812985995784402
554 5.486250665853731e-05
555 4.6564364311052486e-05
556 6.386011955328286e-05
557 2.8545266104629263e-05
558 3.9898441173136234e-05
559 9.912586392601952e-05
560 0.00016393221449106932
561 0.00016447955567855388
562 0.0018493278184905648
563 0.0018117724684998393
564 0.002492002211511135
565 0.0011062667472288013
566 0.0009008350316435099
567 0.0003375454107299447
568 0.00030043619335629046
569 0.0011752643622457981
570 0.0025392768438905478
571 0.0022774599492549896
572 0.003428160911425948
573 0.010545584373176098
574 0.01666422374546528
575 0.0017005261033773422
576 0.002127938438206911
577 0.0003727942530531436
578 0.00038817556924186647
579 0.000259591790381819
580 0.0004630998591892421
581 0.0004888446419499815
582 0.0002540010609664023
583 0.00024321438104379922
584 0.0006436489638872445
585 0.00010712150105973706
586 0.0006349202012643218
587 0.00013774249237030745
588 0.00032873268355615437
589 0.0008620638982392848
590 0.00038049323484301567
591 0.00012821481504943222
592 0.00019333236559759825
593 0.0002147524937754497
594 0.00019234650244470686
595 0.00015766323485877365
596 0.0001686141185928136
597 0.00022558309137821198
598 0.0001137569488491863
599 0.00025372669915668666
600 0.0015061753802001476
601 0.0010448715183883905
602 0.0021250781137496233
603 0.0009755962528288364
604 0.0007346818456426263
605 0.0007464956725016236
606 0.0010905035305768251
607 0.0016961585497483611
608 0.002241868991404772
609 0.0005787579575553536
610 0.00039346906123682857
611 0.000150514897541143
612 0.0006379915284924209
613 0.00046753004426136613
614 0.006318782456219196
615 0.0018620146438479424
616 0.00017813775048125535
617 6.298292282735929e-05
618 0.00016095314640551805
619 0.00012726672866847366
620 5.9860340115847066e-05
621 0.00012796392547897995
622 2.7013044018531218e-05
623 4.8837329813977703e-05
624 0.00012382729619275779
625 5.2102277550147846e-05
626 0.00019225061987526715
627 0.0004309972864575684
628 0.00020938589295838028
629 0.00037094359868206084
630 0.0005898565868847072
631 0.00015266922127921134
632 0.0003763250424526632
633 0.0006906248163431883
634 0.0001518693898105994
635 0.0002960148558486253
636 0.00024431943893432617
637 0.0019444945501163602
638 0.0015228658448904753
639 0.002106691710650921
640 0.003327988786622882
641 0.04390648379921913
642 0.01964934542775154
643 0.027254382148385048
644 0.015775395557284355
645 0.004427121952176094
646 0.003023939672857523
647 0.0009240571525879204
648 0.00219336268492043
649 0.0006317256484180689
650 0.0002577165432740003
651 0.0008494157809764147
652 0.00023499620147049427
653 0.00025150590226985514
654 0.00026664219330996275
655 0.00015711609739810228
656 0.00022585353872273117
657 9.206071990774944e-05
658 0.0003460087755229324
659 7.190719770733267e-05
660 4.044720481033437e-05
661 8.523874566890299e-05
662 5.958339897915721e-05
663 9.666138794273138e-05
664 7.58038877393119e-05
665 4.310670919949189e-05
666 3.564131839084439e-05
667 6.39168283669278e-05
668 0.00013746364857070148
669 0.00010731480870163068
670 4.271223951946013e-05
671 0.00012433715164661407
672 0.00010084966925205663
673 0.00014313946303445846
674 0.00014723892672918737
675 8.354807505384088e-05
676 0.00011966509919147938
677 0.00011019624798791483
678 0.00010978399950545281
679 4.4100204831920564e-05
680 0.0001556733768666163
681 0.00011440754315117374
682 0.0002938148973044008
683 0.0003131251723971218
684 6.1154889408499e-05
685 9.012273221742362e-05
686 0.00029737030854448676
687 0.00011617607378866524
688 2.8247539376025088e-05
689 4.413430724525824e-05
690 3.3613625419093296e-05
691 9.484524343861267e-05
692 9.780743857845664e-05
693 4.735932816402055e-05
694 2.7292719096294604e-05
695 4.392345726955682e-05
696 9.98247487586923e-05
697 2.891143594752066e-05
698 0.00012514580157585442
699 0.00020914763445034623
700 0.000203344359761104
701 0.00038018461782485247
702 0.00031324202427640557
703 0.0006439911667257547
704 0.0001441612548660487
705 6.354418292175978e-05
706 0.00013063728692941368
707 0.0002948643814306706
708 0.00014237711729947478
709 0.00014620630827266723
710 0.00027016070089302957
711 0.000130483036627993
712 0.00044439794146455824
713 0.0004896607715636492
714 0.0008973137009888887
715 0.00075905880657956
716 0.001294565387070179
717 0.001728603383526206
718 0.0004417713498696685
719 0.0004025255038868636
720 0.000479608541354537
721 0.0005946937017142773
722 0.0002911105111707002
723 0.00014637591084465384
724 0.0001996568898903206
725 0.00025106879184022546
726 0.00017261406173929572
727 0.0002864635898731649
728 7.931871368782595e-05
729 2.627820686029736e-05
730 2.8168085918878205e-05
731 7.885910599725321e-05
732 7.255315722431988e-05
733 9.353712084703147e-05
734 0.00021261039364617318
735 0.00010351130913477391
736 0.00032863306114450097
737 0.00024221448984462768
738 0.0003397108521312475
739 0.00018161442130804062
740 8.979500853456557e-05
741 0.0001289837819058448
742 0.00024677434703335166
743 0.000639698002487421
744 0.00047209998592734337
745 0.0005604542093351483
746 0.0001753318210830912
747 0.00019204092677682638
748 8.972720388555899e-05
749 0.00018475402612239122
750 0.00012314121704548597
751 0.00011500254913698882
752 0.00012799449905287474
753 4.601312321028672e-05
754 6.584965012734756e-05
755 0.0002478067472111434
756 0.0003121585468761623
757 0.0017143702134490013
758 0.0005297587485983968
759 0.00013774952094536275
760 9.811072231968865e-05
761 0.002941094571724534
762 0.0013950945576652884
763 0.0003932376275770366
764 0.0004374045820441097
765 0.0006267924909479916
766 0.0001918386114994064
767 0.00028285032021813095
768 0.0026389160193502903
769 0.0011556493118405342
770 0.0009347948944196105
771 0.0023434979375451803
772 0.0028932271525263786
773 0.00780976377427578
774 0.00175480789039284
775 0.0185342226177454
776 0.04479081928730011
777 0.004887907300144434
778 0.000614230870269239
779 0.0008248108788393438
780 0.0005073102656751871
781 0.00045422848779708147
782 0.0006535975262522697
783 0.0008443312253803015
784 0.0013553668977692723
785 0.002209231723099947
786 0.016131088137626648
787 0.007425777148455381
788 0.00486840819939971
789 0.003624021541327238
790 0.002127282088622451
791 0.001567150466144085
792 0.0005240666796453297
793 0.0002972915244754404
794 7.951170846354216e-05
795 0.00030752125894650817
796 9.966058860300109e-05
797 6.452242087107152e-05
798 8.640445594210178e-05
799 4.8225036152871326e-05
800 4.5933498768135905e-05
801 2.981046236527618e-05
802 5.139932545716874e-05
803 7.230306800920516e-05
804 4.459960837266408e-05
805 4.869443000643514e-05
806 4.659719706978649e-05
807 2.9689543225686066e-05
808 6.610977288801223e-05
809 8.525247540092096e-05
810 8.889099262887612e-05
811 3.7585337850032374e-05
812 4.0469789382768795e-05
813 3.9769358409103006e-05
814 6.017741543473676e-05
815 5.6529806897742674e-05
816 6.288218719419092e-05
817 4.230771810398437e-05
818 7.429166726069525e-05
819 7.697573164477944e-05
820 4.481682844925672e-05
821 0.00014665564231108874
822 0.0001155984282377176
823 0.0001452910219086334
824 0.0001139109444920905
825 6.643259257543832e-05
826 0.0005848193541169167
827 0.0003255900810472667
828 0.00016835906717460603
829 0.00025555718457326293
830 0.0028686756268143654
831 0.00017057708464562893
832 0.0004903984954580665
833 8.410749433096498e-05
834 0.0006408935878425837
835 0.0003014121321029961
836 0.0009229821152985096
837 0.002866683527827263
838 0.0010462726932018995
839 0.0013093289453536272
840 0.00020108712487854064
841 0.0004537004861049354
842 0.00020379136549308896
843 0.0001599257084308192
844 9.589089313521981e-05
845 5.3113093599677086e-05
846 0.00010112455493072048
847 0.0017983184661716223
848 0.0001319678412983194
849 0.0003561961348168552
850 0.00011611769150476903
851 0.00028458156157284975
852 7.070235733408481e-05
853 0.00011962260032305494
854 0.00019786589837167412
855 0.0001657736283959821
856 0.0007941520307213068
857 0.0007655197405256331
858 0.0009226578404195607
859 0.00028381351148709655
860 0.004809399135410786
861 0.000912317365873605
862 0.001071422128006816
863 0.00032586956513114274
864 7.728933269390836e-05
865 7.116463530110195e-05
866 0.0001861604250734672
867 0.00042021891567856073
868 0.0005053315544500947
869 0.001776751596480608
870 0.002628841670230031
871 0.0010032865684479475
872 0.0026253468822687864
873 0.001284428290091455
874 0.0018819790566340089
875 0.006878053769469261
876 0.002386553445830941
877 0.0014951046323403716
878 0.0007288821507245302
879 0.000978835392743349
880 0.0017526797018945217
881 0.006740228738635778
882 0.006663134321570396
883 0.001018220093101263
884 0.004267727490514517
885 0.0014358236221596599
886 0.0004507604753598571
887 0.00023897612118162215
888 0.00043390842620283365
889 0.0003290534077677876
890 0.0015644410159438848
891 0.00047689417260698974
892 0.0009408014011569321
893 0.03381512314081192
894 0.0043832468800246716
895 0.004712567199021578
896 0.001063913688994944
897 0.00021249438577797264
898 0.00033462539431639016
899 0.00032970853499136865
900 0.00013656762894243002
901 0.00015503098256886005
902 0.00031557652982883155
903 0.0001967735297512263
904 0.00012931828678119928
905 0.00029066699789837003
906 0.0005217674770392478
907 0.00019084870291408151
908 0.00015659397467970848
909 0.00010796509741339833
910 0.0001916001201607287
911 9.172238787868991e-05
912 9.644428064348176e-05
913 0.00020111804769840091
914 7.801493484294042e-05
915 0.0001148738301708363
916 0.00022101598733570427
917 0.00021743639081250876
918 0.00011107032332802191
919 0.00015695828187745064
920 0.0001199559701490216
921 0.00024624570505693555
922 0.00020117731764912605
923 0.00015545636415481567
924 9.953859989764169e-05
925 0.00014783075312152505
926 7.969026773935184e-05
927 4.5098320697434247e-05
928 5.1554470701375976e-05
929 3.677021959447302e-05
930 0.0001333988329861313
931 0.0002441749966237694
932 0.00032766343792900443
933 0.00014641739835496992
934 0.0001888386468635872
935 0.0001872287830337882
936 0.00011687478399835527
937 7.412394188577309e-05
938 0.00017655020928941667
939 0.00041796243749558926
940 0.00013399531599134207
941 0.0004198281967546791
942 9.853687515715137e-05
943 5.244473140919581e-05
944 4.105579137103632e-05
945 4.752042514155619e-05
946 8.04906667326577e-05
947 0.0001494308526162058
948 0.00021110352827236056
949 0.0018957310821861029
950 0.0026850723661482334
951 0.0049287378787994385
952 0.001627676305361092
953 0.0012420404236763716
954 0.001293733948841691
955 0.0066999108530581
956 0.0018797110533341765
957 0.0009045740589499474
958 0.00015540873573627323
959 0.00017219199799001217
960 0.00010182985715800896
961 6.043667235644534e-05
962 0.00023786144447512925
963 0.00010364267654949799
964 0.0003836398245766759
965 0.00012082763714715838
966 0.00016249425243586302
967 0.00013961423246655613
968 5.4005260608391836e-05
969 6.954430136829615e-05
970 4.158548472332768e-05
971 0.00016667063755448908
972 3.152227873215452e-05
973 0.00024625708465464413
974 0.00015941157471388578
975 0.00011293590068817139
976 0.00011436507338657975
977 0.00011542279389686882
978 3.568743704818189e-05
979 3.6833171179750934e-05
980 6.891389784868807e-05
981 0.00015051061927806586
982 0.00022003438789397478
983 0.00019538974447641522
984 0.00010229097097180784
985 6.0159669374115765e-05
986 6.351702904794365e-05
987 8.550203347112983e-05
988 6.120822217781097e-05
989 5.790013528894633e-05
990 9.12998293642886e-05
991 0.00012900985893793404
992 8.288110257126391e-05
993 0.00010414215648779646
994 9.914259135257453e-05
995 0.000207411459996365
996 0.0001836442097555846
997 0.0005880618700757623
998 0.00047737485147081316
999 0.00042303468217141926
