0 4.067944526672363
1 2.9239041805267334
2 0.7812073230743408
3 1.0749515295028687
4 2.5999181270599365
5 1.2001582384109497
6 0.643139660358429
7 0.5448342561721802
8 0.3982158899307251
9 0.2579280436038971
10 0.4001317620277405
11 0.4288148880004883
12 0.19269095361232758
13 0.1838502585887909
14 0.17996038496494293
15 0.13686847686767578
16 0.06641639024019241
17 0.06912773847579956
18 0.0732114240527153
19 0.08604887127876282
20 0.05236032232642174
21 0.060712434351444244
22 0.052695050835609436
23 0.03477003052830696
24 0.04021036997437477
25 0.03262313827872276
26 0.03694048523902893
27 0.023377027362585068
28 0.02071320451796055
29 0.02958054281771183
30 0.02432085946202278
31 0.021648261696100235
32 0.023998765274882317
33 0.024814946576952934
34 0.021237481385469437
35 0.015700697898864746
36 0.019470959901809692
37 0.011872037313878536
38 0.014281479641795158
39 0.011136227287352085
40 0.010842643678188324
41 0.012227484956383705
42 0.017185965552926064
43 0.012579143978655338
44 0.018592052161693573
45 0.01042909361422062
46 0.01155941840261221
47 0.011761240661144257
48 0.0071265241131186485
49 0.007729767821729183
50 0.00961965974420309
51 0.007845033891499043
52 0.009001719765365124
53 0.007723006419837475
54 0.009018730372190475
55 0.009155763313174248
56 0.009523236192762852
57 0.005138790234923363
58 0.010255977511405945
59 0.004833225626498461
60 0.009653042070567608
61 0.004554034676402807
62 0.007315658964216709
63 0.010624798946082592
64 0.018813032656908035
65 0.0034503634087741375
66 0.009317107498645782
67 0.0067331017926335335
68 0.0100617166608572
69 0.011415722779929638
70 0.0053514703176915646
71 0.006054549012333155
72 0.004700899124145508
73 0.006688673514872789
74 0.0066408514976501465
75 0.008693642914295197
76 0.010661417618393898
77 0.0029856846667826176
78 0.011550798080861568
79 0.009039103984832764
80 0.010008676908910275
81 0.004243002738803625
82 0.010593878105282784
83 0.009467072784900665
84 0.007774366531521082
85 0.006233443506062031
86 0.006047717295587063
87 0.0067208027467131615
88 0.008053099736571312
89 0.004324279259890318
90 0.007534580305218697
91 0.006932100281119347
92 0.0072570801712572575
93 0.007558934390544891
94 0.01157764159142971
95 0.005493014585226774
96 0.004804688040167093
97 0.0052551524713635445
98 0.006063752342015505
99 0.013295907527208328
100 0.009206336922943592
101 0.00467239785939455
102 0.013367637991905212
103 0.005756512749940157
104 0.006003044079989195
105 0.007387618999928236
106 0.007752162404358387
107 0.005797167308628559
108 0.004341157153248787
109 0.003432357916608453
110 0.006813668180257082
111 0.005780272651463747
112 0.004055961966514587
113 0.006530775688588619
114 0.0023652976378798485
115 0.0038748777005821466
116 0.005451966542750597
117 0.003650417784228921
118 0.004429140128195286
119 0.006585181690752506
120 0.0028482757043093443
121 0.004013442434370518
122 0.004758021328598261
123 0.004179810639470816
124 0.0041147745214402676
125 0.01658005267381668
126 0.0034229287412017584
127 0.0031069035176187754
128 0.003980119712650776
129 0.005259825848042965
130 0.0029207756742835045
131 0.002306881593540311
132 0.0022979481145739555
133 0.0076602608896791935
134 0.0035453338641673326
135 0.0041879103519022465
136 0.003545898012816906
137 0.0035436495672911406
138 0.0038987917359918356
139 0.00598837761208415
140 0.0024821984115988016
141 0.0018966158386319876
142 0.003480366664007306
143 0.004878253675997257
144 0.0035260252188891172
145 0.003374172141775489
146 0.0025995627511292696
147 0.0025498520117253065
148 0.002688016975298524
149 0.0030664189253002405
150 0.0032316038850694895
151 0.0036208396777510643
152 0.003878300078213215
153 0.0020363719668239355
154 0.00350138358771801
155 0.006305573508143425
156 0.0014839513460174203
157 0.001901053823530674
158 0.0046163867227733135
159 0.0014701272593811154
160 0.0023532065097242594
161 0.0025883475318551064
162 0.004374003037810326
163 0.00169521220959723
164 0.00218137982301414
165 0.003489640774205327
166 0.014973651617765427
167 0.004228173289448023
168 0.0020142069552093744
169 0.005327204242348671
170 0.0014803814701735973
171 0.0024012927897274494
172 0.0028243199922144413
173 0.004761167336255312
174 0.0014317082241177559
175 0.0016331995138898492
176 0.002154675545170903
177 0.0014833991881459951
178 0.002180103212594986
179 0.0010078151244670153
180 0.006952366326004267
181 0.0049276333302259445
182 0.001967197982594371
183 0.0023535743821412325
184 0.0018729041330516338
185 0.0010339628206565976
186 0.0028245849534869194
187 0.0017186662880703807
188 0.00038358106394298375
189 0.00046016843407414854
190 0.002691029803827405
191 0.0032654220703989267
192 0.0011090131010860205
193 0.0007786725182086229
194 0.000821886002086103
195 0.002049537841230631
196 0.0010023462818935513
197 0.0011383839882910252
198 0.0019670301117002964
199 0.0009512616670690477
200 0.0012590772239491343
201 0.0028740011621266603
202 0.001964198425412178
203 0.01050628162920475
204 0.011588254943490028
205 0.00102612457703799
206 0.001031606807373464
207 0.00042807075078599155
208 0.005741001106798649
209 0.004435724578797817
210 0.0016648638993501663
211 0.00045319710625335574
212 0.0005079598631709814
213 0.0035400802735239267
214 0.0012111567193642259
215 0.0009008973720483482
216 0.0016147566493600607
217 0.0007982720853760839
218 0.0007490189163945615
219 0.002655118703842163
220 0.0008274629944935441
221 0.0007030820124782622
222 0.0005669169477187097
223 0.0004516506742220372
224 0.0006266784039326012
225 0.003857813775539398
226 0.0037990452256053686
227 0.00045975265675224364
228 0.0007302365265786648
229 0.0042586070485413074
230 0.0007655563531443477
231 0.0007698718109168112
232 0.007383496034890413
233 0.0003393726365175098
234 0.00027980838785879314
235 0.00044756775605492294
236 0.008615714497864246
237 0.000412363646319136
238 0.0010762385791167617
239 0.0022244530264288187
240 0.000611714378464967
241 0.0014214261900633574
242 0.002040861640125513
243 0.00815287884324789
244 0.0029628053307533264
245 0.0005498011596500874
246 0.00040323694702237844
247 0.0004886704264208674
248 0.0011669492814689875
249 0.0002049186878139153
250 0.00041273501119576395
251 0.0011396552436053753
252 0.0008898337255232036
253 0.005991763435304165
254 0.0006695261690765619
255 0.0007213306380435824
256 0.0004293569945730269
257 0.0007082104566507041
258 0.0007844550418667495
259 0.009262040257453918
260 0.0007257434190250933
261 0.00035286255297251046
262 0.0009309471352025867
263 0.00029922343674115837
264 0.0006615198217332363
265 0.0009607807151041925
266 0.0012251933803781867
267 0.0054328604601323605
268 0.001013643341138959
269 0.0007304761675186455
270 0.0014937781961634755
271 0.00029044889379292727
272 0.00034735025838017464
273 0.0006061451858840883
274 0.0008861729293130338
275 0.004464243538677692
276 0.001714911195449531
277 0.000435772817581892
278 0.0009425348835065961
279 0.00037815127870999277
280 0.00039279923657886684
281 0.0010620782850310206
282 0.0052957963198423386
283 0.0005955466767773032
284 0.0005599181167781353
285 0.0011462740367278457
286 0.009717004373669624
287 0.0011486239964142442
288 0.00475840549916029
289 0.0024031337816268206
290 0.0009728591539897025
291 0.0017202262533828616
292 0.0005336171598173678
293 0.0005206639179959893
294 0.0007849622052162886
295 0.001246482483111322
296 0.0011822929373010993
297 0.00025639007799327374
298 0.001056368462741375
299 0.0005263775237835944
300 0.0004694374219980091
301 0.0008682295447215438
302 0.003042821539565921
303 0.00028297529206611216
304 0.0005140493158251047
305 0.00038483255775645375
306 0.0021567584481090307
307 0.006288741249591112
308 0.00048821326345205307
309 0.0004340601444710046
310 0.0010748136555776
311 0.00040468020597472787
312 0.0004315114638302475
313 0.002834537997841835
314 0.0003358214453328401
315 0.001103141694329679
316 0.0009011876536533237
317 0.0023731067776679993
318 0.00022819897276349366
319 0.00033438284299336374
320 0.0003413993981666863
321 0.00971479993313551
322 0.00017213258252013475
323 0.0013691128697246313
324 0.0009701719391159713
325 0.0006919348379597068
326 0.006116787903010845
327 0.0012314836494624615
328 0.00036541480221785605
329 0.00026992993662133813
330 0.0009392071515321732
331 0.0001500092475907877
332 0.0003980103647336364
333 0.0006298820953816175
334 0.0008283318020403385
335 0.00014862332318443805
336 0.00025446011568419635
337 0.00017438727081753314
338 0.0005230779643170536
339 0.002233121544122696
340 0.0002218069857917726
341 0.0008404560503549874
342 0.002080298261716962
343 0.0014443104155361652
344 0.00891687162220478
345 0.0010655277874320745
346 0.0005106625612825155
347 0.0011165651958435774
348 0.00023382922518067062
349 0.0012920324224978685
350 0.002856392180547118
351 0.00023659893486183137
352 0.0024179648607969284
353 0.0012206346727907658
354 0.00022560905199497938
355 0.0006604510126635432
356 0.0006866688490845263
357 0.0004075398901477456
358 0.0005923680728301406
359 0.0005854714545421302
360 0.0013528653653338552
361 0.0010814876295626163
362 0.00042668782407417893
363 0.003552548121660948
364 0.001255995244719088
365 0.0007291538640856743
366 0.00023917086946312338
367 0.0009174259030260146
368 0.0011311236303299665
369 0.0003961360198445618
370 0.0011176611296832561
371 0.000991180306300521
372 0.000921072787605226
373 0.0018223607912659645
374 0.001082229777239263
375 0.00022235528740566224
376 0.0003269836015533656
377 0.0013340675504878163
378 0.0001517786440672353
379 0.00013952978770248592
380 0.0002411555906292051
381 0.0009367448510602117
382 0.0017341444035992026
383 0.0016187841538339853
384 0.0009863184532150626
385 0.00022596720373257995
386 0.00043730303877964616
387 0.00026630921638570726
388 0.00028462932095862925
389 0.00044415416778065264
390 0.0006229509017430246
391 0.0002746501413639635
392 0.017187820747494698
393 0.0023007658310234547
394 0.0007964228861965239
395 0.0008346172398887575
396 0.0002971611393149942
397 0.0005036619259044528
398 0.004717129748314619
399 0.0029933711048215628
400 0.0009021593723446131
401 0.0003952526312787086
402 0.0013623347040265799
403 0.0027708793058991432
404 0.00022850952518638223
405 0.00018977190484292805
406 0.00036743193049915135
407 0.00047987018479034305
408 0.00025295355590060353
409 0.0001600975083420053
410 0.0010163988918066025
411 0.0004743828030768782
412 0.0012260321527719498
413 0.0003002792363986373
414 0.00022270844783633947
415 0.00012891691585537046
416 0.002396645722910762
417 0.0006852955557405949
418 0.000879551051184535
419 0.0021606532391160727
420 0.0008501170086674392
421 0.00015516398707404733
422 0.0006604557856917381
423 0.003072790801525116
424 0.0004899087361991405
425 0.00017820819630287588
426 0.00037706259172409773
427 0.003018806455656886
428 0.0008259990136139095
429 0.0002512754581402987
430 0.002804589457809925
431 0.0035385387018322945
432 0.0007018547621555626
433 0.0005386709817685187
434 0.0006281027453951538
435 0.00031087134266272187
436 0.00021361179824452847
437 0.0007038518670015037
438 0.0004358089354354888
439 0.004173243883997202
440 0.001081894151866436
441 0.0005313543952070177
442 0.00018149173411075026
443 0.00021072164236102253
444 0.001238957280293107
445 0.009275868535041809
446 0.004011557903140783
447 0.0006335361977107823
448 0.0010920853819698095
449 0.0005178907886147499
450 0.0032947128638625145
451 0.007329580839723349
452 0.0004226120363455266
453 0.0020126760937273502
454 0.00017988099716603756
455 0.0007900614873506129
456 0.000615245895460248
457 0.00019707708270289004
458 0.0002652740804478526
459 0.0007525804685428739
460 0.0038314226549118757
461 0.00032146964804269373
462 0.0004987693391740322
463 0.0003757788217626512
464 0.0003162342472933233
465 0.0002286164090037346
466 0.0003684830735437572
467 0.001220894162543118
468 0.0011537537211552262
469 0.0011598134879022837
470 0.00024435241357423365
471 0.0014950331533327699
472 0.0006913139368407428
473 0.0004119234508834779
474 0.0005941049894317985
475 0.0011416806373745203
476 0.00046200293581932783
477 0.001101825968362391
478 0.0038177913520485163
479 0.0006114938296377659
480 0.0015566303627565503
481 0.0021800792310386896
482 0.00024228902475442737
483 0.0004420886398293078
484 0.0011303027858957648
485 0.00027511705411598086
486 0.0015129025559872389
487 0.0003144981455989182
488 0.0003761579573620111
489 0.0003216718905605376
490 0.0022122529335319996
491 0.0015217163600027561
492 0.002274216152727604
493 0.00043686272692866623
494 0.0009826641762629151
495 0.003713248996064067
496 0.0029130170587450266
497 0.0010866699740290642
498 0.00042250315891578794
499 0.0007145569543354213
500 0.000189811791642569
501 0.0003291092871222645
502 0.00157594692427665
503 0.0004744422039948404
504 0.00019426374637987465
505 0.00025983358500525355
506 0.004618047270923853
507 0.0005113451043143868
508 0.001038969843648374
509 0.0007513832533732057
510 0.0007101458613760769
511 0.0012356947408989072
512 0.003925655037164688
513 0.006530106533318758
514 0.0012153050629422069
515 0.001511438749730587
516 0.0001405856164637953
517 0.0003477484860923141
518 0.000942664104513824
519 0.0010698046535253525
520 0.001927627483382821
521 0.00027820267132483423
522 0.0001916672772495076
523 0.00022751632786821574
524 0.00042452188790775836
525 0.0005203440086916089
526 0.00015831641212571412
527 0.00018376013031229377
528 0.0004875634331256151
529 0.00024238372861873358
530 8.04057126515545e-05
531 0.0001666395692154765
532 0.0012496061390265822
533 0.00012189883273094893
534 0.0006074039847590029
535 0.007379970978945494
536 0.00012878997949883342
537 0.0008925436995923519
538 0.00021015165839344263
539 0.0008074617944657803
540 0.002568088937550783
541 0.00021051097428426147
542 0.0001248849875992164
543 0.00024176914303097874
544 0.00017012041644193232
545 0.00013999390648677945
546 0.0008628458599559963
547 0.0010283294832333922
548 0.0005440121167339385
549 0.00024812098126858473
550 0.0010788177605718374
551 0.0005977510008960962
552 0.000171666091773659
553 0.0006136710871942341
554 0.0015984681667760015
555 0.0008953068172559142
556 0.00044118412188254297
557 0.002863318892195821
558 0.0003588932449929416
559 0.0007918149931356311
560 0.0016290537314489484
561 0.0009891781955957413
562 0.0007613764610141516
563 0.000709870713762939
564 0.00041351866093464196
565 0.00010448960529174656
566 0.00012707131099887192
567 0.002066186163574457
568 0.0004503096279222518
569 0.0029736568685621023
570 0.0030292512383311987
571 0.00015527199138887227
572 0.0014334836741909385
573 0.0017998096300289035
574 0.0003337276866659522
575 0.000582169450353831
576 0.0013800007291138172
577 0.0002643500629346818
578 0.001306993537582457
579 0.0035821939818561077
580 0.0004773130058310926
581 0.0017010332085192204
582 0.0002926359884440899
583 0.001248677377589047
584 0.00024419225519523025
585 0.00012692372547462583
586 0.00010740265133790672
587 0.0013644875725731254
588 0.0005985507159493864
589 0.0009675416513346136
590 0.005439392756670713
591 8.372186857741326e-05
592 0.00042262242641299963
593 0.0007752206292934716
594 0.0014992905780673027
595 0.0005196986021474004
596 0.00038672168739140034
597 0.0007312846719287336
598 0.003984123934060335
599 0.00036303498200140893
600 0.00013693720393348485
601 7.909216947155073e-05
602 0.00012698302452918142
603 0.0007412476697936654
604 0.00041953937034122646
605 0.00038633315125480294
606 0.0012861705617979169
607 0.00040281633846461773
608 0.006271069403737783
609 0.004514632746577263
610 0.0012179508339613676
611 0.000705626851413399
612 0.0015781446127220988
613 0.00136769178789109
614 0.0004117250209674239
615 0.00013760410365648568
616 0.00019344290194567293
617 0.0007345940684899688
618 0.00030327113927342
619 0.001539666554890573
620 0.0006172714056447148
621 0.0023952729534357786
622 0.005257266573607922
623 0.00012513634283095598
624 0.0001571858156239614
625 0.004020933993160725
626 0.0013157704379409552
627 0.001096854219213128
628 0.0061127496883273125
629 0.0001913365995278582
630 0.0005432271864265203
631 0.00020771834533661604
632 0.00016287043399643153
633 0.00037178146885707974
634 0.00028155138716101646
635 0.00032184351584874094
636 0.0022344160825014114
637 0.0005758446641266346
638 0.0005197659484110773
639 0.00011695474677253515
640 0.00022375196567736566
641 0.0002465999568812549
642 0.0004592136247083545
643 0.00044777552830055356
644 0.0011382774682715535
645 0.0003136673185508698
646 8.207640348700806e-05
647 0.00019544897077139467
648 0.005918196868151426
649 0.0038379293400794268
650 0.00038039154605939984
651 0.0002654306299518794
652 0.0002655743155628443
653 0.0006017468404024839
654 0.0011575808748602867
655 0.0010180406970903277
656 0.00023169607447925955
657 0.00024334817135240883
658 6.710106390528381e-05
659 0.0001817711308831349
660 0.00020634726388379931
661 0.0034416464623063803
662 0.00031596244662068784
663 0.00043718700180761516
664 0.000736354966647923
665 0.00023973544011823833
666 0.0028481369372457266
667 0.0019308318151161075
668 0.0047647906467318535
669 0.00026756824809126556
670 0.0003361304698046297
671 0.0037371960934251547
672 0.0006132907001301646
673 0.001862065983004868
674 0.00038861759821884334
675 0.0013941277284175158
676 0.00022149771393742412
677 0.0002894928911700845
678 0.0013685481389984488
679 7.514181197620928e-05
680 0.003809403395280242
681 0.0009878880809992552
682 0.0028025065548717976
683 0.0002793189778458327
684 0.0003209331480320543
685 0.0005594094982370734
686 0.00015018765407148749
687 0.001416525337845087
688 0.00011749244731618091
689 0.0001259149139514193
690 0.0001326251804130152
691 0.0008754425798542798
692 0.0010669480543583632
693 0.0023217005655169487
694 0.0022477733436971903
695 0.0005898976814933121
696 0.00041988116572611034
697 0.00022891761909704655
698 0.00013943541853222996
699 0.0009053935064002872
700 0.00037911420804448426
701 0.004591931588947773
702 0.00047225525486283004
703 0.0033570434898138046
704 0.00019370172230992466
705 0.00020473008044064045
706 0.0015662920195609331
707 0.0006350738694891334
708 0.000757981208153069
709 0.00012910403893329203
710 8.485804573865607e-05
711 0.0022298891562968493
712 0.00019797071581706405
713 0.0003221937804482877
714 0.0005271078553050756
715 0.0026294917333871126
716 0.000713794375769794
717 0.001269498490728438
718 0.0004583515983540565
719 0.0008776808972470462
720 0.0014998223632574081
721 0.0002439560048514977
722 0.0005611140513792634
723 0.00025048450333997607
724 0.00012440868886187673
725 0.005405815318226814
726 0.0030134760309010744
727 0.0009982233168557286
728 9.851307549979538e-05
729 0.0003309606690891087
730 0.0003430457436479628
731 0.0003764309221878648
732 0.0007497709593735635
733 0.00017305136134382337
734 0.001511518144980073
735 0.0002182236930821091
736 0.0019168728031218052
737 0.0012041256995871663
738 0.0016541110817342997
739 9.79514152277261e-05
740 0.0006271102465689182
741 9.564966603647918e-05
742 0.00017794649465940893
743 0.0002752961008809507
744 0.00012609943223651499
745 0.001289553358219564
746 0.001248346408829093
747 0.0006610371056012809
748 0.0006959449965506792
749 0.0001676324609434232
750 0.00025575608015060425
751 0.0004344483313616365
752 0.00026225115288980305
753 0.006507527083158493
754 0.002550735604017973
755 0.0005479619139805436
756 0.00011584060121094808
757 0.00013397875591181219
758 0.000227513286517933
759 4.6536159061361104e-05
760 0.000224812698434107
761 0.00020491848408710212
762 0.003253541886806488
763 0.001292782835662365
764 0.000328466878272593
765 0.00019484660879243165
766 0.0006109214737080038
767 0.0004838447493966669
768 0.00013493736332748085
769 0.004522664472460747
770 0.00034612941090017557
771 0.000632001378107816
772 0.00013137895439285785
773 0.001215973636135459
774 0.0003671156009659171
775 0.00023125683947000653
776 0.00016325429896824062
777 0.0002560510183684528
778 8.033150515984744e-05
779 0.0002639377489686012
780 6.899105210322887e-05
781 0.003879402531310916
782 0.0021174929570406675
783 0.0009800379630178213
784 0.0009021562291309237
785 0.00021794019266963005
786 0.001770918839611113
787 0.0002681864716578275
788 0.00017120750271715224
789 0.00042850006138905883
790 0.0001735001424094662
791 0.00022182389511726797
792 0.0015129680978134274
793 0.0009324921411462128
794 0.002789613325148821
795 0.002411275403574109
796 0.0037871149834245443
797 0.00030667585087940097
798 0.0002836637431755662
799 0.00017293664859607816
800 0.0005508558824658394
801 0.00011944249854423106
802 0.00034204780240543187
803 8.442519174423069e-05
804 0.0006647674017585814
805 0.0013923885999247432
806 0.0008879874949343503
807 0.001535047427751124
808 0.00017030455637723207
809 0.00046164673403836787
810 4.458982584765181e-05
811 0.0011895715724676847
812 0.0009087679209187627
813 0.0006945652421563864
814 0.00031703623244538903
815 0.0005834200419485569
816 0.0001573600893607363
817 0.0004950229777023196
818 9.855908137978986e-05
819 0.00032610504422336817
820 0.0004002201312687248
821 0.0012199549237266183
822 0.00023391425202134997
823 0.0007030531414784491
824 0.0001288038765778765
825 0.0003077670407947153
826 0.0011115409433841705
827 0.0001051489743986167
828 0.0005625311168842018
829 0.002736484631896019
830 0.00634364178404212
831 0.0010781792225316167
832 0.0006338994135148823
833 0.00022683714632876217
834 0.00017626666522119194
835 0.001478912541642785
836 0.000520538364071399
837 0.00019906119268853217
838 0.0012063449248671532
839 0.0009410535567440093
840 0.0006096016149967909
841 0.00020375032909214497
842 0.0001283378223888576
843 0.00021194838336668909
844 0.0012133764103055
845 0.0002032125339610502
846 0.003715463913977146
847 0.004964935593307018
848 9.573007992003113e-05
849 7.689067570026964e-05
850 9.482169843977317e-05
851 0.0005084119038656354
852 0.0002259616449009627
853 0.00011354505841154605
854 0.00023437711934093386
855 0.00043123067007400095
856 0.000808361975941807
857 0.0010212832130491734
858 0.00015333508781623095
859 0.00043848095810972154
860 0.0029892895836383104
861 0.000268123229034245
862 0.00015618756879121065
863 0.00016026491357479244
864 0.0005560951540246606
865 9.679750655777752e-05
866 0.0004299344145692885
867 9.943607437890023e-05
868 6.803131691413e-05
869 0.0007285880274139345
870 0.00011315337906125933
871 0.00039431569166481495
872 0.0022969699930399656
873 0.0002905688888859004
874 9.589680848876014e-05
875 0.0007053082226775587
876 0.00011745518713723868
877 0.00011444977280916646
878 0.001887861406430602
879 0.0018799210665747523
880 0.0014973570359870791
881 0.0007248829351738095
882 0.001083939103409648
883 0.00026622237055562437
884 0.0005758493789471686
885 0.0001951306767296046
886 0.0002728390973061323
887 0.00010268350160913542
888 0.0001103605463868007
889 0.0036042442079633474
890 0.0031947134993970394
891 0.00028624507831409574
892 0.0006762643461115658
893 0.0009641808574087918
894 0.0002120238059433177
895 0.0004539604706224054
896 0.0009229560382664204
897 0.0004840504261665046
898 0.002928308444097638
899 0.000869450974278152
900 0.0012323332484811544
901 0.00038926888373680413
902 4.5657889131689444e-05
903 0.00029137087403796613
904 9.344513091491535e-05
905 0.0005582845187745988
906 0.003556827548891306
907 0.0012736499775201082
908 0.00025878450833261013
909 0.00018723412358667701
910 0.0006813917425461113
911 9.709368168842047e-05
912 5.3090116125531495e-05
913 0.00024839266552589834
914 7.937751797726378e-05
915 6.0243281041039154e-05
916 0.00020250164379831403
917 0.0010940408101305366
918 0.00017376506002619863
919 0.000133918336359784
920 0.0018882324220612645
921 0.00016451755072921515
922 0.0015876854304224253
923 0.0009609724511392415
924 8.910786709748209e-05
925 0.0002583894529379904
926 0.00024542774190194905
927 6.910663068993017e-05
928 0.0003271627356298268
929 6.193461740622297e-05
930 0.0009601524216122925
931 0.0026669842191040516
932 0.001054939697496593
933 0.003030777908861637
934 0.00024038135597947985
935 0.00065084476955235
936 3.589137486414984e-05
937 0.00022351046209223568
938 4.727730993181467e-05
939 0.00010474475857336074
940 0.00020521864644251764
941 0.00034630068694241345
942 0.00015614918083883822
943 5.895689901080914e-05
944 0.0005038661765865982
945 7.441335765179247e-05
946 0.00017632398521527648
947 0.002408899599686265
948 0.00021239403577055782
949 0.0001830429391702637
950 0.000323254382237792
951 0.0005474278586916625
952 0.0007306311163119972
953 0.0009113681735470891
954 0.0004205424338579178
955 0.0001750949159031734
956 0.0009105456410907209
957 0.0001875548914540559
958 0.0003454578691162169
959 0.00014099266263656318
960 0.0004227369208820164
961 0.00251783593557775
962 0.0006429198547266424
963 0.0029289177618920803
964 0.0010148565052077174
965 0.00010508883133297786
966 0.0006169166299514472
967 0.00048530843923799694
968 7.54765496822074e-05
969 0.0001341506140306592
970 0.0002115884708473459
971 0.0013808355433866382
972 0.0004928806447423995
973 0.0003217470948584378
974 0.0010131284361705184
975 0.0003633201995398849
976 0.000254761049291119
977 8.512946806149557e-05
978 0.0008476981311105192
979 0.001302996650338173
980 0.0001867745304480195
981 0.0001767417707014829
982 0.00047220345004461706
983 0.0015311806928366423
984 0.0004310338117647916
985 0.0006832990329712629
986 0.00029467808781191707
987 0.00014186027692630887
988 0.00017348051187582314
989 0.00010164384002564475
990 0.0022775207180529833
991 0.0004638823738787323
992 0.0001921325019793585
993 0.001157990307547152
994 0.005841885693371296
995 0.00029409813578240573
996 0.00015895771502982825
997 0.0001701321016298607
998 6.297412619460374e-05
999 0.000620831735432148
