0 3.7722702026367188
1 2.4692275524139404
2 1.3393518924713135
3 2.1950039863586426
4 0.41888993978500366
5 0.7659919857978821
6 0.49731382727622986
7 0.24416770040988922
8 0.26433706283569336
9 0.2024814635515213
10 0.11792890727519989
11 0.1070152148604393
12 0.09597760438919067
13 0.0727941021323204
14 0.037594545632600784
15 0.040184542536735535
16 0.037831906229257584
17 0.024164805188775063
18 0.013905667699873447
19 0.033463191241025925
20 0.021660419180989265
21 0.02356931008398533
22 0.019983701407909393
23 0.009179281070828438
24 0.01992136798799038
25 0.014179255813360214
26 0.023713858798146248
27 0.023464219644665718
28 0.016899175941944122
29 0.03152978792786598
30 0.01863321289420128
31 0.01671599969267845
32 0.012606331147253513
33 0.022761089727282524
34 0.012957737781107426
35 0.014308174140751362
36 0.0224978718906641
37 0.015952669084072113
38 0.013155052438378334
39 0.011188586242496967
40 0.015696533024311066
41 0.01007947139441967
42 0.0178898386657238
43 0.008545675314962864
44 0.014951394870877266
45 0.012189475819468498
46 0.009553452022373676
47 0.011981701478362083
48 0.015039913356304169
49 0.011651178821921349
50 0.013185311108827591
51 0.009487945586442947
52 0.004980544559657574
53 0.009340076707303524
54 0.0066775050945580006
55 0.020239971578121185
56 0.008341995067894459
57 0.011595826596021652
58 0.007823564112186432
59 0.01617061346769333
60 0.01968272030353546
61 0.0056943874806165695
62 0.011277603916823864
63 0.010752628557384014
64 0.01677464321255684
65 0.01458801981061697
66 0.008288729935884476
67 0.011553571559488773
68 0.008131412789225578
69 0.009248742833733559
70 0.0054346127435564995
71 0.013074418529868126
72 0.007310204673558474
73 0.006271649617701769
74 0.016461005434393883
75 0.005699777975678444
76 0.008722339756786823
77 0.0066998605616390705
78 0.02325333096086979
79 0.007659322582185268
80 0.008131326176226139
81 0.005387851037085056
82 0.014504908584058285
83 0.006263129413127899
84 0.0044648898765444756
85 0.011335157789289951
86 0.011132460087537766
87 0.008387166075408459
88 0.013399059884250164
89 0.0061257267370820045
90 0.006725284270942211
91 0.004852695390582085
92 0.01119753997772932
93 0.006973531562834978
94 0.007179568521678448
95 0.004755588714033365
96 0.006573425605893135
97 0.012027725577354431
98 0.005541963502764702
99 0.003691291669383645
100 0.032480672001838684
101 0.010710264556109905
102 0.00967430416494608
103 0.010310716927051544
104 0.005349085200577974
105 0.006085860542953014
106 0.018828323110938072
107 0.0040235817432403564
108 0.0034830814693123102
109 0.004189598839730024
110 0.010993614792823792
111 0.01264269184321165
112 0.004446737468242645
113 0.006720970384776592
114 0.004285756032913923
115 0.005891507491469383
116 0.004881661385297775
117 0.015290923416614532
118 0.01822083070874214
119 0.006687660701572895
120 0.008630640804767609
121 0.005045464262366295
122 0.011463708244264126
123 0.005646967329084873
124 0.0024720062501728535
125 0.0018136559519916773
126 0.002330479910597205
127 0.002759280614554882
128 0.004589784890413284
129 0.003491037990897894
130 0.0027026094030588865
131 0.0017829863354563713
132 0.0020406541880220175
133 0.007669560611248016
134 0.01570553332567215
135 0.002118753967806697
136 0.0196477510035038
137 0.007827733643352985
138 0.0025530080311000347
139 0.009742659516632557
140 0.0018954803235828876
141 0.002440710086375475
142 0.003673473373055458
143 0.002178134862333536
144 0.0026591727510094643
145 0.003757996717467904
146 0.0014568992191925645
147 0.001445036381483078
148 0.0014840898802503943
149 0.0017790626734495163
150 0.0028091599233448505
151 0.015812253579497337
152 0.0013880659826099873
153 0.0020591234788298607
154 0.00794854387640953
155 0.005358083173632622
156 0.003466025460511446
157 0.003465974470600486
158 0.0012482512975111604
159 0.0020811811555176973
160 0.003109915880486369
161 0.00452805869281292
162 0.006493012420833111
163 0.0007361751631833613
164 0.0015128282830119133
165 0.000781320792157203
166 0.0012461361475288868
167 0.010046125389635563
168 0.0009589098626747727
169 0.003050771076232195
170 0.0018389018950983882
171 0.009359640069305897
172 0.0008125487365759909
173 0.015656834468245506
174 0.0033765838015824556
175 0.002221035771071911
176 0.0014544634614139795
177 0.005726078990846872
178 0.0007563685066998005
179 0.0008310098783113062
180 0.0007766878115944564
181 0.007776361424475908
182 0.011546289548277855
183 0.012443161569535732
184 0.0016723196022212505
185 0.004690854344516993
186 0.003930959850549698
187 0.0012598397443071008
188 0.005974900908768177
189 0.0016381179448217154
190 0.001118505373597145
191 0.00418812083080411
192 0.003395939478650689
193 0.004931210540235043
194 0.008289781399071217
195 0.0024986916687339544
196 0.002480873139575124
197 0.01079421304166317
198 0.0009665042161941528
199 0.002041845116764307
200 0.005205648485571146
201 0.010246897116303444
202 0.0007303123129531741
203 0.012305321171879768
204 0.0035509602166712284
205 0.0010254710214212537
206 0.000537517829798162
207 0.0011133432853966951
208 0.019317736849188805
209 0.0006088612717576325
210 0.002148154890164733
211 0.0007447508978657424
212 0.0026281950995326042
213 0.012366829439997673
214 0.0008150130161084235
215 0.0029677406419068575
216 0.0007324386388063431
217 0.0008999822894111276
218 0.001831856556236744
219 0.008750472217798233
220 0.0019700380507856607
221 0.0003399972338229418
222 0.0040469965897500515
223 0.00238064955919981
224 0.001910973689518869
225 0.001571459462866187
226 0.0034262340050190687
227 0.04275895655155182
228 0.0008903561974875629
229 0.0018892022781074047
230 0.0014817718183621764
231 0.01245076023042202
232 0.002366333734244108
233 0.0005732899298891425
234 0.0004678555123973638
235 0.007451782003045082
236 0.0008477464434690773
237 0.001431903219781816
238 0.0019183779368177056
239 0.0008499278919771314
240 0.014646372757852077
241 0.00025195011403411627
242 0.0010038242908194661
243 0.009032422676682472
244 0.005097515881061554
245 0.00531286746263504
246 0.0005020583630539477
247 0.0006216609035618603
248 0.00034048364614136517
249 0.001794484443962574
250 0.005465243011713028
251 0.008162910118699074
252 0.0036301682703197002
253 0.0003484590270090848
254 0.00033714642631821334
255 0.00026462695677764714
256 0.001096069347113371
257 0.023353999480605125
258 0.004223072901368141
259 0.0010596592910587788
260 0.0006569589022547007
261 0.0022709679324179888
262 0.0004756473354063928
263 0.0038237175904214382
264 0.0012512902030721307
265 0.00030632628477178514
266 0.00025675620418041945
267 0.0040555791929364204
268 0.0006669333670288324
269 0.001990059157833457
270 0.0014321415219455957
271 0.004340674728155136
272 0.001906076562590897
273 0.00026833394076675177
274 0.01602323167026043
275 0.0017065167194232345
276 0.000250265933573246
277 0.0034114308655261993
278 0.0006117868470028043
279 0.0003469590446911752
280 0.00025317349354736507
281 0.0012905244948342443
282 0.0008760721539147198
283 0.007810086011886597
284 0.00023798030451871455
285 0.0003352798812557012
286 0.0025356514379382133
287 0.0009618292679078877
288 0.015448246151208878
289 0.0005782936350442469
290 0.0009210952557623386
291 0.001099274610169232
292 0.0013957933988422155
293 0.0053334953263401985
294 0.004356154706329107
295 0.0006620602216571569
296 0.0012538800947368145
297 0.000644660962279886
298 0.00025043796631507576
299 0.0010695664677768946
300 0.004019344691187143
301 0.0010436894372105598
302 0.0006339045939967036
303 0.010824820958077908
304 0.0011404537362977862
305 0.0005512051866389811
306 0.0019521889043971896
307 0.012204617261886597
308 0.0004205307050142437
309 0.0009881546720862389
310 0.002343895845115185
311 0.006069691851735115
312 0.0005960812559351325
313 0.0002000519452849403
314 0.0006575027364306152
315 0.0197219867259264
316 0.0003761305706575513
317 0.0007496381876990199
318 0.0020021009258925915
319 0.0009462085436098278
320 0.0032918076030910015
321 0.0010560089722275734
322 0.006640810053795576
323 0.0016076848842203617
324 0.0010089677525684237
325 0.0030667083337903023
326 0.0005989503697492182
327 0.0038317085709422827
328 0.0016940739005804062
329 0.00014597373956348747
330 0.0004926884430460632
331 0.0001256643154192716
332 0.0024179178290069103
333 0.017491387203335762
334 0.0009120958857238293
335 0.0005220706225372851
336 0.0002557879197411239
337 0.0009430460631847382
338 0.0008702515624463558
339 0.001015311456285417
340 0.003014111891388893
341 0.0004189010651316494
342 0.010472097434103489
343 0.004577590152621269
344 0.0011815668549388647
345 0.0009335589711554348
346 0.0020836717449128628
347 0.004605078604072332
348 0.0012690742732957006
349 0.0002647111832629889
350 0.00025703533901833
351 0.001329969149082899
352 0.0039425985887646675
353 0.0014434802578762174
354 0.0003496640711091459
355 0.020351942628622055
356 0.0006921965396031737
357 0.00036601227475330234
358 0.0010959323262795806
359 0.0014818258350715041
360 0.0007361111347563565
361 0.0005341778742149472
362 0.007439733948558569
363 0.004984656348824501
364 0.00021761079551652074
365 0.0003003605525009334
366 0.0019903078209608793
367 0.022015048190951347
368 0.0020179743878543377
369 0.0002969925699289888
370 0.004065160173922777
371 0.0034481503535062075
372 0.003882119432091713
373 0.0007438887841999531
374 0.0004993287147954106
375 0.0014115123776718974
376 0.00013098717317916453
377 0.00014925238792784512
378 0.004869965370744467
379 0.0002603285829536617
380 0.003371303668245673
381 0.0005803228123113513
382 0.004670702386647463
383 0.0031921551562845707
384 0.006006414070725441
385 0.0008510641055181623
386 0.0021370742470026016
387 0.007037043571472168
388 0.002442043973132968
389 0.0004164587298873812
390 0.00047711911611258984
391 0.00012189910921733826
392 0.0026754001155495644
393 0.0009264831314794719
394 0.006303609814494848
395 0.0007491948781535029
396 0.00098514708224684
397 0.0064232912845909595
398 0.0004935231409035623
399 0.0009805656736716628
400 0.002041387604549527
401 0.0036224662326276302
402 0.0022687746677547693
403 0.009112292900681496
404 0.006263424176722765
405 0.005684543866664171
406 0.0014178226701915264
407 0.0019402758916839957
408 0.0002067803288809955
409 0.0006297110812738538
410 0.0034976524766534567
411 0.0084414416924119
412 0.002804010873660445
413 0.0003879516734741628
414 0.0005078839603811502
415 0.002874620258808136
416 0.00041450498974882066
417 0.0004167213919572532
418 0.010880441404879093
419 0.004828460980206728
420 0.0008726186351850629
421 0.0017685203347355127
422 0.00026523074484430254
423 0.00145350384991616
424 0.00011268879461567849
425 0.0010326990159228444
426 0.0012107716174796224
427 0.0002659750171005726
428 0.0009841641876846552
429 0.0009205001988448203
430 0.023613372817635536
431 0.003136179642751813
432 0.0003020594595000148
433 0.000219729685341008
434 0.0002922746352851391
435 0.0005592074012383819
436 0.0006474728579632938
437 0.001213724259287119
438 0.0053398688323795795
439 0.0015970447566360235
440 0.006340602412819862
441 0.004955730400979519
442 0.0003222123777959496
443 0.002901168307289481
444 0.0003887814236804843
445 0.00033030036138370633
446 0.00021451122302096337
447 0.00023275235434994102
448 0.0005618223804049194
449 0.017251450568437576
450 0.0008158712298609316
451 0.0003081467002630234
452 0.0007561680395156145
453 0.0006747429724782705
454 0.0007172927143983543
455 0.00012075765698682517
456 0.0007880976190790534
457 0.000252685189479962
458 0.0018346793949604034
459 0.06992435455322266
460 0.008979246020317078
461 0.0002295186568517238
462 0.00019225508731324226
463 0.0004670498601626605
464 0.00030764518305659294
465 0.0003717603685799986
466 0.0001518185599707067
467 0.0009256431367248297
468 0.00026266369968652725
469 0.0028494796715676785
470 0.0017211493104696274
471 0.004986159037798643
472 0.0024471536744385958
473 0.0010717484401538968
474 0.00022359933063853532
475 0.00039920874405652285
476 0.0017115399241447449
477 0.00878667552024126
478 0.00905669666826725
479 0.000553215155377984
480 0.0008683460764586926
481 0.006434849929064512
482 0.00017128056788351387
483 0.000657255994156003
484 0.00033094407990574837
485 0.014772411435842514
486 0.00036077399272471666
487 8.745628292672336e-05
488 0.00016421926557086408
489 0.0002865029964596033
490 0.00025477210874669254
491 0.001223928527906537
492 0.007189735304564238
493 0.0022851198446005583
494 0.0012397801037877798
495 0.0025478489696979523
496 0.010813488624989986
497 0.00044714685645885766
498 0.005200061481446028
499 0.00026938033988699317
500 0.00021916032710578293
501 0.0005338836344890296
502 0.0005726180388592184
503 0.0016441137995570898
504 0.00020667686476372182
505 0.00878924410790205
506 0.0005602864548563957
507 0.0011702359188348055
508 0.0004537666100077331
509 0.0010155049385502934
510 0.0010671823984012008
511 0.00029727056971751153
512 0.00034896808210760355
513 0.004802216775715351
514 0.002761939773336053
515 0.00024769213632680476
516 0.00040250757592730224
517 0.0015949727967381477
518 0.005484981462359428
519 0.0003022578021045774
520 0.00038514804327860475
521 0.0006486838101409376
522 0.0012105365749448538
523 0.002249117475003004
524 0.0004059466882608831
525 0.00018708746938500553
526 0.00012527656508609653
527 0.01068099681288004
528 0.000511597900185734
529 0.0006493119290098548
530 0.00022377230925485492
531 0.0001947965647559613
532 0.00012915302067995071
533 0.002502512652426958
534 0.020001186057925224
535 0.0017261537723243237
536 0.000729026913177222
537 0.00015019647253211588
538 0.0005089815240353346
539 0.00014246303180698305
540 0.003310426138341427
541 0.0024444367736577988
542 0.0015024172607809305
543 0.0002435894712107256
544 0.00015048471686895937
545 0.0028302022255957127
546 0.007433345541357994
547 0.0001625653385417536
548 0.00048671074910089374
549 0.0007946237456053495
550 0.0335700586438179
551 0.0002684605133254081
552 0.0007544182008132339
553 0.00022473378339782357
554 0.00015365754370577633
555 0.0004955688491463661
556 0.0009735592175275087
557 0.00045762292575091124
558 0.007441497873514891
559 0.00155229854863137
560 0.0003050714440178126
561 0.00030633091228082776
562 0.00022661473485641181
563 0.0009145491640083492
564 0.012319951318204403
565 0.0001549397420603782
566 0.00012265557597856969
567 0.00033719645580276847
568 0.002574076410382986
569 0.0006181853241287172
570 0.0012370191980153322
571 0.0008312882855534554
572 0.00024496958940289915
573 0.010008051060140133
574 0.0012857381952926517
575 0.005244009662419558
576 0.00028330800705589354
577 0.0022973320446908474
578 0.00025160625227726996
579 0.013583876192569733
580 0.000999689451418817
581 0.00044771889224648476
582 0.0017487665172666311
583 0.0011716182343661785
584 0.00026232076925225556
585 0.0009118841262534261
586 0.0006716419593431056
587 0.0002099155099131167
588 0.006217221729457378
589 0.0037742729764431715
590 0.00030272427829913795
591 0.0009025614708662033
592 0.002222534269094467
593 0.005805018823593855
594 8.542319119442254e-05
595 0.0008400358492508531
596 0.00017036087228916585
597 0.030791226774454117
598 0.005119770765304565
599 0.00047485719551332295
600 0.0010813071858137846
601 0.00027400473481975496
602 0.00014980952255427837
603 0.0004941871156916022
604 0.00045021832920610905
605 0.0009847606997936964
606 0.0007006575469858944
607 0.0014720074832439423
608 0.004245428834110498
609 0.0008480658871121705
610 0.000515670282766223
611 0.001438245759345591
612 0.001070191035978496
613 0.00030714808963239193
614 0.00016387262439820915
615 0.00015736004570499063
616 0.00028568299603648484
617 0.00043304849532432854
618 0.0007705720490776002
619 0.002216335153207183
620 0.002352129202336073
621 0.007027436047792435
622 0.0006239741924218833
623 0.00012484403850976378
624 0.0002052998897852376
625 0.00011102179269073531
626 0.000520894827786833
627 0.007599253207445145
628 0.004432185087352991
629 0.0037537727039307356
630 0.0005312238354235888
631 0.0001348908117506653
632 0.0014283166965469718
633 0.0003697626234497875
634 0.0038982441183179617
635 0.001470557996071875
636 0.0001087189230020158
637 0.00012970593525096774
638 0.00014093787467572838
639 0.0003388731856830418
640 0.0001038740374497138
641 0.00012557681475300342
642 0.0002704043872654438
643 0.0032349894754588604
644 0.0007917241891846061
645 0.0016357861459255219
646 0.0005540422862395644
647 0.0002445154241286218
648 0.00018187235400546342
649 0.0004590182506944984
650 0.0004377592704258859
651 0.0037242535036057234
652 0.00019411713583394885
653 0.0018873419612646103
654 0.014565224759280682
655 0.00108882796484977
656 0.00013199029490351677
657 0.00015266943955793977
658 0.00015233096200972795
659 0.000507487915456295
660 0.002050260780379176
661 0.011604107916355133
662 0.00022071883722674102
663 0.00012668469571508467
664 0.0014614434912800789
665 0.003559600794687867
666 0.0009978465968742967
667 0.0006876133847981691
668 0.0019406139617785811
669 0.005624878220260143
670 0.008510658517479897
671 0.0032277728896588087
672 0.007358494680374861
673 0.0003289690939709544
674 0.00045861172839067876
675 7.351367094088346e-05
676 0.0001221992279170081
677 0.00030929362401366234
678 0.0015658825868740678
679 0.000249018135946244
680 0.00033517341944389045
681 0.013115574605762959
682 0.0001928116980707273
683 0.0008825658005662262
684 0.0003077986475545913
685 0.00036493869265541434
686 0.0005484404391609132
687 0.0006980157340876758
688 0.001412735553458333
689 0.0048305680975317955
690 0.0003969584940932691
691 0.011058115400373936
692 0.0005649272934533656
693 0.0003007928025908768
694 0.00012920447625219822
695 0.00018103531328961253
696 0.0019012045813724399
697 0.007027419283986092
698 0.0014618872664868832
699 0.0015550637617707253
700 0.0010263958247378469
701 0.00014367877156473696
702 0.0008177535491995513
703 0.0006120058824308217
704 0.004919847473502159
705 0.0001446869719075039
706 0.00033323385287076235
707 0.0024475075770169497
708 0.00010910341370617971
709 0.0005951727507635951
710 0.0027481194119900465
711 0.0018104413757100701
712 0.0020600976422429085
713 0.006433299742639065
714 0.008470745757222176
715 0.0012194793671369553
716 0.00043322803685441613
717 0.00045340548967942595
718 0.00016919705376494676
719 0.00010730567009886727
720 0.001288518775254488
721 0.0010272859362885356
722 0.00037603190867230296
723 0.0001482235820731148
724 0.002832854399457574
725 0.004132652189582586
726 0.002174519235268235
727 0.001510940259322524
728 0.0018330281600356102
729 0.0001397139858454466
730 0.00040752333006821573
731 0.008518139831721783
732 0.0012192075373604894
733 0.00202935584820807
734 0.00034171799779869616
735 0.01514716912060976
736 0.004114973824471235
737 0.00048052245983853936
738 0.00039573104004375637
739 0.0001497691118856892
740 0.00020448467694222927
741 0.00021940066653769463
742 0.000292584125418216
743 0.0004655487136915326
744 0.0031537374015897512
745 0.004516186658293009
746 0.015145729295909405
747 0.001405617455020547
748 0.0001102839523809962
749 5.461167165776715e-05
750 0.00022998577333055437
751 0.0005233133560977876
752 9.48281231103465e-05
753 0.00010152889444725588
754 0.0001805658539524302
755 0.00022917530441191047
756 0.0007620809483341873
757 0.00029203976737335324
758 7.794256089255214e-05
759 0.00033836520742625
760 0.005039330571889877
761 0.000496216700412333
762 0.00015214479935821146
763 9.784844587557018e-05
764 0.00023507277364842594
765 0.0002826586423907429
766 0.00010681756248231977
767 0.000321614759741351
768 0.00010980237857438624
769 0.00011858243669848889
770 0.0002806363336276263
771 0.00023806985700502992
772 0.0013412830885499716
773 0.003423356916755438
774 0.0004631833580788225
775 0.001289957668632269
776 0.0004963781102560461
777 0.00037244404666125774
778 0.00028071770793758333
779 4.769275983562693e-05
780 0.0010528161656111479
781 0.017709041014313698
782 0.002184174954891205
783 0.0006344200810417533
784 0.00013868762471247464
785 0.0001665025483816862
786 0.00030934743699617684
787 0.0006583385402336717
788 4.306035771151073e-05
789 0.0003742172848433256
790 0.005133539438247681
791 0.002367632696405053
792 0.00037920105387456715
793 0.00033546725171618164
794 0.0001459345076000318
795 0.0001539165823487565
796 0.0009922465542331338
797 0.0028784223832190037
798 0.00036281143547967076
799 0.0027713854797184467
800 0.0029629089403897524
801 0.00033047026954591274
802 0.0003502420731820166
803 0.0003940872848033905
804 0.0006412231014110148
805 0.00043486140202730894
806 0.0016957338666543365
807 0.0010749478824436665
808 0.000597054255194962
809 0.0020582398865371943
810 0.000512905593495816
811 0.0008166984771378338
812 4.611732947523706e-05
813 0.0007143010152503848
814 0.00047130303573794663
815 0.0024341640528291464
816 0.007433510385453701
817 0.006212056148797274
818 0.0016470898408442736
819 0.0019888398237526417
820 0.00040116364834830165
821 0.001931170467287302
822 0.006306793540716171
823 8.009291923372075e-05
824 0.00010830604151124135
825 0.0011459989473223686
826 0.00047424514195881784
827 0.0001863509969552979
828 0.00039850076427683234
829 0.0017628537025302649
830 0.009126230143010616
831 0.0026862462982535362
832 0.00010305650357622653
833 0.0003000152937602252
834 0.0007686356548219919
835 0.0005523883155547082
836 0.00013016363664064556
837 0.002145407721400261
838 0.004155823960900307
839 0.0006029348005540669
840 0.00025813229149207473
841 0.0034981961362063885
842 0.00017719050811138004
843 0.00022586793056689203
844 0.004110930021852255
845 0.003825924824923277
846 0.0017379384953528643
847 0.0005506020388565958
848 0.0027402101550251245
849 0.004348823335021734
850 0.00014129465853329748
851 0.0009567236993461847
852 0.00019392406102269888
853 0.0009079211158677936
854 0.00012591482663992792
855 0.0029831251595169306
856 0.004739797208458185
857 0.0019306364702060819
858 0.00030925977625884116
859 0.000255737395491451
860 0.0005643722834065557
861 0.00015274275210686028
862 0.00022137521591503173
863 0.0006394033553078771
864 0.009528951719403267
865 0.003202562453225255
866 0.00039512524381279945
867 0.00011699244350893423
868 0.0003751125477720052
869 7.723510498180985e-05
870 0.0027551623061299324
871 0.003298186929896474
872 0.0007075181929394603
873 0.00042325505637563765
874 0.00021264850511215627
875 0.0027106578927487135
876 8.257428271463141e-05
877 0.00014845722762402147
878 0.005033933091908693
879 0.0014336472377181053
880 0.0011116357054561377
881 0.0004163875710219145
882 8.839448855724186e-05
883 0.0006066747009754181
884 0.00037924066418781877
885 0.00023758196039125323
886 0.00013453142310027033
887 0.0005119178676977754
888 7.454400474671274e-05
889 0.00015908827481325716
890 0.0008204362238757312
891 0.0066755423322319984
892 0.001891677500680089
893 0.00041496663470752537
894 0.00023320477339439094
895 0.003773266915231943
896 0.001302505610510707
897 4.500068462220952e-05
898 0.003396623535081744
899 0.004493619780987501
900 0.0009482113528065383
901 0.0003667287528514862
902 0.00030659878393635154
903 0.000632870476692915
904 0.00019714896916411817
905 0.008007141761481762
906 0.011801064945757389
907 0.0010605072602629662
908 0.0003615222522057593
909 8.812034502625465e-05
910 0.0002749746781773865
911 0.00010858659516088665
912 0.0003153258585371077
913 0.00010207034210907295
914 0.0002047268790192902
915 0.0002256575971841812
916 0.001831263187341392
917 0.0020782528445124626
918 0.009217544458806515
919 0.00014949151955079287
920 0.00038434105226770043
921 0.0007781837484799325
922 0.001453504548408091
923 0.0027010522317141294
924 0.0018388493917882442
925 0.00011980356794083491
926 7.841363549232483e-05
927 0.000791283673606813
928 0.0035355123691260815
929 0.00038128148298710585
930 0.0004920538631267846
931 0.0008322010980919003
932 0.002578026382252574
933 0.004318584688007832
934 0.0010879640467464924
935 0.0002171995583921671
936 0.00013184397539589554
937 0.0007830471731722355
938 4.9048667278839275e-05
939 0.00018084167095366865
940 0.0008951195632107556
941 0.006161700002849102
942 0.0006172657012939453
943 0.00034289120230823755
944 0.0001360203605145216
945 0.0005465582944452763
946 0.008787133730947971
947 0.0017073135823011398
948 0.0011712070554494858
949 4.2632582335500047e-05
950 0.000543813337571919
951 0.0011092836502939463
952 0.00038280189619399607
953 0.0010104367975145578
954 0.0004169661842752248
955 0.007050060201436281
956 0.0005988831981085241
957 0.0002845835406333208
958 0.00015085501945577562
959 0.00026163191068917513
960 0.0001388004020554945
961 0.0017567123286426067
962 0.0003105748619418591
963 0.0003173892619088292
964 0.00015490574878640473
965 0.0012922479072585702
966 0.001357572735287249
967 0.0006262972601689398
968 5.990306817693636e-05
969 2.2894351786817424e-05
970 0.0010677386308088899
971 0.001644343021325767
972 0.004739461466670036
973 0.0013637715019285679
974 0.001257520169019699
975 0.001562593155540526
976 0.0001460654311813414
977 5.186147245694883e-05
978 0.0008567667100578547
979 0.0011433915933594108
980 0.001500168815255165
981 5.3328112699091434e-05
982 0.0007606046856380999
983 0.007119524292647839
984 0.0009706913842819631
985 0.00020264097838662565
986 0.0019297446124255657
987 0.0063172210939228535
988 0.0007320923614315689
989 0.00015990700921975076
990 0.00020418049825821072
991 0.001283069490455091
992 0.00026839759084396064
993 0.0016030565602704883
994 0.003261338686570525
995 0.0010325973853468895
996 0.00088359578512609
997 0.001308970502577722
998 0.013873911462724209
999 0.0018023662269115448
