0 22.526897430419922
1 6.465442657470703
2 5.0895562171936035
3 6.066474437713623
4 3.8802707195281982
5 5.6192240715026855
6 4.8087568283081055
7 2.3022305965423584
8 3.150416612625122
9 6.897451400756836
10 3.1257212162017822
11 3.944136142730713
12 2.724139928817749
13 12.624188423156738
14 7.199556827545166
15 3.577500343322754
16 4.063986778259277
17 3.320796489715576
18 4.657257556915283
19 7.930288314819336
20 5.339817523956299
21 2.7155609130859375
22 7.0184760093688965
23 6.43743371963501
24 5.113203525543213
25 8.115360260009766
26 3.5962579250335693
27 0.3428168296813965
28 3.837061643600464
29 2.986321210861206
30 6.850379943847656
31 6.150844097137451
32 6.7419281005859375
33 6.406924724578857
34 5.045616149902344
35 13.534423828125
36 5.801428318023682
37 8.126460075378418
38 10.512986183166504
39 6.0964860916137695
40 5.217250823974609
41 5.128745079040527
42 4.830178260803223
43 9.059355735778809
44 2.0955708026885986
45 5.61331844329834
46 5.787251949310303
47 2.112636089324951
48 7.063410758972168
49 9.662405967712402
50 8.10981559753418
51 7.487663269042969
52 7.596354961395264
53 4.705257892608643
54 9.056196212768555
55 5.337498188018799
56 2.1535489559173584
57 7.490360260009766
58 6.36164665222168
59 1.065281629562378
60 5.682475566864014
61 6.0439887046813965
62 2.7578563690185547
63 3.1958768367767334
64 9.032343864440918
65 5.406428813934326
66 5.182321071624756
67 2.4274332523345947
68 8.188530921936035
69 5.303281784057617
70 8.755335807800293
71 4.399035453796387
72 7.061955451965332
73 7.405275344848633
74 6.546395778656006
75 6.446215629577637
76 2.124194383621216
77 4.948140621185303
78 2.7973062992095947
79 2.3060314655303955
80 2.415369749069214
81 4.725036144256592
82 3.451214551925659
83 3.7870259284973145
84 4.758662700653076
85 7.947228908538818
86 2.957543134689331
87 4.272990703582764
88 0.8099566698074341
89 3.143339157104492
90 4.485537528991699
91 3.615046739578247
92 1.900391697883606
93 4.296474933624268
94 1.7417181730270386
95 0.9187031984329224
96 4.837297439575195
97 4.622970104217529
98 0.7777215242385864
99 2.731947422027588
100 3.326444387435913
101 0.8609495162963867
102 1.794421911239624
103 1.7482197284698486
104 1.7198486328125
105 1.6988160610198975
106 1.35406494140625
107 0.7287457585334778
108 0.44498130679130554
109 0.8796873092651367
110 1.2411744594573975
111 0.5903563499450684
112 1.630020260810852
113 0.9945762753486633
114 0.23019984364509583
115 0.3568620979785919
116 0.2715569734573364
117 0.4231974482536316
118 0.7284165620803833
119 0.9444546103477478
120 0.18544910848140717
121 0.2075614035129547
122 0.7569104433059692
123 0.37073221802711487
124 0.553559422492981
125 0.3590840697288513
126 0.2631027102470398
127 0.15741561353206635
128 0.17783857882022858
129 0.2106773555278778
130 0.18807241320610046
131 0.08251851052045822
132 0.17465905845165253
133 0.2602938711643219
134 0.08828321844339371
135 0.23621205985546112
136 0.10988771915435791
137 0.15078012645244598
138 0.1453312486410141
139 0.16428911685943604
140 0.07804693281650543
141 0.08630102872848511
142 0.0875597819685936
143 0.06623965501785278
144 0.09102046489715576
145 0.07964838296175003
146 0.06998516619205475
147 0.0758664608001709
148 0.08936043083667755
149 0.07579515874385834
150 0.1065661609172821
151 0.10021306574344635
152 0.10177084803581238
153 0.047333043068647385
154 0.06982312351465225
155 0.043594248592853546
156 0.03990516811609268
157 0.0497165285050869
158 0.02545933611690998
159 0.03268706798553467
160 0.031199945136904716
161 0.03340645134449005
162 0.02989973872900009
163 0.02203971892595291
164 0.017423192039132118
165 0.05687938258051872
166 0.032156795263290405
167 0.018726838752627373
168 0.033620331436395645
169 0.02566327154636383
170 0.024509862065315247
171 0.006786326877772808
172 0.013710926286876202
173 0.022191718220710754
174 0.027173660695552826
175 0.02349116839468479
176 0.01846468076109886
177 0.015478136017918587
178 0.016278816387057304
179 0.016658734530210495
180 0.01796790398657322
181 0.01068885251879692
182 0.028639422729611397
183 0.014794043265283108
184 0.01973438262939453
185 0.01651153899729252
186 0.015237993560731411
187 0.023475779220461845
188 0.030744772404432297
189 0.018225394189357758
190 0.013808696530759335
191 0.025227133184671402
192 0.020477935671806335
193 0.012022047303617
194 0.013048170134425163
195 0.017878616228699684
196 0.013217424973845482
197 0.019779859110713005
198 0.019075600430369377
199 0.004688615910708904
200 0.006902911700308323
201 0.016460413113236427
202 0.011372659355401993
203 0.011075540445744991
204 0.019307421520352364
205 0.020174192264676094
206 0.019963428378105164
207 0.01807439513504505
208 0.013803582638502121
209 0.008712220005691051
210 0.024762313812971115
211 0.008354365825653076
212 0.006612776778638363
213 0.02019239030778408
214 0.008059008978307247
215 0.012033137492835522
216 0.012290612794458866
217 0.008141400292515755
218 0.012770473957061768
219 0.00839558057487011
220 0.006657234393060207
221 0.013806208968162537
222 0.011507287621498108
223 0.014019018970429897
224 0.010263019241392612
225 0.011135668493807316
226 0.014412922784686089
227 0.006808603182435036
228 0.01699233427643776
229 0.01749727502465248
230 0.01764017716050148
231 0.0051736668683588505
232 0.009075541980564594
233 0.012217462994158268
234 0.005325005855411291
235 0.011917688883841038
236 0.015889160335063934
237 0.009030608460307121
238 0.011848489753901958
239 0.0123505350202322
240 0.010844135656952858
241 0.01526462472975254
242 0.0037069690879434347
243 0.01038493774831295
244 0.014021415263414383
245 0.0144883431494236
246 0.012759847566485405
247 0.011081207543611526
248 0.005554071627557278
249 0.008703192695975304
250 0.010243741795420647
251 0.01781144179403782
252 0.013593902811408043
253 0.009107647463679314
254 0.008080543018877506
255 0.010801834985613823
256 0.0115700364112854
257 0.007494413759559393
258 0.008112222887575626
259 0.005002057645469904
260 0.015997042879462242
261 0.00832275953143835
262 0.006788252852857113
263 0.008170370943844318
264 0.007320588454604149
265 0.010298159904778004
266 0.007620235905051231
267 0.01239099819213152
268 0.004854537080973387
269 0.007622778881341219
270 0.010977708734571934
271 0.0063934288918972015
272 0.010643281042575836
273 0.004198483191430569
274 0.007684776093810797
275 0.006677534896880388
276 0.010225145146250725
277 0.009593158960342407
278 0.008668147958815098
279 0.013992438092827797
280 0.007328826934099197
281 0.012675348669290543
282 0.011407757177948952
283 0.012428533285856247
284 0.009186900220811367
285 0.011283349245786667
286 0.00705490680411458
287 0.016096031293272972
288 0.011382474564015865
289 0.006007646210491657
290 0.008148057386279106
291 0.005361982621252537
292 0.0102491844445467
293 0.010513306595385075
294 0.004346812609583139
295 0.007422730792313814
296 0.003978756256401539
297 0.008290239609777927
298 0.008422394283115864
299 0.010497166775166988
300 0.011870854534208775
301 0.0072180600836873055
302 0.013174843974411488
303 0.01197835709899664
304 0.00848432257771492
305 0.008757810108363628
306 0.008376717567443848
307 0.011334792710840702
308 0.010594272054731846
309 0.00751843536272645
310 0.0058470917865633965
311 0.013298725709319115
312 0.00631719920784235
313 0.0055671869777143
314 0.00769476592540741
315 0.00863918848335743
316 0.006739018484950066
317 0.007145389448851347
318 0.0028985594399273396
319 0.007348272949457169
320 0.0065184240229427814
321 0.009492945857346058
322 0.008122211322188377
323 0.009896494448184967
324 0.005570749752223492
325 0.004324473440647125
326 0.009739922359585762
327 0.009989401325583458
328 0.0036610213574022055
329 0.006150850560516119
330 0.004955398850142956
331 0.008900531567633152
332 0.010912850499153137
333 0.007473896257579327
334 0.010714223608374596
335 0.00659487210214138
336 0.009053203277289867
337 0.0053666080348193645
338 0.007125134114176035
339 0.005013217683881521
340 0.009155796840786934
341 0.007381265051662922
342 0.006704678293317556
343 0.004835117142647505
344 0.00436621205881238
345 0.005824807099997997
346 0.010114602744579315
347 0.00714885164052248
348 0.008996738120913506
349 0.010500673204660416
350 0.007693723309785128
351 0.006808839738368988
352 0.013346170075237751
353 0.010420670732855797
354 0.00662377430126071
355 0.004827487748116255
356 0.010346932336688042
357 0.0051637873984873295
358 0.007556847762316465
359 0.007704856805503368
360 0.00413088733330369
361 0.011166485957801342
362 0.007206192705780268
363 0.006627925205975771
364 0.008292610757052898
365 0.009818109683692455
366 0.0073646302334964275
367 0.007731249090284109
368 0.00779239647090435
369 0.0081330556422472
370 0.005336353089660406
371 0.0057808286510407925
372 0.0037931224796921015
373 0.003202971303835511
374 0.00737532926723361
375 0.007735460065305233
376 0.0025997469201684
377 0.006415992509573698
378 0.004292139317840338
379 0.007355757988989353
380 0.0071199433878064156
381 0.006828042212873697
382 0.0075186616741120815
383 0.006612744182348251
384 0.004466918762773275
385 0.006210551597177982
386 0.007159003056585789
387 0.006757176481187344
388 0.001858905772678554
389 0.0060876160860061646
390 0.011902187019586563
391 0.00471930718049407
392 0.006515945307910442
393 0.004979705438017845
394 0.005284723825752735
395 0.005022105760872364
396 0.007051149848848581
397 0.005061216652393341
398 0.007973428815603256
399 0.005379865877330303
400 0.0026898346841335297
401 0.005784616805613041
402 0.00691823847591877
403 0.005612173583358526
404 0.00550436694175005
405 0.005917966831475496
406 0.0024329086299985647
407 0.00741468695923686
408 0.0042198579758405685
409 0.00578745361417532
410 0.006681450176984072
411 0.004907386377453804
412 0.003370922524482012
413 0.003976390231400728
414 0.004992388654500246
415 0.003495043609291315
416 0.004313766490668058
417 0.0053209406323730946
418 0.004438319709151983
419 0.0055641490034759045
420 0.00821888167411089
421 0.00432814983651042
422 0.004421116318553686
423 0.0038671831134706736
424 0.004461273550987244
425 0.0064324731938540936
426 0.004491641651839018
427 0.004809548147022724
428 0.007583679165691137
429 0.003565675113350153
430 0.005992310121655464
431 0.0027982403989881277
432 0.007090559229254723
433 0.008039693348109722
434 0.006065677851438522
435 0.0040102130733430386
436 0.00477313157171011
437 0.007473521400243044
438 0.004999479744583368
439 0.004515851382166147
440 0.0042233942076563835
441 0.007554045412689447
442 0.005412529222667217
443 0.004858406726270914
444 0.005377153865993023
445 0.0028887183871120214
446 0.005941612645983696
447 0.0059019289910793304
448 0.0030111344531178474
449 0.006147215608507395
450 0.004119470249861479
451 0.00633831974118948
452 0.006879338063299656
453 0.0043524871580302715
454 0.004517804365605116
455 0.003600307274609804
456 0.004634999670088291
457 0.004593755584210157
458 0.004124813713133335
459 0.00642407825216651
460 0.0032987743616104126
461 0.006046017166227102
462 0.008588229306042194
463 0.0051789251156151295
464 0.003607860067859292
465 0.006043368950486183
466 0.001220156904309988
467 0.004345511551946402
468 0.00390666862949729
469 0.00716498214751482
470 0.006046660710126162
471 0.004673303104937077
472 0.005821341183036566
473 0.004818389192223549
474 0.005812219809740782
475 0.003479957114905119
476 0.002552173798903823
477 0.00625832611694932
478 0.004060123581439257
479 0.003986760973930359
480 0.0031187881249934435
481 0.0024714849423617125
482 0.003647038247436285
483 0.00485465582460165
484 0.005182163789868355
485 0.0044884332455694675
486 0.004000657703727484
487 0.00445760739967227
488 0.003972515929490328
489 0.0024212973657995462
490 0.004382070619612932
491 0.0036859996616840363
492 0.00465607363730669
493 0.00418923469260335
494 0.007335478439927101
495 0.0045348117128014565
496 0.005616324953734875
497 0.003768647089600563
498 0.0023103177081793547
499 0.002361765829846263
500 0.0035325593780726194
501 0.0023132876958698034
502 0.004061935935169458
503 0.004030290525406599
504 0.00294257584027946
505 0.0043561081402003765
506 0.004841710440814495
507 0.003994359169155359
508 0.005734154488891363
509 0.004782985895872116
510 0.0035394837614148855
511 0.0037643827963620424
512 0.0038951283786445856
513 0.0026588980108499527
514 0.0026222870219498873
515 0.00376006867736578
516 0.003360114758834243
517 0.0036819365341216326
518 0.003976551350206137
519 0.0026899753138422966
520 0.002303574699908495
521 0.0031923498027026653
522 0.004366802982985973
523 0.002433496294543147
524 0.0029971529729664326
525 0.0033559633884578943
526 0.00398070365190506
527 0.001321406220085919
528 0.0017189756035804749
529 0.0044095744378864765
530 0.004249186255037785
531 0.0031846354249864817
532 0.0021484203170984983
533 0.0032908779103308916
534 0.002423183061182499
535 0.003642359981313348
536 0.0014357388718053699
537 0.0029653131496161222
538 0.006129046436399221
539 0.005143614951521158
540 0.0032007901463657618
541 0.002938526216894388
542 0.0036879226099699736
543 0.003767983987927437
544 0.003757753875106573
545 0.0041354950517416
546 0.0021562210749834776
547 0.0030627273954451084
548 0.004369583912193775
549 0.004508754704147577
550 0.004146937746554613
551 0.003229104680940509
552 0.004216234665364027
553 0.0025495951995253563
554 0.0046423738822340965
555 0.0015880565624684095
556 0.002028512768447399
557 0.0022947778925299644
558 0.0019873627461493015
559 0.004292197525501251
560 0.003610625397413969
561 0.002269064774736762
562 0.0032342467457056046
563 0.0021688416600227356
564 0.003147955285385251
565 0.002687253523617983
566 0.002160039497539401
567 0.002432538429275155
568 0.002694671740755439
569 0.0029007301200181246
570 0.002090002177283168
571 0.003973592072725296
572 0.0027643453795462847
573 0.0011874943738803267
574 0.00270971585996449
575 0.0022257622331380844
576 0.0030428864993155003
577 0.003312578657642007
578 0.0038535110652446747
579 0.0024182810448110104
580 0.0028001326136291027
581 0.002960596466436982
582 0.0038946871645748615
583 0.0025276883970946074
584 0.0025280930567532778
585 0.0021013321820646524
586 0.002347320783883333
587 0.0021762999240309
588 0.0021830201148986816
589 0.0023946722503751516
590 0.002066265791654587
591 0.0017519898246973753
592 0.0014712187694385648
593 0.0020515071228146553
594 0.002129201777279377
595 0.0019056735327467322
596 0.002368664601817727
597 0.0038259339053183794
598 0.0020102732814848423
599 0.003523432184010744
600 0.0021323137916624546
601 0.00257271621376276
602 0.0015622173668816686
603 0.0031750116031616926
604 0.0035413852892816067
605 0.005066107027232647
606 0.00285203754901886
607 0.0021797327790409327
608 0.0012408492621034384
609 0.003262871177867055
610 0.0021941668819636106
611 0.0024925018660724163
612 0.0012701692758128047
613 0.002907990012317896
614 0.0014123592991381884
615 0.002182826865464449
616 0.001102395704947412
617 0.0023695649579167366
618 0.0029028886929154396
619 0.0017430706648156047
620 0.0013280032435432076
621 0.002099639503285289
622 0.002266810042783618
623 0.001286112703382969
624 0.002640707651153207
625 0.0022450911346822977
626 0.0023009388241916895
627 0.0013680418487638235
628 0.001798355020582676
629 0.0024143147747963667
630 0.0035619211848825216
631 0.001936401822604239
632 0.0025190659798681736
633 0.0027095347177237272
634 0.0029634428210556507
635 0.0022985264658927917
636 0.003653083462268114
637 0.003674304112792015
638 0.0023422357626259327
639 0.0017131316708400846
640 0.001806737040169537
641 0.0015564168570563197
642 0.0013679367257282138
643 0.0018455914687365294
644 0.0012830240884795785
645 0.0015734266489744186
646 0.0015619848854839802
647 0.0023123675491660833
648 0.004930791910737753
649 0.0023803450167179108
650 0.0018481516744941473
651 0.0015416882233694196
652 0.002900433260947466
653 0.0023513585329055786
654 0.0012332592159509659
655 0.0018174253636971116
656 0.001444637542590499
657 0.001857454190030694
658 0.0019623024854809046
659 0.0019434636924415827
660 0.002082162769511342
661 0.0017247401410713792
662 0.0016777851851657033
663 0.001511132693849504
664 0.002064849017187953
665 0.002219836926087737
666 0.002152843400835991
667 0.001711460528895259
668 0.00197112956084311
669 0.0018127865623682737
670 0.0012241709046065807
671 0.0018527901265770197
672 0.0019828779622912407
673 0.001402117544785142
674 0.0013519038911908865
675 0.0018315966008231044
676 0.0014074493665248156
677 0.002456004498526454
678 0.0011252239346504211
679 0.0022756350226700306
680 0.0013112262822687626
681 0.0014472311595454812
682 0.0010707871988415718
683 0.0014808987034484744
684 0.0023770120460540056
685 0.001700854511000216
686 0.0008840950904414058
687 0.0014536959351971745
688 0.0012665005633607507
689 0.0018467496847733855
690 0.0013538083294406533
691 0.0017516239313408732
692 0.001838176161982119
693 0.001945944270119071
694 0.0016326786717399955
695 0.0009749343153089285
696 0.001317674876190722
697 0.001218251883983612
698 0.0014872956089675426
699 0.001042823540046811
700 0.0010590682504698634
701 0.0018800741527229548
702 0.001360998023301363
703 0.0011661472963169217
704 0.0014994816156104207
705 0.0012128674425184727
706 0.000731290434487164
707 0.0014354623854160309
708 0.0010609105229377747
709 0.0006719175144098699
710 0.001079760491847992
711 0.0012325852876529098
712 0.0021009205374866724
713 0.0020288832020014524
714 0.001108204131014645
715 0.001319943810813129
716 0.0013832999393343925
717 0.0018388456664979458
718 0.0011889871675521135
719 0.0014702528715133667
720 0.0032211008947342634
721 0.001909647136926651
722 0.0018945133779197931
723 0.0013310477370396256
724 0.0010539634386077523
725 0.001408626907505095
726 0.00157404993660748
727 0.0019122923258692026
728 0.0015365477884188294
729 0.000766365381423384
730 0.0011180317960679531
731 0.0015835437225177884
732 0.0012230424908921123
733 0.0013378090225160122
734 0.0015085330232977867
735 0.00043951006955467165
736 0.0010806841310113668
737 0.0011377225164324045
738 0.0015519363805651665
739 0.0010150658199563622
740 0.0008460473618470132
741 0.0013388812076300383
742 0.0008797109476290643
743 0.000886877067387104
744 0.0006221614894457161
745 0.0009246690897271037
746 0.0010494461748749018
747 0.0012083410983905196
748 0.0007004528888501227
749 0.0014920795802026987
750 0.0007992457249201834
751 0.0015865409513935447
752 0.0012254811590537429
753 0.0014766007661819458
754 0.0007558196084573865
755 0.001059789559803903
756 0.0008207584614865482
757 0.001396831008605659
758 0.0009858934208750725
759 0.0011492801131680608
760 0.0010684155859053135
761 0.0010537180351093411
762 0.001898256246931851
763 0.0013546954141929746
764 0.0005677191657014191
765 0.0007342050084844232
766 0.0018654552986845374
767 0.0016885747900232673
768 0.0007813216652721167
769 0.0009296510252170265
770 0.0005113049992360175
771 0.0006292028701864183
772 0.0010689017362892628
773 0.0011419429210945964
774 0.0009248714195564389
775 0.0008322998764924705
776 0.0007422661874443293
777 0.001190739101730287
778 0.0007632822380401194
779 0.0008196869166567922
780 0.0003751260810531676
781 0.0004499527858570218
782 0.0006059036822989583
783 0.0007916373433545232
784 0.0008081731502898037
785 0.0011979235569015145
786 0.0004937974154017866
787 0.0008251320687122643
788 0.000753059983253479
789 0.0014854543842375278
790 0.0005256618605926633
791 0.00024336730712093413
792 0.0007028339896351099
793 0.0006703079561702907
794 0.0010724114254117012
795 0.001335165579803288
796 0.002508835168555379
797 0.0021982735488563776
798 0.0009104855125769973
799 0.0007305245380848646
800 0.0007551272865384817
801 0.0006626418326050043
802 0.0008083361317403615
803 0.0006917854188941419
804 0.0006624773377552629
805 0.0008025328279472888
806 0.0004791861865669489
807 0.0010816704016178846
808 0.0006086104549467564
809 0.000527269032318145
810 0.0007511663716286421
811 0.0010641677072271705
812 0.000469350692583248
813 0.0011477121151983738
814 0.0008895956561900675
815 0.0006734851049259305
816 0.000699236523360014
817 0.0006155036971904337
818 0.0014321201015263796
819 0.002206629840657115
820 0.0012007345212623477
821 0.0008604960166849196
822 0.0005699689500033855
823 0.0005490191979333758
824 0.0004906357498839498
825 0.0007106263656169176
826 0.0007326063932850957
827 0.0008662283071316779
828 0.0009886403568089008
829 0.0009112972766160965
830 0.0006549987592734396
831 0.0009434245293959975
832 0.0008443027036264539
833 0.000525201961863786
834 0.0004838624445255846
835 0.0014834466855973005
836 0.00046838418347761035
837 0.0008903465350158513
838 0.0005672373808920383
839 0.00045682743075303733
840 0.0007778860745020211
841 0.0010374074336141348
842 0.0008588521741330624
843 0.0039766086265444756
844 0.0024252894800156355
845 0.0006977046141400933
846 0.000545925460755825
847 0.0002970037457998842
848 0.0003748883318621665
849 0.0006224560202099383
850 0.0005290968692861497
851 0.000705226615536958
852 0.0008526323945261538
853 0.0011792591540142894
854 0.0006715835770592093
855 0.0006771103944629431
856 0.0008564031450077891
857 0.0004805414064321667
858 0.0003913058608304709
859 0.0005618050927296281
860 0.0010058196494355798
861 0.000878377235494554
862 0.0007385227945633233
863 0.0010909871198236942
864 0.0004154340422246605
865 0.00030579109443351626
866 0.0017838195199146867
867 0.0007657379028387368
868 0.000979935866780579
869 0.001444432302378118
870 0.0005387578275986016
871 0.0004786951176356524
872 0.0005249552777968347
873 0.0007547132554464042
874 0.0004366928478702903
875 0.00033505793544463813
876 0.0005550624919123948
877 0.0003587212704587728
878 0.0005656753783114254
879 0.0005022453260608017
880 0.00089801981812343
881 0.0004228730103932321
882 0.0006616945029236376
883 0.0005287004169076681
884 0.0004982154350727797
885 0.000383576174499467
886 0.0006714039482176304
887 0.00033006517332978547
888 0.0005638212896883488
889 0.0009881427977234125
890 0.0012771994806826115
891 0.0007831335533410311
892 0.0005142183508723974
893 0.0007428158423863351
894 0.0005876242066733539
895 0.0009091341635212302
896 0.0011292139533907175
897 0.00038533765473403037
898 0.0019468381069600582
899 0.0014780943747609854
900 0.0006537526496686041
901 0.001268946100026369
902 0.0005009251763112843
903 0.000527511234395206
904 0.00037348814657889307
905 0.0005430257297120988
906 0.000613172713201493
907 0.000866237620357424
908 0.0005444269045256078
909 0.0003791402850765735
910 0.0005722607020288706
911 0.0005813753232359886
912 0.0005727125681005418
913 0.000354647112544626
914 0.0009437599801458418
915 0.0005257221055217087
916 0.002592784818261862
917 0.0005901623517274857
918 0.002655517775565386
919 0.0006971448892727494
920 0.0008871178142726421
921 0.0006814064108766615
922 0.0009714575135149062
923 0.0007197426166385412
924 0.0011806058464571834
925 0.0004957799683324993
926 0.000265518989181146
927 0.00038960101664997637
928 0.00020835647592321038
929 0.0009778012754395604
930 0.0015146067598834634
931 0.0009846059838309884
932 0.0008504686993546784
933 0.0004894768935628235
934 0.0005816464545205235
935 0.0004483534430619329
936 0.0002859210944734514
937 0.001169363851659
938 0.0004719386051874608
939 0.0007660927949473262
940 0.000506856304127723
941 0.0006700968369841576
942 0.0011471158359199762
943 0.0007586533320136368
944 0.000651040580123663
945 0.0009216375765390694
946 0.0005578114069066942
947 0.0004563613620121032
948 0.0005038036033511162
949 0.00047811734839342535
950 0.0003796689852606505
951 0.0004835847648791969
952 0.00041616993257775903
953 0.000535965315066278
954 0.00041995482752099633
955 0.000791771977674216
956 0.0005839813966304064
957 0.0007031809072941542
958 0.00034101432538591325
959 0.0004263349110260606
960 0.0003331578918732703
961 0.00046067358925938606
962 0.0009407704346813262
963 0.0018484046449884772
964 0.0014456261415034533
965 0.000543094240128994
966 0.0009621745557524264
967 0.0005250150570645928
968 0.0004500024951994419
969 0.00045098632108420134
970 0.00022686707961838692
971 0.0004946243134327233
972 0.0003262639220338315
973 0.0004554707556962967
974 0.0007583553669974208
975 0.0002531276550143957
976 0.0007238293183036149
977 0.0005533386138267815
978 0.0005387098644860089
979 0.0007733632228337228
980 0.00045449688332155347
981 0.0006087266956456006
982 0.0011359163327142596
983 0.0004920890787616372
984 0.0004254551895428449
985 0.00021984460181556642
986 0.0004218496906105429
987 0.0002845603448804468
988 0.00045939060510136187
989 0.0009485977352596819
990 0.0005752471624873579
991 0.0005477690137922764
992 0.0007108140271157026
993 0.0004427761014085263
994 0.0006870256620459259
995 0.0005110099446028471
996 0.0004019800981041044
997 0.00046580153866671026
998 0.0006559447501786053
999 0.0004121157107874751
