0 11.840850830078125
1 5.009589195251465
2 5.7099385261535645
3 2.4139106273651123
4 5.867079734802246
5 2.850449323654175
6 2.251383066177368
7 1.9998635053634644
8 0.7216827273368835
9 0.21508842706680298
10 0.07751530408859253
11 0.043854475021362305
12 0.02229391038417816
13 0.011812618002295494
14 0.00818971823900938
15 0.00449164304882288
16 0.003050871891900897
17 0.0017963354475796223
18 0.0020060741808265448
19 0.0008370839059352875
20 0.0005367383128032088
21 0.0005822344683110714
22 0.0006709222798235714
23 0.0005852098693139851
24 0.0006281796377152205
25 0.00032652882509864867
26 0.0002157619019271806
27 0.0002737537433858961
28 0.00033047611941583455
29 0.0003520979080349207
30 0.00022095795429777354
31 0.0001916081819217652
32 0.00015257457562256604
33 0.00017481156100984663
34 0.00012234401947353035
35 0.00014813002781011164
36 4.9913116527022794e-05
37 9.21264145290479e-05
38 0.00010519564966671169
39 0.00012889719801023602
40 0.00014920660760253668
41 6.86550629325211e-05
42 4.16843977291137e-05
43 8.278417953988537e-05
44 7.568719593109563e-05
45 6.320221291389316e-05
46 9.216894250130281e-05
47 0.00010278260742779821
48 0.0001603474374860525
49 4.169225212535821e-05
50 7.522653322666883e-05
51 5.449559466796927e-05
52 3.2822506909724325e-05
53 6.672741437796503e-05
54 5.5946446082089096e-05
55 5.5108645028667524e-05
56 5.146664261701517e-05
57 6.782143464079127e-05
58 5.946268356638029e-05
59 4.1823328501777723e-05
60 3.903533433913253e-05
61 4.900217754766345e-05
62 5.536491153179668e-05
63 5.107120523462072e-05
64 5.234883428784087e-05
65 3.588611070881598e-05
66 3.6713507142849267e-05
67 3.535727228154428e-05
68 3.431345976423472e-05
69 3.475449193501845e-05
70 3.172014476149343e-05
71 4.8544490709900856e-05
72 1.8310585801373236e-05
73 4.5293214498087764e-05
74 3.4972967114299536e-05
75 3.478216240182519e-05
76 4.449220796232112e-05
77 2.643745392560959e-05
78 2.399056938884314e-05
79 1.66088248079177e-05
80 2.293511170137208e-05
81 4.978905781172216e-05
82 2.1772832042188384e-05
83 3.565749648259953e-05
84 1.4797910807828885e-05
85 2.3498547307099216e-05
86 1.5801098925294355e-05
87 1.3175130334275309e-05
88 2.9653838282683864e-05
89 2.726066486502532e-05
90 3.0017057724762708e-05
91 1.6456255252705887e-05
92 2.0926609067828394e-05
93 1.1287566849205177e-05
94 2.267490708618425e-05
95 2.3280845198314637e-05
96 3.194388409610838e-05
97 2.7256621251581237e-05
98 2.200659946538508e-05
99 9.08210040506674e-06
100 1.0682343599910382e-05
101 6.964995918679051e-06
102 1.8634445950738154e-05
103 2.338265039725229e-05
104 1.5722413081675768e-05
105 1.5006929970695637e-05
106 1.797134245862253e-05
107 1.2124315617256798e-05
108 1.0288407793268561e-05
109 1.4505622857541312e-05
110 1.305244950344786e-05
111 1.6737823898438364e-05
112 2.015710560954176e-05
113 1.3946152648713905e-05
114 1.3045320883975364e-05
115 2.1124946215422824e-05
116 1.264241655007936e-05
117 1.985023118322715e-05
118 2.003099325520452e-05
119 1.9194432752556168e-05
120 3.492234827717766e-05
121 1.1264930435572751e-05
122 1.4177897355693858e-05
123 1.1030634595954325e-05
124 2.1250936697470024e-05
125 1.7912623661686666e-05
126 1.2265633813512977e-05
127 1.751971649355255e-05
128 1.929570316860918e-05
129 1.1473128324723803e-05
130 1.0619245585985482e-05
131 0.0001183196873171255
132 0.00020196501282043755
133 3.3055723179131746e-05
134 2.577068516984582e-05
135 1.3165832569939084e-05
136 1.475417593610473e-05
137 0.0010653164936229587
138 0.007876892574131489
139 0.019049908965826035
140 0.004324881359934807
141 0.002500239061191678
142 0.0011428440921008587
143 0.00035089161247015
144 0.0007431197445839643
145 0.0005306825623847544
146 0.0004456405295059085
147 0.0002881695399992168
148 2.41706075030379e-05
149 3.606679092627019e-05
150 1.619123577256687e-05
151 2.4897486582631245e-05
152 1.4733710486325435e-05
153 1.6151290765265003e-05
154 2.2642243493464775e-05
155 1.225683718075743e-05
156 1.3631936781166587e-05
157 1.6959078493528068e-05
158 1.6283633158309385e-05
159 7.856942829675972e-06
160 6.421395482902881e-06
161 6.205533281899989e-06
162 2.0272778783692047e-05
163 1.5728268408565782e-05
164 1.0199527423537802e-05
165 1.309258004766889e-05
166 0.0003008557250723243
167 0.0009173091384582222
168 0.0011929954634979367
169 0.003693000180646777
170 0.0017818245105445385
171 0.0009870205540210009
172 0.000866351299919188
173 7.455525337718427e-05
174 0.00020228956418577582
175 7.094717147992924e-05
176 0.0001425916125299409
177 6.770297477487475e-05
178 0.0002209061203757301
179 0.0001294664980378002
180 0.00010542119707679376
181 3.991252015111968e-05
182 2.762619078566786e-05
183 3.18590973620303e-05
184 3.7327550671761855e-05
185 0.00021367425506468862
186 0.00012488810170907527
187 6.963657506275922e-05
188 3.3783009712351486e-05
189 5.5227705161087215e-05
190 0.00011873768380610272
191 0.0005241311737336218
192 0.00020924319687765092
193 7.034088775981218e-05
194 9.379109542351216e-05
195 5.253314884612337e-05
196 4.7130659368121997e-05
197 0.00031962370849214494
198 0.0004538648354355246
199 0.0028846340719610453
200 0.003203626489266753
201 0.0016266501042991877
202 0.0070731379091739655
203 0.0026868232525885105
204 0.00027457743999548256
205 0.003010120242834091
206 0.0012384209549054503
207 0.0014475489733740687
208 0.00010336073319194838
209 0.0013591735623776913
210 0.0010197196388617158
211 0.0006135628209449351
212 0.0052819629199802876
213 0.06532564759254456
214 0.013960701413452625
215 0.007102287374436855
216 0.0015815560473129153
217 0.001191560528241098
218 0.0005837734788656235
219 0.0005762538639828563
220 0.00010839824972208589
221 0.00010235859372187406
222 7.88847537478432e-05
223 9.209130075760186e-05
224 7.546833512606099e-05
225 4.0441806049784645e-05
226 9.764757851371542e-05
227 7.765385089442134e-05
228 0.0001765778724802658
229 4.772328247781843e-05
230 9.84450671239756e-05
231 9.20791644603014e-05
232 6.207029946381226e-05
233 3.309175735921599e-05
234 4.708620690507814e-05
235 4.819374225917272e-05
236 4.2595118429744616e-05
237 3.752323755179532e-05
238 4.23322017013561e-05
239 1.753417200234253e-05
240 2.4053044398897327e-05
241 2.6531133698881604e-05
242 3.6615787394111976e-05
243 2.9605080271721818e-05
244 0.0001267766929231584
245 0.00035287326318211854
246 9.42346450756304e-05
247 0.00010480162018211558
248 0.00021471826767083257
249 0.0009777239756658673
250 0.0006220467621460557
251 0.00021937080600764602
252 0.0031969763804227114
253 0.0035398879554122686
254 0.0019450722029432654
255 0.000958205433562398
256 0.0005421790992841125
257 0.002969610271975398
258 0.0029929657466709614
259 0.0030791028402745724
260 0.0030833701603114605
261 0.000927280867472291
262 0.00011334380542393774
263 0.00037606226396746933
264 0.0008414945914410055
265 0.0003117229789495468
266 0.00013393076369538903
267 0.0004238553228788078
268 0.0007824361673556268
269 0.0003063915646634996
270 0.0011873053153976798
271 0.0005308918771333992
272 0.001100495457649231
273 0.002644100459292531
274 0.004099688027054071
275 0.003089030273258686
276 0.004835671745240688
277 0.003606115933507681
278 0.0009513693512417376
279 0.0009486170019954443
280 0.0004988643922843039
281 0.0009925133781507611
282 0.0005075656808912754
283 0.0002014217316173017
284 0.00032437194022350013
285 0.0002891224285122007
286 0.0001594572386238724
287 0.00016746575420256704
288 6.983971979934722e-05
289 0.0004999410593882203
290 0.000411885732319206
291 0.00017518855747766793
292 0.0004702867299783975
293 0.00011423378600738943
294 0.00015791866462677717
295 9.86939194262959e-05
296 0.0003043707984033972
297 0.00027421087725088
298 0.0004156442009843886
299 0.0013471145648509264
300 0.00019087134569417685
301 0.00022180906671565026
302 0.00010295819083694369
303 0.00019019136379938573
304 0.0001568458101246506
305 3.524257044773549e-05
306 7.636030204594135e-05
307 3.853639282169752e-05
308 8.380687359021977e-05
309 3.823396400548518e-05
310 0.0001851924607763067
311 0.0004301855224184692
312 0.003955107182264328
313 0.016772734001278877
314 0.008576727472245693
315 0.0015341680264100432
316 0.0015016007237136364
317 0.004200398921966553
318 0.0008466368308290839
319 0.0013098655035719275
320 0.00013600519741885364
321 7.921020733192563e-05
322 0.00029545914730988443
323 8.590922516305e-05
324 3.4163786040153354e-05
325 0.00012665658141486347
326 0.000259104126598686
327 0.000130927495774813
328 3.273233596701175e-05
329 5.763502122135833e-05
330 6.821278657298535e-05
331 8.898451051209122e-05
332 2.4788851078483276e-05
333 6.109456444391981e-05
334 3.5770040994975716e-05
335 1.3746133845415898e-05
336 1.3287120964378119e-05
337 2.7966592824668624e-05
338 0.00013264053268358111
339 0.00018275280308444053
340 0.000602034735493362
341 5.432355828816071e-05
342 4.2779789509950206e-05
343 0.00017591373762115836
344 6.725778803229332e-05
345 0.00013871477858629078
346 0.0013783312169834971
347 0.0026672661770135164
348 0.0005678056040778756
349 0.00109110027551651
350 0.003647258970886469
351 0.004623495973646641
352 0.003098982386291027
353 0.005123005714267492
354 0.007650221697986126
355 0.006417403928935528
356 0.00447007454931736
357 0.012971538119018078
358 0.008716052398085594
359 0.00416565453633666
360 0.0027205420192331076
361 0.004134125541895628
362 0.006370180286467075
363 0.006500573363155127
364 0.00929199904203415
365 0.01950952410697937
366 0.004863893147557974
367 0.001224898616783321
368 0.0003051358216907829
369 0.0015922242309898138
370 0.0008281672489829361
371 0.00026564623112790287
372 0.00022271621855907142
373 0.00017792859580367804
374 0.00017859984654933214
375 8.614549005869776e-05
376 4.411963527672924e-05
377 0.00016213100752793252
378 3.141082561342046e-05
379 2.6307066946174018e-05
380 2.72297729679849e-05
381 3.217728954041377e-05
382 6.623743684031069e-05
383 3.657353590824641e-05
384 2.9971211915835738e-05
385 0.00036203066702000797
386 0.0005221940809860826
387 0.0001509573048679158
388 0.0017782824579626322
389 0.00020357605535537004
390 0.0011224227491766214
391 0.00040669398731552064
392 0.0013692628126591444
393 0.0031731068156659603
394 0.007081714458763599
395 0.01613215170800686
396 0.015120157040655613
397 0.028154626488685608
398 0.00278028124012053
399 0.004508855752646923
400 0.004406989552080631
401 0.0022752895019948483
402 0.0012715476332232356
403 0.0006063557812012732
404 0.0003172322758473456
405 0.0005703416536562145
406 0.0007238173275254667
407 4.918737249681726e-05
408 0.00018467212794348598
409 0.00026517341029830277
410 0.00010274510714225471
411 5.902404154767282e-05
412 0.00018052911036647856
413 0.00018928809731733054
414 0.00010640724212862551
415 9.967551886802539e-05
416 0.00014210761582944542
417 0.00012925028568133712
418 0.00010895354353124276
419 0.00014595221728086472
420 9.83843783615157e-05
421 5.092305218568072e-05
422 3.33162970491685e-05
423 1.8321634343010373e-05
424 1.0087352166010533e-05
425 2.0172441509203054e-05
426 1.8684913811739534e-05
427 2.7308389690006152e-05
428 1.0736545846157242e-05
429 6.243959887797246e-06
430 2.600540392450057e-05
431 2.0002245946670882e-05
432 2.7099582439404912e-05
433 1.2534993402368855e-05
434 2.176713132939767e-05
435 3.9514950913144276e-05
436 1.4481777725450229e-05
437 7.128005108825164e-06
438 2.877666338463314e-05
439 1.400020391884027e-05
440 8.575870015192777e-05
441 6.982701597735286e-05
442 0.00022418420121539384
443 0.0005769908893853426
444 0.00037942524068057537
445 0.00019452035485301167
446 0.00035271403612568974
447 0.0008091895142570138
448 0.0005770951975136995
449 0.0008343367371708155
450 0.002383371815085411
451 0.0005547836772166193
452 0.007861368358135223
453 0.009657942689955235
454 0.01823796145617962
455 0.022918321192264557
456 0.05397351458668709
457 0.004308433271944523
458 0.026090532541275024
459 0.021532291546463966
460 0.006777900271117687
461 0.0024531579110771418
462 0.0012294399784877896
463 0.0020420465152710676
464 0.0005149223143234849
465 0.0006020002183504403
466 0.0005391953745856881
467 0.000385714607546106
468 0.0002750539279077202
469 0.00011004507541656494
470 0.0001201989725814201
471 6.898898573126644e-05
472 0.00011129564518341795
473 4.496762267081067e-05
474 4.305617039790377e-05
475 4.830280886380933e-05
476 3.496142016956583e-05
477 5.026398866903037e-05
478 1.0474428563611582e-05
479 2.312389187864028e-05
480 0.00013726756151299924
481 5.840744051965885e-05
482 9.737838990986347e-05
483 0.00018135194841306657
484 0.0012368627358227968
485 0.00015141944459173828
486 0.00018650374840945005
487 0.0005202155443839729
488 0.0008205901249311864
489 0.0014668881194666028
490 0.0006630201824009418
491 0.0007229818147607148
492 0.0004170346073806286
493 5.039873212808743e-05
494 6.813004438299686e-05
495 0.0001287749910261482
496 0.0003455576079431921
497 2.9826451282133348e-05
498 1.8924656615126878e-05
499 1.7473728803452104e-05
500 3.9784907130524516e-05
501 0.0001827105734264478
502 8.036853250814602e-05
503 0.00011534660734469071
504 7.862588245188817e-05
505 0.0004441390046849847
506 7.709397323196754e-05
507 4.02263794967439e-05
508 0.00010486404789844528
509 0.0005301855853758752
510 2.6310312023269944e-05
511 4.385647116578184e-05
512 5.814804171677679e-05
513 0.00011498436651891097
514 0.00015941119636408985
515 8.765382517594844e-05
516 4.474676097743213e-05
517 1.6006368241505697e-05
518 3.0355378839885816e-05
519 2.2419098968384787e-05
520 4.758284558192827e-05
521 1.4033847037353553e-05
522 6.147816020529717e-05
523 4.7003282816149294e-05
524 3.5922701499657705e-05
525 0.00010664801811799407
526 0.00012905927724204957
527 0.00012446062464732677
528 0.0001615777291590348
529 5.855637209606357e-05
530 4.626823647413403e-05
531 2.8189937438583e-05
532 2.0942898117937148e-05
533 4.823551353183575e-05
534 2.598612081783358e-05
535 6.165460945339873e-05
536 9.607261017663404e-05
537 7.430442929035053e-05
538 2.8747832402586937e-05
539 1.700141183391679e-05
540 2.7130910893902183e-05
541 3.514743730193004e-05
542 7.085950346663594e-05
543 5.554812014452182e-05
544 2.9809747502440587e-05
545 4.62233365396969e-05
546 5.2380117267603055e-05
547 0.001427776413038373
548 0.0009302431717514992
549 0.001590184634551406
550 0.00043325446313247085
551 0.0013597218785434961
552 0.0019447347149252892
553 0.0008924884023144841
554 0.0036589764058589935
555 0.0007198071689344943
556 0.00025335451937280595
557 0.0002826521231327206
558 0.0002541043213568628
559 4.1759729356272146e-05
560 0.0002028852904913947
561 0.0004917337791994214
562 0.0005017367657274008
563 0.0009541948675177991
564 0.001530784065835178
565 0.001701151835732162
566 0.0008732935530133545
567 0.008717563934624195
568 0.0020566389430314302
569 0.002736978232860565
570 0.0027016301173716784
571 0.007403305731713772
572 0.011019251309335232
573 0.04902465268969536
574 0.006038103252649307
575 0.03059334307909012
576 0.025596899911761284
577 0.006675659213215113
578 0.01067327056080103
579 0.0021714111790060997
580 0.0032793597783893347
581 0.012313860468566418
582 0.01265267375856638
583 0.04773988947272301
584 0.05552472174167633
585 0.007198807783424854
586 0.0197875015437603
587 0.008034957572817802
588 0.0011445825221017003
589 0.0003799903788603842
590 0.0004184329300187528
591 0.00025748321786522865
592 8.745502418605611e-05
593 0.00010481497884029523
594 8.656151476316154e-05
595 9.946987847797573e-05
596 8.119724952848628e-05
597 0.00012176833115518093
598 7.952337909955531e-05
599 6.114627467468381e-05
600 0.00017413408204447478
601 7.517423364333808e-05
602 6.691541784675792e-05
603 4.775410707225092e-05
604 2.21553764276905e-05
605 4.558571890811436e-05
606 2.1253985323710367e-05
607 1.3890132322558202e-05
608 3.087782170041464e-05
609 6.170859705889598e-05
610 1.4495452887786087e-05
611 1.2596838132594712e-05
612 1.2060358130838722e-05
613 1.8465501852915622e-05
614 1.8335767890675925e-05
615 9.053601388586685e-06
616 7.393899068119936e-06
617 1.8121014363714494e-05
618 1.4585298231395427e-05
619 1.6682570276316255e-05
620 9.239954124495853e-06
621 3.419216227484867e-05
622 2.8689180908259004e-05
623 1.2142906598455738e-05
624 9.96656217466807e-06
625 3.076228313148022e-05
626 1.0435093827254605e-05
627 1.5736359273432754e-05
628 2.5951580028049648e-05
629 9.537934965919703e-05
630 3.3601303584873676e-05
631 2.660806421772577e-05
632 2.0445220798137598e-05
633 1.1834817996714264e-05
634 5.532245268113911e-06
635 7.76924571255222e-06
636 7.115158950909972e-06
637 9.8548998721526e-06
638 1.0053709956991952e-05
639 1.4619749890698586e-05
640 2.1133886548341252e-05
641 1.3173081242712215e-05
642 7.386999186564935e-06
643 6.493633463833248e-06
644 1.8535834897193126e-05
645 1.0987720997945871e-05
646 8.761975550442003e-06
647 1.0602537258819211e-05
648 9.961613613995723e-06
649 1.2002942639810499e-05
650 8.073173376033083e-06
651 1.539168442832306e-05
652 8.525800694769714e-06
653 2.6401205104775727e-05
654 1.0321538866264746e-05
655 1.4965080481488258e-05
656 1.0910185665125027e-05
657 8.741807505430188e-06
658 8.168739441316575e-06
659 2.0150633645243943e-05
660 2.064617547148373e-05
661 1.691496800049208e-05
662 5.132523256179411e-06
663 1.2487225831137039e-05
664 9.22676372283604e-06
665 5.1531405915739015e-06
666 6.569829110958381e-06
667 1.4835389265499543e-05
668 7.55401561036706e-06
669 1.2677014638029505e-05
670 1.5618479665135965e-05
671 2.203505027864594e-05
672 6.0460050008259714e-05
673 1.1006663953594398e-05
674 1.2784608770743944e-05
675 2.1349365852074698e-05
676 6.348454917315394e-06
677 5.290754870657111e-06
678 1.6551097360206768e-05
679 1.182753112516366e-05
680 8.662640539114363e-06
681 1.5327466826420277e-05
682 1.7220929294126108e-05
683 4.454978261492215e-05
684 8.96187611942878e-06
685 1.6481923012179323e-05
686 5.0628281314857304e-05
687 2.372070957790129e-05
688 2.120489443768747e-05
689 1.1810907381004654e-05
690 1.1318986253172625e-05
691 3.926455610780977e-05
692 1.4107662536844146e-05
693 3.66221102012787e-05
694 1.875092311820481e-05
695 5.525667802430689e-05
696 7.596093200845644e-05
697 3.8925027183722705e-05
698 1.5201380847429391e-05
699 5.719480395782739e-05
700 1.7419117284589447e-05
701 2.915017648774665e-05
702 6.877938176330645e-06
703 2.5643877961556427e-05
704 8.0202926255879e-06
705 3.066581120947376e-05
706 3.682215537992306e-05
707 5.4906500736251473e-05
708 0.00012169155525043607
709 0.00010045297676697373
710 6.572436541318893e-05
711 8.630121737951413e-05
712 1.5355844880104996e-05
713 0.00010398994345450774
714 0.0001316222915193066
715 4.1651877836557105e-05
716 1.0117729289049748e-05
717 6.635269983235048e-06
718 4.297796294849832e-06
719 2.586889786471147e-05
720 0.00025288478354923427
721 2.913605385401752e-05
722 0.00030278353369794786
723 7.698692206759006e-05
724 0.00014441854727920145
725 0.0001350545062450692
726 0.000288408191408962
727 3.0996980058262125e-05
728 0.00032032272429205477
729 0.0033480713609606028
730 0.009554073214530945
731 0.010806570760905743
732 0.00388496951200068
733 0.003038642695173621
734 0.0006996071897447109
735 0.0011287274537608027
736 0.0027519301511347294
737 0.0019214983331039548
738 0.00030042495927773416
739 0.0006735764327459037
740 0.0005397365312092006
741 0.00011494678619783372
742 0.00033105036709457636
743 0.00021275474864523858
744 0.00046098625170998275
745 0.00035599395050667226
746 0.0003967490920331329
747 0.00028686350560747087
748 0.0005295268492773175
749 0.0005098576075397432
750 0.0001329535007243976
751 9.424042218597606e-05
752 0.001049952581524849
753 0.002457068068906665
754 0.00034417829010635614
755 0.003346392884850502
756 0.00039167518843896687
757 0.0011962020071223378
758 0.0006728484877385199
759 0.00013594584015663713
760 0.0001232663489645347
761 8.262995106633753e-05
762 0.0008462223340757191
763 0.0017790362471714616
764 0.001702809240669012
765 0.002316324971616268
766 0.001470393966883421
767 0.0013548628194257617
768 0.02276337891817093
769 0.002278280910104513
770 0.006818999070674181
771 0.001669569406658411
772 0.0036371974274516106
773 0.0007467646501027048
774 0.0001448621042072773
775 0.0002161948214052245
776 0.0001850835105869919
777 0.00011027596337953582
778 0.00045714181032963097
779 0.00016827935178298503
780 0.0003422957088332623
781 0.00021676417964044958
782 0.00018558904412202537
783 0.001991124590858817
784 0.0009004168678075075
785 0.010047690011560917
786 0.0032604956068098545
787 0.011340487748384476
788 0.0037042037583887577
789 0.001238173572346568
790 0.0021837828680872917
791 0.000556590617634356
792 0.00043408479541540146
793 0.0005426069837994874
794 0.0008979169651865959
795 0.00043058983283117414
796 0.0004510845465119928
797 0.0009901258163154125
798 0.0008158643613569438
799 0.00028331385692581534
800 0.000548145326320082
801 0.0004167191218584776
802 0.0002706388186197728
803 0.000154465640662238
804 0.00018576472939457744
805 8.279873145511374e-05
806 3.608901897678152e-05
807 6.969882088014856e-05
808 2.5009143428178504e-05
809 4.193902714177966e-05
810 3.0511202567140572e-05
811 3.22637970384676e-05
812 4.2448351450730115e-05
813 2.665215106389951e-05
814 0.00017948003369383514
815 7.841741171432659e-05
816 9.262988896807656e-05
817 6.001599467708729e-05
818 4.140414239373058e-05
819 2.2589101718040183e-05
820 8.299353794427589e-05
821 8.235059067374095e-05
822 2.13337716559181e-05
823 2.4562310500186868e-05
824 3.345718141645193e-05
825 1.6141657397383824e-05
826 2.5624316549510695e-05
827 0.00010960649524349719
828 8.813838940113783e-05
829 4.603953493642621e-05
830 1.0281900358677376e-05
831 5.0409060349920765e-05
832 5.082226562080905e-05
833 4.0298291423823684e-05
834 0.0001458537153666839
835 2.7584237614064477e-05
836 0.00010895706509472802
837 0.0005186847411096096
838 0.0002727408136706799
839 0.00016713941295165569
840 0.00021698461205232888
841 0.00032288863440044224
842 0.0001143583285738714
843 0.0001586339349159971
844 0.00046804259181953967
845 0.0001142433684435673
846 0.0002666786022018641
847 0.00012843002332374454
848 0.0002640433667693287
849 0.00021057519188616425
850 0.00015810789773240685
851 0.0008945405133999884
852 0.0021720612421631813
853 0.006199345458298922
854 0.0026526565197855234
855 0.0038904701359570026
856 0.004448943771421909
857 0.002240588655695319
858 0.24726350605487823
859 0.05957137793302536
860 0.026464175432920456
861 0.01537144836038351
862 0.012714567594230175
863 0.011693594977259636
864 0.004402924329042435
865 0.0014544224832206964
866 0.001968413358554244
867 0.0028037934098392725
868 0.00027564121410250664
869 0.002591129159554839
870 0.0005107369506731629
871 8.345496462425217e-05
872 0.00011702915071509778
873 0.00010723211016738787
874 4.4320051529211923e-05
875 0.00018728393479250371
876 7.468321564374492e-05
877 4.8367877752752975e-05
878 2.742227297858335e-05
879 5.172458622837439e-05
880 7.102294330252334e-05
881 7.522539817728102e-05
882 4.9920534365810454e-05
883 6.181690696394071e-05
884 3.408850898267701e-05
885 4.1398307075724006e-05
886 6.295398634392768e-05
887 3.92458496207837e-05
888 2.339143793506082e-05
889 3.358763569849543e-05
890 3.1978812330635265e-05
891 2.2434051061281934e-05
892 2.7287456759950146e-05
893 2.437560942780692e-05
894 2.8762764486600645e-05
895 2.4855258743627928e-05
896 3.2135987567016855e-05
897 3.086672586505301e-05
898 6.430968642234802e-05
899 4.588030424201861e-05
900 2.5022442059707828e-05
901 2.5584728064131923e-05
902 2.1398358512669802e-05
903 2.2723186702933162e-05
904 1.1597961929510348e-05
905 2.1962150640320033e-05
906 2.3657055862713605e-05
907 1.2905604307889007e-05
908 1.3868550922779832e-05
909 1.8903750969911925e-05
910 2.2550542780663818e-05
911 1.7020369341480546e-05
912 1.3588769434136339e-05
913 1.5955800336087123e-05
914 2.1579477106570266e-05
915 1.4303890566225164e-05
916 4.964308755006641e-05
917 3.129230026388541e-05
918 4.6798635594313964e-05
919 6.438656419049948e-05
920 3.7614558095810935e-05
921 1.5979378076735884e-05
922 3.47945824614726e-05
923 5.794386743218638e-05
924 2.839891385519877e-05
925 3.904624827555381e-05
926 1.1340033779561054e-05
927 7.614814239786938e-05
928 4.897681355942041e-05
929 4.634341166820377e-05
930 1.342468021903187e-05
931 7.447364623658359e-06
932 2.604349901957903e-05
933 1.69139511854155e-05
934 2.5982270017266273e-05
935 3.707617361214943e-05
936 0.00010315143299521878
937 2.9275261113070883e-05
938 5.9843929193448275e-05
939 7.581811951240525e-05
940 2.384741310379468e-05
941 8.798696399026085e-06
942 5.867678191862069e-05
943 6.58410499454476e-05
944 3.5189474147045985e-05
945 4.4765194616047665e-05
946 2.2455622456618585e-05
947 0.000536314444616437
948 0.0002826403360813856
949 0.00015811399498488754
950 5.2437531849136576e-05
951 5.9446305385790765e-05
952 3.916862988262437e-05
953 3.579352414817549e-05
954 0.00012935952690895647
955 0.00011449107114458457
956 0.000344972824677825
957 5.936063826084137e-05
958 0.0001784902560757473
959 7.311056106118485e-05
960 0.00011685085337376222
961 4.005499795312062e-05
962 5.6087286793626845e-05
963 0.00011396453919587657
964 3.705721610458568e-05
965 0.00017580826533958316
966 7.17005823389627e-05
967 9.107059304369614e-05
968 4.5925706217531115e-05
969 7.27507213014178e-05
970 5.6969322031363845e-05
971 8.773324225330725e-05
972 3.9340626244666055e-05
973 1.3191365724196658e-05
974 1.0382875188952312e-05
975 7.086848654580535e-06
976 3.0825420253677294e-05
977 0.0002574235841166228
978 0.00013698943075723946
979 2.229763958894182e-05
980 1.3546883565140888e-05
981 2.3874377802712843e-05
982 1.3649814718519337e-05
983 1.0036038474936504e-05
984 1.5068519132910296e-05
985 7.63781281420961e-06
986 1.564682497701142e-05
987 7.206350346677937e-06
988 1.7286483853240497e-05
989 1.8554484995547682e-05
990 5.308388608682435e-06
991 1.753531614667736e-05
992 2.9312463084352203e-05
993 7.844671927159652e-06
994 1.021033494907897e-05
995 1.577039984113071e-05
996 0.00011522036948008463
997 5.947302997810766e-05
998 0.00026911194436252117
999 9.291637252317742e-05
