0 2364.744140625
1 340.2879638671875
2 121.66740417480469
3 61.05105209350586
4 29.123807907104492
5 11.556836128234863
6 14.411184310913086
7 13.680744171142578
8 3.985614538192749
9 15.830748558044434
10 23.690780639648438
11 2.8318467140197754
12 30.703109741210938
13 126.42478942871094
14 29.141677856445312
15 75.5484390258789
16 6.671453475952148
17 71.69044494628906
18 25.2907657623291
19 8.359053611755371
20 24.083778381347656
21 7.158032417297363
22 21.750049591064453
23 30.200193405151367
24 11.2068452835083
25 6.060458660125732
26 3.8955397605895996
27 9.306732177734375
28 11.354174613952637
29 126.61272430419922
30 39.194942474365234
31 446.0437316894531
32 198.00527954101562
33 150.9616241455078
34 19.939170837402344
35 6.061947822570801
36 1.6302220821380615
37 12.785737037658691
38 5.5736775398254395
39 4.5532355308532715
40 5.362472057342529
41 4.809701442718506
42 5.043277740478516
43 8.277331352233887
44 4.905222415924072
45 4.177567005157471
46 5.548189163208008
47 6.79601526260376
48 6.300153732299805
49 4.535717964172363
50 4.716681003570557
51 5.535682201385498
52 3.969395637512207
53 5.177733421325684
54 5.003702640533447
55 5.6335530281066895
56 22.640287399291992
57 19.23109245300293
58 7.605494499206543
59 4.922339916229248
60 9.832777976989746
61 8.67453384399414
62 3.030791759490967
63 9.541023254394531
64 12.172652244567871
65 49.57414627075195
66 6.755200386047363
67 56.923194885253906
68 18.970252990722656
69 6.331478595733643
70 44.11513137817383
71 12.646408081054688
72 4.573415756225586
73 85.59343719482422
74 157.006103515625
75 32.04785919189453
76 29.019474029541016
77 12.55329704284668
78 5.972151279449463
79 11.767327308654785
80 12.474923133850098
81 21.008562088012695
82 39.839351654052734
83 63.14326477050781
84 14.106999397277832
85 160.6037139892578
86 46.12406921386719
87 44.80075454711914
88 7.195835590362549
89 47.35165786743164
90 16.685916900634766
91 109.56858825683594
92 5.300748825073242
93 34.78303909301758
94 76.62395477294922
95 28.674726486206055
96 41.63355255126953
97 41.3143424987793
98 45.37992477416992
99 57.67998123168945
100 185.8135223388672
101 348.2052917480469
102 129.6977996826172
103 91.25218200683594
104 29.198495864868164
105 28.060609817504883
106 13.32137680053711
107 16.19737434387207
108 9.444910049438477
109 16.928401947021484
110 8.334406852722168
111 20.09996223449707
112 63.51335144042969
113 69.18680572509766
114 11.672162055969238
115 22.141071319580078
116 21.85157012939453
117 21.806930541992188
118 33.460121154785156
119 13.973050117492676
120 52.38222122192383
121 28.539840698242188
122 7.407796859741211
123 20.099830627441406
124 20.808021545410156
125 21.679189682006836
126 13.996382713317871
127 15.123579978942871
128 78.42543029785156
129 95.81471252441406
130 59.199886322021484
131 19.830211639404297
132 15.304374694824219
133 32.0849609375
134 34.64192581176758
135 37.446022033691406
136 40.416263580322266
137 49.06291580200195
138 105.69862365722656
139 197.94871520996094
140 66.86412811279297
141 21.440942764282227
142 5.416760444641113
143 10.073266983032227
144 15.176180839538574
145 93.5118637084961
146 39.82705307006836
147 33.713253021240234
148 10.32833480834961
149 26.647296905517578
150 64.2635726928711
151 212.84649658203125
152 117.17414855957031
153 42.43940734863281
154 23.70630645751953
155 5.141625881195068
156 16.564411163330078
157 3.11273455619812
158 39.383766174316406
159 5.635696887969971
160 2.5107462406158447
161 22.12523651123047
162 13.799755096435547
163 486.8049011230469
164 1057.01611328125
165 449.5638427734375
166 154.78456115722656
167 79.0318832397461
168 220.91519165039062
169 23.886789321899414
170 12.019695281982422
171 9.820098876953125
172 7.214989185333252
173 7.699338436126709
174 8.325098037719727
175 11.582149505615234
176 9.59453010559082
177 21.101886749267578
178 20.262977600097656
179 13.246748924255371
180 11.691449165344238
181 5.58560848236084
182 9.09671688079834
183 10.96792984008789
184 23.57249641418457
185 13.900445938110352
186 16.036117553710938
187 28.525571823120117
188 8.201089859008789
189 18.800800323486328
190 18.441761016845703
191 15.565760612487793
192 19.794992446899414
193 5.979410171508789
194 12.697647094726562
195 26.55775260925293
196 12.497918128967285
197 16.487300872802734
198 10.271857261657715
199 10.546814918518066
200 9.161599159240723
201 7.367362976074219
202 97.10163879394531
203 52.682838439941406
204 18.425762176513672
205 21.129680633544922
206 17.69842529296875
207 89.32374572753906
208 81.9576416015625
209 33.212135314941406
210 27.194955825805664
211 39.990169525146484
212 33.04997634887695
213 10.193281173706055
214 18.141311645507812
215 10.007462501525879
216 15.901427268981934
217 6.718467712402344
218 571.0440673828125
219 238.95480346679688
220 159.22122192382812
221 36.34173583984375
222 107.77001953125
223 19.471851348876953
224 22.55925941467285
225 44.52439880371094
226 11.162517547607422
227 142.47799682617188
228 46.05671310424805
229 39.314971923828125
230 80.36424255371094
231 11.171250343322754
232 25.970600128173828
233 24.658615112304688
234 14.621925354003906
235 12.596404075622559
236 12.809947967529297
237 84.28919219970703
238 180.21910095214844
239 7.450511932373047
240 83.60169219970703
241 18.066740036010742
242 28.51413345336914
243 71.51274108886719
244 10.991666793823242
245 21.262664794921875
246 9.52066421508789
247 19.75615882873535
248 46.7513427734375
249 14.692802429199219
250 26.153600692749023
251 14.500507354736328
252 20.093626022338867
253 130.93252563476562
254 92.0118408203125
255 221.1739959716797
256 63.538333892822266
257 101.29476928710938
258 17.95024871826172
259 80.98555755615234
260 38.46012878417969
261 30.521732330322266
262 13.299391746520996
263 34.96870803833008
264 96.03333282470703
265 95.26930236816406
266 246.14942932128906
267 55.7601203918457
268 7.7342705726623535
269 3.635680913925171
270 27.327444076538086
271 22.00541877746582
272 61.589324951171875
273 10.87891960144043
274 5.393536567687988
275 35.15871047973633
276 8.757352828979492
277 6.331645965576172
278 82.51622009277344
279 89.307861328125
280 101.03816223144531
281 163.7008819580078
282 105.2254638671875
283 73.88399505615234
284 25.708858489990234
285 13.991703033447266
286 26.84815216064453
287 20.132596969604492
288 19.57775115966797
289 44.46455383300781
290 130.13829040527344
291 70.04971313476562
292 49.02444076538086
293 75.85437774658203
294 18.643598556518555
295 10.42989730834961
296 36.31380081176758
297 92.1174545288086
298 58.19142532348633
299 107.85540008544922
300 36.202369689941406
301 14.012945175170898
302 23.96723175048828
303 18.434864044189453
304 13.73476505279541
305 24.135587692260742
306 17.464597702026367
307 10.657429695129395
308 10.168657302856445
309 7.452858924865723
310 8.856535911560059
311 8.897041320800781
312 9.610774993896484
313 60.86083984375
314 27.34797477722168
315 253.114013671875
316 34.35722732543945
317 19.18850326538086
318 21.14498519897461
319 82.1551284790039
320 107.27716827392578
321 22.565168380737305
322 19.99480438232422
323 15.850860595703125
324 93.94100189208984
325 926.9518432617188
326 379.0568542480469
327 46.63859558105469
328 16.587299346923828
329 35.41334533691406
330 17.84328842163086
331 27.886470794677734
332 12.192828178405762
333 19.570186614990234
334 12.440868377685547
335 24.06195831298828
336 53.441307067871094
337 70.42092895507812
338 43.1567268371582
339 114.20591735839844
340 88.43866729736328
341 94.87156677246094
342 55.957305908203125
343 76.65060424804688
344 29.619426727294922
345 94.83355712890625
346 32.027259826660156
347 14.565749168395996
348 42.72658157348633
349 25.604318618774414
350 6.408224105834961
351 77.01473999023438
352 32.735267639160156
353 5.9366865158081055
354 15.711116790771484
355 1.6224356889724731
356 16.50390625
357 12.592704772949219
358 13.865468978881836
359 14.153743743896484
360 16.252609252929688
361 6.571754455566406
362 33.3444938659668
363 9.818037986755371
364 9.242969512939453
365 29.862342834472656
366 140.5674285888672
367 130.62176513671875
368 17.579391479492188
369 20.10177993774414
370 13.827743530273438
371 15.534585952758789
372 7.911065578460693
373 32.66065216064453
374 48.52926254272461
375 14.23896312713623
376 24.325363159179688
377 9.189032554626465
378 28.885425567626953
379 63.36570358276367
380 55.564903259277344
381 13.684683799743652
382 16.512985229492188
383 129.7526092529297
384 143.02430725097656
385 69.2430419921875
386 60.116947174072266
387 80.39089965820312
388 136.1549072265625
389 60.68338394165039
390 113.40148162841797
391 110.1334457397461
392 76.08794403076172
393 270.03717041015625
394 103.87545776367188
395 167.2880401611328
396 30.42165756225586
397 7.639076232910156
398 24.769866943359375
399 23.350479125976562
400 53.80085372924805
401 28.900842666625977
402 24.257125854492188
403 147.86209106445312
404 26.895767211914062
405 50.25376892089844
406 9.187557220458984
407 19.43017578125
408 20.60274314880371
409 19.434049606323242
410 21.621850967407227
411 86.63227081298828
412 32.01691436767578
413 23.37480354309082
414 12.630024909973145
415 42.26779556274414
416 41.66682052612305
417 88.38069152832031
418 17.11098289489746
419 13.839783668518066
420 10.775288581848145
421 28.99625587463379
422 101.66007995605469
423 39.54538345336914
424 58.32450485229492
425 1044.1072998046875
426 95.59066009521484
427 78.09019470214844
428 20.579654693603516
429 17.159809112548828
430 9.43151569366455
431 4.590736389160156
432 7.035979270935059
433 8.526057243347168
434 7.3531341552734375
435 6.635512351989746
436 10.18055534362793
437 18.828622817993164
438 5.613183498382568
439 7.042965888977051
440 41.119266510009766
441 51.8603401184082
442 13.491207122802734
443 20.94015121459961
444 10.792250633239746
445 71.07525634765625
446 97.50216674804688
447 140.34991455078125
448 10.69369125366211
449 42.03467559814453
450 37.92816162109375
451 15.335968017578125
452 19.368412017822266
453 7.039366722106934
454 2.014497756958008
455 9.76815414428711
456 4.848809719085693
457 8.466778755187988
458 8.703789710998535
459 29.909515380859375
460 11.29538345336914
461 12.81087589263916
462 7.009777069091797
463 17.308788299560547
464 4.616461277008057
465 1.7794685363769531
466 81.41419219970703
467 81.77188873291016
468 87.49547576904297
469 36.01266098022461
470 11.791204452514648
471 167.4032440185547
472 168.6288299560547
473 89.96586608886719
474 122.22837829589844
475 167.45306396484375
476 346.01025390625
477 558.1337280273438
478 156.46990966796875
479 32.82228088378906
480 26.267532348632812
481 20.282106399536133
482 9.756848335266113
483 7.594679832458496
484 7.696174621582031
485 3.4884066581726074
486 8.519328117370605
487 38.51259231567383
488 4.584532260894775
489 14.058534622192383
490 6.776196479797363
491 11.10527229309082
492 7.778831481933594
493 12.103893280029297
494 29.936552047729492
495 9.285538673400879
496 5.828197002410889
497 4.979461193084717
498 3.2385756969451904
499 14.212542533874512
500 7.310903549194336
501 52.65799331665039
502 17.135950088500977
503 37.62263870239258
504 9.24029541015625
505 6.835519790649414
506 37.720924377441406
507 139.78794860839844
508 25.21418571472168
509 18.578292846679688
510 108.42665100097656
511 86.99117279052734
512 391.223388671875
513 364.54913330078125
514 182.31793212890625
515 50.77961349487305
516 26.022008895874023
517 20.091556549072266
518 17.02001953125
519 33.33433151245117
520 26.513254165649414
521 24.352561950683594
522 13.444746017456055
523 24.724166870117188
524 15.83378791809082
525 78.36567687988281
526 22.653892517089844
527 13.019441604614258
528 14.662400245666504
529 34.64518737792969
530 11.19672966003418
531 14.45398235321045
532 43.93044662475586
533 75.0003433227539
534 166.13375854492188
535 181.4490509033203
536 407.3789978027344
537 83.8559799194336
538 80.03694915771484
539 53.499595642089844
540 55.45542526245117
541 17.124237060546875
542 15.601561546325684
543 15.315483093261719
544 32.564430236816406
545 37.11457824707031
546 7.370119094848633
547 4.1341872215271
548 8.444650650024414
549 35.15354537963867
550 8.93456745147705
551 11.821981430053711
552 34.58632278442383
553 13.03468132019043
554 21.486570358276367
555 23.110668182373047
556 40.20755386352539
557 9.260929107666016
558 12.75396728515625
559 27.97250747680664
560 52.57429504394531
561 38.12790298461914
562 11.475664138793945
563 18.161245346069336
564 144.59817504882812
565 22.879375457763672
566 55.24203872680664
567 6.611313819885254
568 91.17507934570312
569 237.06422424316406
570 27.423791885375977
571 73.90264892578125
572 89.77702331542969
573 15.349717140197754
574 30.46278953552246
575 36.01579666137695
576 13.329882621765137
577 11.728022575378418
578 26.793407440185547
579 99.13230895996094
580 33.11168670654297
581 10.620598793029785
582 41.34852981567383
583 17.750709533691406
584 44.12807846069336
585 11.875258445739746
586 33.27266311645508
587 8.745898246765137
588 48.09339141845703
589 94.40907287597656
590 60.03235626220703
591 399.6657409667969
592 125.62232208251953
593 58.39606857299805
594 176.69325256347656
595 45.4787483215332
596 47.52577590942383
597 62.89980697631836
598 39.54584884643555
599 15.44145393371582
600 8.037643432617188
601 17.161096572875977
602 39.585235595703125
603 96.504638671875
604 35.04742431640625
605 11.929465293884277
606 64.78247833251953
607 44.82478332519531
608 25.56447410583496
609 41.9898681640625
610 19.248844146728516
611 211.7805633544922
612 23.918996810913086
613 77.47979736328125
614 11.737895965576172
615 15.514348030090332
616 26.352270126342773
617 27.62845230102539
618 56.02021026611328
619 50.1516227722168
620 12.797744750976562
621 46.69363784790039
622 49.105674743652344
623 75.37842559814453
624 179.9406280517578
625 122.2122573852539
626 88.63059997558594
627 25.679515838623047
628 12.327123641967773
629 46.399391174316406
630 39.700138092041016
631 21.476825714111328
632 20.182851791381836
633 16.5200252532959
634 9.307072639465332
635 20.28628158569336
636 14.415851593017578
637 65.02668762207031
638 14.933655738830566
639 21.425220489501953
640 53.79991912841797
641 19.869709014892578
642 49.6394157409668
643 54.8519287109375
644 55.25120162963867
645 273.6154479980469
646 278.37750244140625
647 46.711692810058594
648 23.5681209564209
649 72.82677459716797
650 12.494714736938477
651 12.677475929260254
652 187.5451202392578
653 57.45985412597656
654 122.86614227294922
655 67.5800552368164
656 148.88363647460938
657 41.889976501464844
658 10.36343765258789
659 19.54541015625
660 19.4406681060791
661 39.84207534790039
662 25.237552642822266
663 63.680240631103516
664 11.642953872680664
665 3.6299355030059814
666 57.71501159667969
667 11.03305435180664
668 56.380653381347656
669 54.32718276977539
670 63.080421447753906
671 51.13426208496094
672 369.3714294433594
673 106.68628692626953
674 16.800029754638672
675 179.81600952148438
676 76.92070007324219
677 38.57567596435547
678 27.23462677001953
679 42.68583679199219
680 31.626754760742188
681 71.19911193847656
682 80.02345275878906
683 30.758298873901367
684 79.06732940673828
685 14.639381408691406
686 12.782599449157715
687 23.111316680908203
688 16.70479965209961
689 7.397889137268066
690 21.629663467407227
691 37.01471710205078
692 13.871020317077637
693 20.03318214416504
694 24.720691680908203
695 15.237865447998047
696 71.92231750488281
697 21.770748138427734
698 32.79343032836914
699 322.40765380859375
700 75.08686065673828
701 93.78749084472656
702 130.74864196777344
703 86.02250671386719
704 58.53619384765625
705 143.67874145507812
706 83.2314682006836
707 226.43997192382812
708 22.47332763671875
709 83.00129699707031
710 16.360403060913086
711 13.830975532531738
712 33.7794303894043
713 8.304569244384766
714 9.834944725036621
715 10.84657096862793
716 10.587339401245117
717 9.400962829589844
718 12.195619583129883
719 34.97203063964844
720 8.27981948852539
721 53.92034149169922
722 31.561962127685547
723 14.07023811340332
724 8.679768562316895
725 23.731908798217773
726 84.70301818847656
727 21.17028045654297
728 63.25873947143555
729 43.80401611328125
730 52.920108795166016
731 20.18495750427246
732 80.41102600097656
733 308.4072570800781
734 272.3952331542969
735 128.73968505859375
736 194.89056396484375
737 69.9804916381836
738 14.091340065002441
739 11.186685562133789
740 30.59775733947754
741 21.202125549316406
742 31.23342514038086
743 20.334789276123047
744 7.779672145843506
745 7.157167434692383
746 20.611310958862305
747 9.584331512451172
748 6.348837852478027
749 98.86679077148438
750 50.466346740722656
751 38.054176330566406
752 8.495657920837402
753 45.892757415771484
754 10.225305557250977
755 32.60215759277344
756 73.46749877929688
757 59.72808837890625
758 22.728988647460938
759 147.37034606933594
760 9.915206909179688
761 64.68057250976562
762 20.505353927612305
763 232.14593505859375
764 217.72328186035156
765 279.1120910644531
766 148.97869873046875
767 31.687744140625
768 25.428810119628906
769 11.900205612182617
770 11.566858291625977
771 4.919031620025635
772 5.278964042663574
773 11.509193420410156
774 12.849451065063477
775 11.91687297821045
776 14.486276626586914
777 203.3674774169922
778 83.82645416259766
779 105.99351501464844
780 16.81206512451172
781 51.86844253540039
782 20.251352310180664
783 64.08633422851562
784 20.15483283996582
785 10.934301376342773
786 8.825965881347656
787 15.411470413208008
788 28.581064224243164
789 5.153400421142578
790 53.06243896484375
791 96.96105194091797
792 21.270509719848633
793 51.686859130859375
794 48.462493896484375
795 125.49974822998047
796 68.53779602050781
797 6.604674816131592
798 16.058021545410156
799 132.94708251953125
800 37.56003952026367
801 8.508932113647461
802 8.885164260864258
803 77.75146484375
804 140.0802764892578
805 249.2093963623047
806 224.80113220214844
807 6.773176193237305
808 23.73579216003418
809 49.51211929321289
810 18.57499885559082
811 14.761242866516113
812 67.25041198730469
813 47.828800201416016
814 786.3273315429688
815 205.9761199951172
816 67.7550048828125
817 13.567978858947754
818 21.080528259277344
819 43.083866119384766
820 18.20892333984375
821 7.065914154052734
822 16.144454956054688
823 5.439464092254639
824 7.090787410736084
825 11.5040283203125
826 44.835384368896484
827 41.20586013793945
828 44.352054595947266
829 26.960590362548828
830 113.55996704101562
831 128.24559020996094
832 28.513103485107422
833 15.695552825927734
834 12.32628059387207
835 8.816404342651367
836 14.440679550170898
837 3.950399875640869
838 3.2227814197540283
839 7.206641674041748
840 70.4990463256836
841 5.116492748260498
842 36.56196975708008
843 24.948341369628906
844 18.183021545410156
845 16.71442985534668
846 15.974005699157715
847 21.545501708984375
848 14.003495216369629
849 10.708690643310547
850 11.663805961608887
851 24.70213508605957
852 6.087069988250732
853 33.96556091308594
854 37.337303161621094
855 12.083791732788086
856 28.065156936645508
857 390.3495178222656
858 85.01461029052734
859 524.7315673828125
860 598.6300048828125
861 160.25088500976562
862 181.8927001953125
863 57.11928176879883
864 59.80062484741211
865 28.724754333496094
866 24.501033782958984
867 23.65338897705078
868 8.418020248413086
869 25.371971130371094
870 54.051265716552734
871 19.282901763916016
872 10.124959945678711
873 17.106002807617188
874 31.617345809936523
875 12.683366775512695
876 15.579456329345703
877 80.73426055908203
878 23.499351501464844
879 18.419925689697266
880 106.23253631591797
881 59.5968017578125
882 283.54608154296875
883 183.9030303955078
884 34.028316497802734
885 5.495577812194824
886 22.33755874633789
887 12.505555152893066
888 25.047100067138672
889 3.7618162631988525
890 13.400859832763672
891 27.661762237548828
892 17.392284393310547
893 34.28852081298828
894 10.008193969726562
895 97.98768615722656
896 29.40919303894043
897 97.76321411132812
898 56.76844024658203
899 60.43901824951172
900 26.290634155273438
901 512.3502807617188
902 91.80904388427734
903 53.7035026550293
904 49.39364242553711
905 6.613170146942139
906 36.496620178222656
907 23.12977409362793
908 11.142263412475586
909 9.03270149230957
910 9.6749267578125
911 88.95652770996094
912 14.870098114013672
913 83.25291442871094
914 46.62259292602539
915 50.028472900390625
916 22.878808975219727
917 77.08206176757812
918 33.580074310302734
919 15.671541213989258
920 20.787986755371094
921 56.27149963378906
922 214.4204864501953
923 27.866910934448242
924 84.70635986328125
925 49.67291259765625
926 6.178657531738281
927 113.24687194824219
928 72.205322265625
929 14.575260162353516
930 19.127439498901367
931 138.1714324951172
932 107.55189514160156
933 50.98368453979492
934 49.484989166259766
935 16.688426971435547
936 123.13700103759766
937 19.597976684570312
938 54.28114318847656
939 23.31511878967285
940 83.8998794555664
941 160.71490478515625
942 71.08446502685547
943 82.71713256835938
944 32.66857147216797
945 16.883386611938477
946 9.733085632324219
947 31.010845184326172
948 25.070966720581055
949 15.633479118347168
950 29.6641788482666
951 80.85658264160156
952 18.867141723632812
953 13.22850227355957
954 34.992862701416016
955 49.068302154541016
956 14.963994979858398
957 9.299052238464355
958 55.5494384765625
959 16.078218460083008
960 22.42789077758789
961 127.18243408203125
962 70.010986328125
963 215.0667724609375
964 132.95376586914062
965 70.73789978027344
966 27.57383155822754
967 11.799707412719727
968 26.88398551940918
969 65.57815551757812
970 29.343807220458984
971 18.051719665527344
972 26.718379974365234
973 18.894411087036133
974 66.36412811279297
975 27.25470542907715
976 21.099761962890625
977 66.48794555664062
978 107.4066162109375
979 426.3279724121094
980 52.736412048339844
981 77.62638854980469
982 64.99722290039062
983 44.04182052612305
984 50.43372344970703
985 21.288461685180664
986 27.40400505065918
987 32.28660583496094
988 10.103914260864258
989 10.115413665771484
990 50.52752685546875
991 20.819257736206055
992 52.30236053466797
993 107.45802307128906
994 34.1220703125
995 30.031465530395508
996 40.13503646850586
997 15.138813018798828
998 12.104869842529297
999 8.287980079650879
