0 5.079989433288574
1 6.9528398513793945
2 4.054733753204346
3 3.3776400089263916
4 3.0367634296417236
5 3.694336175918579
6 2.237299919128418
7 4.788362503051758
8 4.779562473297119
9 6.744637489318848
10 3.512266159057617
11 1.8895388841629028
12 1.5762379169464111
13 1.7812913656234741
14 1.7831790447235107
15 1.992767095565796
16 2.740367889404297
17 2.243637800216675
18 1.6148943901062012
19 5.335454940795898
20 2.9453415870666504
21 3.1704182624816895
22 2.933483600616455
23 1.257230281829834
24 3.895498752593994
25 3.6404314041137695
26 4.135261058807373
27 3.2370710372924805
28 2.0507922172546387
29 1.6249123811721802
30 2.0792295932769775
31 2.730377435684204
32 1.9606163501739502
33 5.2249274253845215
34 2.0964348316192627
35 1.80153489112854
36 1.5843151807785034
37 0.8452919125556946
38 2.991138219833374
39 2.7986459732055664
40 2.7060132026672363
41 1.6795042753219604
42 1.234392762184143
43 1.0648099184036255
44 1.793237328529358
45 2.194713592529297
46 1.248336911201477
47 0.6719503402709961
48 2.7047152519226074
49 2.4095804691314697
50 1.0308386087417603
51 1.1865185499191284
52 1.8372223377227783
53 2.0027294158935547
54 1.3998854160308838
55 0.33004701137542725
56 1.122908115386963
57 1.5142089128494263
58 1.2157834768295288
59 1.4781044721603394
60 1.029220700263977
61 1.2587106227874756
62 1.2815959453582764
63 1.3028018474578857
64 1.321004867553711
65 0.5674234628677368
66 1.0789233446121216
67 0.7057318091392517
68 0.6864185929298401
69 1.4283446073532104
70 0.9931871891021729
71 1.4735093116760254
72 1.8486945629119873
73 0.5518957376480103
74 1.180887222290039
75 0.9150583148002625
76 1.4097418785095215
77 1.0134111642837524
78 1.1417346000671387
79 0.5435346364974976
80 1.093489170074463
81 0.6239070296287537
82 0.5104482173919678
83 0.5077468156814575
84 0.5261827707290649
85 0.9295467138290405
86 0.39270418882369995
87 0.5784270763397217
88 0.9307901859283447
89 0.5923904180526733
90 0.5733376741409302
91 0.6423450112342834
92 0.3770815432071686
93 0.6569949984550476
94 0.7768835425376892
95 0.3622991442680359
96 0.6842432022094727
97 0.6282175183296204
98 0.4254322648048401
99 0.532941460609436
100 0.7406571507453918
101 0.4826394021511078
102 0.3666609525680542
103 0.388465940952301
104 0.35144248604774475
105 0.6759738326072693
106 0.48005208373069763
107 0.3905218243598938
108 0.5934686660766602
109 0.356748104095459
110 0.8181597590446472
111 0.8334029912948608
112 0.36299169063568115
113 0.5365885496139526
114 0.5562577247619629
115 0.5404821634292603
116 0.28943002223968506
117 0.424140989780426
118 0.7354074716567993
119 0.4824102520942688
120 0.34226199984550476
121 0.349092036485672
122 0.2838204801082611
123 0.24308109283447266
124 0.327019602060318
125 0.4406595230102539
126 0.39055749773979187
127 0.27906495332717896
128 0.6031651496887207
129 0.4258894920349121
130 0.2732076048851013
131 0.46000972390174866
132 0.32704979181289673
133 0.22898787260055542
134 0.24320238828659058
135 0.3646876811981201
136 0.21220047771930695
137 0.25147745013237
138 0.2761809527873993
139 0.21380189061164856
140 0.318643182516098
141 0.26756271719932556
142 0.3984606862068176
143 0.35303789377212524
144 0.1445545256137848
145 0.3306950628757477
146 0.13961467146873474
147 0.24611879885196686
148 0.20930013060569763
149 0.2216949164867401
150 0.1662467122077942
151 0.21677877008914948
152 0.2905682325363159
153 0.22607234120368958
154 0.17397816479206085
155 0.17583303153514862
156 0.18595446646213531
157 0.17441481351852417
158 0.22964352369308472
159 0.19333255290985107
160 0.13662998378276825
161 0.17516174912452698
162 0.2178538292646408
163 0.13668617606163025
164 0.12684109807014465
165 0.19252659380435944
166 0.17702633142471313
167 0.16926483809947968
168 0.15809564292430878
169 0.10007061064243317
170 0.11425044387578964
171 0.09804708510637283
172 0.11013752222061157
173 0.09075510501861572
174 0.08590343594551086
175 0.1421634703874588
176 0.06505142152309418
177 0.11719571053981781
178 0.09774506837129593
179 0.1043119803071022
180 0.02547149918973446
181 0.18481585383415222
182 0.05954793468117714
183 0.1067008450627327
184 0.08286190778017044
185 0.06476255506277084
186 0.07946205139160156
187 0.07436065375804901
188 0.06178440898656845
189 0.06095442175865173
190 0.12767574191093445
191 0.04666915535926819
192 0.07529943436384201
193 0.05827969312667847
194 0.0789908841252327
195 0.06498664617538452
196 0.048445504158735275
197 0.046894658356904984
198 0.08426415920257568
199 0.07070876657962799
200 0.03716852515935898
201 0.0692761093378067
202 0.03421100229024887
203 0.03970666229724884
204 0.023063134402036667
205 0.04008277878165245
206 0.04722454026341438
207 0.04801660031080246
208 0.025025371462106705
209 0.02785900980234146
210 0.036822713911533356
211 0.029159780591726303
212 0.050341907888650894
213 0.027564290910959244
214 0.04166683927178383
215 0.042822204530239105
216 0.02353380247950554
217 0.018857158720493317
218 0.04078232869505882
219 0.025113217532634735
220 0.016156205907464027
221 0.020136941224336624
222 0.025581594556570053
223 0.03263242915272713
224 0.024473777040839195
225 0.03149155154824257
226 0.01837889477610588
227 0.015737377107143402
228 0.032528579235076904
229 0.023987891152501106
230 0.019029710441827774
231 0.031361211091279984
232 0.029726805165410042
233 0.0207184087485075
234 0.02174028567969799
235 0.023615101352334023
236 0.01921488344669342
237 0.02148948609828949
238 0.015511085279285908
239 0.020650941878557205
240 0.024054374545812607
241 0.019616976380348206
242 0.015091500245034695
243 0.014174215495586395
244 0.025088418275117874
245 0.01584480330348015
246 0.028330521658062935
247 0.01809035800397396
248 0.015678755939006805
249 0.013881351798772812
250 0.019058657810091972
251 0.01428570132702589
252 0.016438962891697884
253 0.01525405514985323
254 0.015095872804522514
255 0.00956817902624607
256 0.019564669579267502
257 0.013962652534246445
258 0.01268510427325964
259 0.01000625267624855
260 0.010426469147205353
261 0.01824001781642437
262 0.018700750544667244
263 0.01649230159819126
264 0.017548751085996628
265 0.015901677310466766
266 0.017348729074001312
267 0.010581376031041145
268 0.020579496398568153
269 0.012302356772124767
270 0.024205658584833145
271 0.016286861151456833
272 0.012810777872800827
273 0.01147819310426712
274 0.009768013842403889
275 0.01603568345308304
276 0.0261845663189888
277 0.018212221562862396
278 0.014038322493433952
279 0.011362861841917038
280 0.013182319700717926
281 0.014784244820475578
282 0.021499494090676308
283 0.013847754336893559
284 0.015423011966049671
285 0.017243517562747
286 0.013418164104223251
287 0.015936296433210373
288 0.018603166565299034
289 0.01378115825355053
290 0.017935968935489655
291 0.011936355382204056
292 0.009999021887779236
293 0.013892773538827896
294 0.016512060537934303
295 0.017825769260525703
296 0.011928894557058811
297 0.014262478798627853
298 0.009305315092206001
299 0.016205281019210815
300 0.01265234686434269
301 0.012415925040841103
302 0.016336388885974884
303 0.015068811364471912
304 0.012662617489695549
305 0.022554777562618256
306 0.00938565656542778
307 0.011416850611567497
308 0.008009211160242558
309 0.007999557070434093
310 0.010974573902785778
311 0.010331343859434128
312 0.013557489030063152
313 0.016071191057562828
314 0.008011898957192898
315 0.00656826002523303
316 0.014428024180233479
317 0.010424311272799969
318 0.01139264926314354
319 0.016307754442095757
320 0.012976369820535183
321 0.012954482808709145
322 0.015721483156085014
323 0.012582371942698956
324 0.012442702427506447
325 0.018291743472218513
326 0.010263833217322826
327 0.013922696001827717
328 0.009248913265764713
329 0.017340227961540222
330 0.007822224870324135
331 0.014971008524298668
332 0.009135119616985321
333 0.010419674217700958
334 0.014161436818540096
335 0.007748373318463564
336 0.009760837070643902
337 0.013851509429514408
338 0.008807646110653877
339 0.008062923327088356
340 0.012354061007499695
341 0.014365281909704208
342 0.006979676894843578
343 0.013803972862660885
344 0.015881894156336784
345 0.015592269599437714
346 0.007960518822073936
347 0.011733362451195717
348 0.010279430076479912
349 0.009591944515705109
350 0.007400640286505222
351 0.008103919215500355
352 0.011249789968132973
353 0.011203921400010586
354 0.012308034114539623
355 0.009046975523233414
356 0.006115637719631195
357 0.013957523740828037
358 0.01183394156396389
359 0.012179923243820667
360 0.0063898079097270966
361 0.008292656391859055
362 0.005920290015637875
363 0.012400822713971138
364 0.008119232021272182
365 0.009150441735982895
366 0.013958790339529514
367 0.00773351825773716
368 0.0043353913351893425
369 0.010631805285811424
370 0.007917903363704681
371 0.010018154047429562
372 0.007111229468137026
373 0.007303330115973949
374 0.008286261931061745
375 0.007462751120328903
376 0.012451146729290485
377 0.005536687560379505
378 0.0083126500248909
379 0.004037162289023399
380 0.006867889314889908
381 0.008715598843991756
382 0.009725390002131462
383 0.006972979288548231
384 0.005439801141619682
385 0.0088230911642313
386 0.010099170729517937
387 0.005387687589973211
388 0.011995194479823112
389 0.008622583001852036
390 0.00781884603202343
391 0.007651821710169315
392 0.007130840793251991
393 0.0061181834898889065
394 0.009574265219271183
395 0.005531122907996178
396 0.006869989912956953
397 0.007238701917231083
398 0.00809274148195982
399 0.006995656993240118
400 0.01167664211243391
401 0.008158255368471146
402 0.00904772337526083
403 0.006767722778022289
404 0.00739683723077178
405 0.009388468228280544
406 0.005916329566389322
407 0.003444838337600231
408 0.007461109664291143
409 0.009103828109800816
410 0.005851226858794689
411 0.008672323077917099
412 0.009210487827658653
413 0.010561452247202396
414 0.010985461063683033
415 0.006778392009437084
416 0.009001499973237514
417 0.00896207895129919
418 0.006497703026980162
419 0.006815806496888399
420 0.010691343806684017
421 0.009060877375304699
422 0.008573979139328003
423 0.006815088447183371
424 0.00593885313719511
425 0.004721475765109062
426 0.010385558009147644
427 0.004087220877408981
428 0.006111462600529194
429 0.006338626611977816
430 0.009490677155554295
431 0.007971853017807007
432 0.0088235167786479
433 0.009288301691412926
434 0.007157837972044945
435 0.0076640574261546135
436 0.006665503606200218
437 0.006253892555832863
438 0.00698084058240056
439 0.006923289969563484
440 0.004198740236461163
441 0.0067690275609493256
442 0.006395953707396984
443 0.007990901358425617
444 0.005560389254242182
445 0.0074778455309569836
446 0.007257862947881222
447 0.004555330611765385
448 0.0031179317738860846
449 0.0052382987923920155
450 0.004557706415653229
451 0.005119148641824722
452 0.0059831105172634125
453 0.005440036300569773
454 0.004539435729384422
455 0.004999077413231134
456 0.0058479937724769115
457 0.007379519287496805
458 0.004149874672293663
459 0.0038120418321341276
460 0.004831903614103794
461 0.0034061067271977663
462 0.008570196107029915
463 0.005871798377484083
464 0.004509907681494951
465 0.0044431076385080814
466 0.004674055613577366
467 0.004085771273821592
468 0.004831146914511919
469 0.00793326273560524
470 0.007911361753940582
471 0.006044686306267977
472 0.004278599750250578
473 0.004327518865466118
474 0.00525482976809144
475 0.004913529381155968
476 0.005227062851190567
477 0.003931283950805664
478 0.0020805674139410257
479 0.009526990354061127
480 0.003853929927572608
481 0.005931030958890915
482 0.0062453774735331535
483 0.005417918786406517
484 0.0065668560564517975
485 0.005965161137282848
486 0.005906347651034594
487 0.005547147709876299
488 0.007077880669385195
489 0.0033706773538142443
490 0.006404115818440914
491 0.006373400799930096
492 0.0045173680409789085
493 0.004843688104301691
494 0.005197600461542606
495 0.00421809172257781
496 0.004540358670055866
497 0.00283132609911263
498 0.0029318910092115402
499 0.0036769635044038296
500 0.003645865945145488
501 0.004466084763407707
502 0.0022260139230638742
503 0.004097395110875368
504 0.0041251941584050655
505 0.0065409718081355095
506 0.0043756128288805485
507 0.0021965838968753815
508 0.0058933743275702
509 0.004320820793509483
510 0.005976323504000902
511 0.003891256870701909
512 0.00460186367854476
513 0.0036042339634150267
514 0.003135520499199629
515 0.0030162036418914795
516 0.004345902241766453
517 0.004664697218686342
518 0.0056685516610741615
519 0.0035889134742319584
520 0.0038087188731878996
521 0.007047542370855808
522 0.0035643347073346376
523 0.00463763577863574
524 0.0032634877134114504
525 0.00489356042817235
526 0.005144037306308746
527 0.0045939041301608086
528 0.0031503504142165184
529 0.002753766253590584
530 0.003423660295084119
531 0.00430586002767086
532 0.0039513674564659595
533 0.0035707808565348387
534 0.0032570059411227703
535 0.006542098242789507
536 0.0027687649708241224
537 0.0028028700035065413
538 0.0034418897703289986
539 0.003406743286177516
540 0.004806391894817352
541 0.0025504655204713345
542 0.0038918370846658945
543 0.004859836772084236
544 0.003776590107008815
545 0.004828521981835365
546 0.002314495388418436
547 0.0023878104984760284
548 0.0030194646678864956
549 0.004845143295824528
550 0.004589786287397146
551 0.004041902255266905
552 0.0027319728396832943
553 0.004540877882391214
554 0.0031234966591000557
555 0.004286819137632847
556 0.0022886672522872686
557 0.0032175628002732992
558 0.002637815661728382
559 0.0023399547208100557
560 0.003182836575433612
561 0.005107240751385689
562 0.004110414534807205
563 0.002587241120636463
564 0.0021370688918977976
565 0.004502531141042709
566 0.0026991970371454954
567 0.005344001576304436
568 0.0030658659525215626
569 0.002215709537267685
570 0.0021994556300342083
571 0.002361524850130081
572 0.003021947108209133
573 0.0033016246743500233
574 0.0026480865199118853
575 0.003217602614313364
576 0.003206610679626465
577 0.0031780716963112354
578 0.0029124165885150433
579 0.0027204928919672966
580 0.004417378921061754
581 0.0038849255070090294
582 0.0020973035134375095
583 0.003976572770625353
584 0.002037138445302844
585 0.003249939065426588
586 0.0040090130642056465
587 0.0025227288715541363
588 0.0021918155252933502
589 0.003484173910692334
590 0.0025981124490499496
591 0.0014027903089299798
592 0.003120938315987587
593 0.0032775248400866985
594 0.002310186391696334
595 0.0033854874782264233
596 0.0035980036482214928
597 0.0019771987572312355
598 0.0034473200794309378
599 0.002226515905931592
600 0.002112370915710926
601 0.003273189067840576
602 0.002319431398063898
603 0.0020409845747053623
604 0.0032526024151593447
605 0.0036794862244278193
606 0.003294912166893482
607 0.0022708652541041374
608 0.002127237617969513
609 0.002231902675703168
610 0.002000101376324892
611 0.003130748402327299
612 0.0028603014070540667
613 0.003357192035764456
614 0.0019436414586380124
615 0.0026761749759316444
616 0.0029414112213999033
617 0.0018333495827391744
618 0.002677155425772071
619 0.0007912982255220413
620 0.002708020620048046
621 0.002129432512447238
622 0.0024549239315092564
623 0.0014791993889957666
624 0.0037234099581837654
625 0.0035355756990611553
626 0.0022212667390704155
627 0.001838907366618514
628 0.0018070838414132595
629 0.002611480886116624
630 0.0017198108835145831
631 0.003420724067837
632 0.002370151225477457
633 0.0032609698828309774
634 0.0015656277537345886
635 0.0027072245720773935
636 0.003058432601392269
637 0.0021995827555656433
638 0.0027554654516279697
639 0.0023162425495684147
640 0.0018548808293417096
641 0.003476578276604414
642 0.0022150196600705385
643 0.001642855815589428
644 0.0015539753949269652
645 0.002488521859049797
646 0.002738216193392873
647 0.0016822998877614737
648 0.0020796265453100204
649 0.0013140442315489054
650 0.0021795998327434063
651 0.0016170593444257975
652 0.002536667510867119
653 0.0026839261408895254
654 0.0031467960216104984
655 0.003237997181713581
656 0.0013804452028125525
657 0.002806890057399869
658 0.0020623982418328524
659 0.001981233013793826
660 0.0020283565390855074
661 0.0020315132569521666
662 0.00290044117718935
663 0.002325809095054865
664 0.0021007778123021126
665 0.0019267599564045668
666 0.0029094077181071043
667 0.001905343378894031
668 0.002230825601145625
669 0.002731619868427515
670 0.0023834381718188524
671 0.00210312707349658
672 0.0010076636681333184
673 0.001995533937588334
674 0.0023435023613274097
675 0.0017473747720941901
676 0.002478252165019512
677 0.002918937709182501
678 0.003867944935336709
679 0.0028428102377802134
680 0.002228358993306756
681 0.002599210012704134
682 0.001445138594135642
683 0.0012971028918400407
684 0.002037591999396682
685 0.0020026382990181446
686 0.000993282999843359
687 0.0018844481091946363
688 0.0015440592542290688
689 0.0026833326555788517
690 0.0013185199350118637
691 0.0018281545490026474
692 0.0022707153111696243
693 0.0015661410288885236
694 0.0018602227792143822
695 0.0018741190433502197
696 0.0020949658937752247
697 0.0020233779214322567
698 0.002300599357113242
699 0.0018794207135215402
700 0.0025750540662556887
701 0.0024402239359915257
702 0.0025019492022693157
703 0.0014794691232964396
704 0.0017788037657737732
705 0.0016834441339597106
706 0.0015314063057303429
707 0.0013033713912591338
708 0.0016152776079252362
709 0.0016031678533181548
710 0.0018330918392166495
711 0.002018641447648406
712 0.0012972281547263265
713 0.0023887415882200003
714 0.0016352285165339708
715 0.0019879108294844627
716 0.0016899389447644353
717 0.001722784829325974
718 0.001090547419153154
719 0.0022074647713452578
720 0.0010035851737484336
721 0.002043345710262656
722 0.0011802241206169128
723 0.001579968724399805
724 0.0013507885159924626
725 0.002205644967034459
726 0.0022526176180690527
727 0.0013760539004579186
728 0.0016436860896646976
729 0.0015553553821519017
730 0.001325583434663713
731 0.0018873694352805614
732 0.001577964867465198
733 0.001689309487119317
734 0.0012303738621994853
735 0.0026830437127500772
736 0.0014647545758634806
737 0.0011920575052499771
738 0.0007994705229066312
739 0.0014408996794372797
740 0.001615382730960846
741 0.0013971742009744048
742 0.0017525251023471355
743 0.0015784158604219556
744 0.0011622169986367226
745 0.0016182990511879325
746 0.0010570703307166696
747 0.0011416678316891193
748 0.0015266016125679016
749 0.0013973672175779939
750 0.0012789035681635141
751 0.0022504101507365704
752 0.0014653867110610008
753 0.0009076682035811245
754 0.002380204852670431
755 0.00234601111151278
756 0.0014310699189081788
757 0.0011319081531837583
758 0.0010332361562177539
759 0.0015118910232558846
760 0.001699585234746337
761 0.0011806258698925376
762 0.0014673860277980566
763 0.0015629653353244066
764 0.0019034460419788957
765 0.0012686445843428373
766 0.0012028324417769909
767 0.0009908354841172695
768 0.0014704683562740684
769 0.0013469589175656438
770 0.0019167549908161163
771 0.0010442057391628623
772 0.0017243260517716408
773 0.0020215425174683332
774 0.0011786784743890166
775 0.000694635440595448
776 0.0010624832939356565
777 0.0012375657679513097
778 0.001506233005784452
779 0.0012112917611375451
780 0.000848267984110862
781 0.0012369710020720959
782 0.0011635884875431657
783 0.0010167253203690052
784 0.0011519473046064377
785 0.0012887576594948769
786 0.0014433470787480474
787 0.001242948230355978
788 0.0015783238923177123
789 0.0012985755456611514
790 0.002025278750807047
791 0.0011009929003193974
792 0.001052185194566846
793 0.0018263731617480516
794 0.0017577208345755935
795 0.0011812904849648476
796 0.0013667248422279954
797 0.0008934899815358222
798 0.0011692811967805028
799 0.0009350706823170185
800 0.0007486074464395642
801 0.0015436880057677627
802 0.000999308074824512
803 0.0012922141468152404
804 0.0013820758322253823
805 0.001023926306515932
806 0.001741086132824421
807 0.001394721562974155
808 0.001955021172761917
809 0.0007243885193020105
810 0.001109594595618546
811 0.0015047789784148335
812 0.0013025776715949178
813 0.0013830481329932809
814 0.001107898773625493
815 0.000674991577398032
816 0.0016572951572015882
817 0.0012430279748514295
818 0.0006887804483994842
819 0.0010899818735197186
820 0.0009924001060426235
821 0.001556197414174676
822 0.0010175722418352962
823 0.001175673445686698
824 0.0009712411556392908
825 0.0013645647559314966
826 0.0013302182778716087
827 0.0009480342851020396
828 0.000972562120296061
829 0.0010349922813475132
830 0.0011290541151538491
831 0.001358114299364388
832 0.0009741829708218575
833 0.000540525303222239
834 0.0012209023116156459
835 0.0010072732111439109
836 0.0010860242182388902
837 0.0010123561369255185
838 0.001424016198143363
839 0.0010159517405554652
840 0.0010600064415484667
841 0.0011424169642850757
842 0.0009958158480003476
843 0.0008415168849751353
844 0.00047355316928587854
845 0.0013158645015209913
846 0.0009744529379531741
847 0.0007797650760039687
848 0.0009694426553323865
849 0.0012979346793144941
850 0.0003831882495433092
851 0.0009531730902381241
852 0.0011215853737667203
853 0.0007815641001798213
854 0.001016677706502378
855 0.0009479717118665576
856 0.0008689255337230861
857 0.0012412925716489553
858 0.001170218805782497
859 0.0011740464251488447
860 0.0006758738891221583
861 0.001264100195840001
862 0.0009807298192754388
863 0.0011001350358128548
864 0.0007642849232070148
865 0.0008412785246036947
866 0.0009187691030092537
867 0.0008283815695904195
868 0.0011626356281340122
869 0.0020400898065418005
870 0.0007816433208063245
871 0.0006874550017528236
872 0.0006938603473827243
873 0.0005133971571922302
874 0.0006792240310460329
875 0.0011662833858281374
876 0.0007252639625221491
877 0.0008442635298706591
878 0.000659220211673528
879 0.0016017687739804387
880 0.0004808515077456832
881 0.000628755718935281
882 0.0007015552255325019
883 0.0009124089847318828
884 0.0006562612252309918
885 0.0010663614375516772
886 0.0007187440060079098
887 0.0005337126203812659
888 0.0005948437610641122
889 0.0007016277522780001
890 0.0007026016828604043
891 0.0009595339652150869
892 0.000575798621866852
893 0.0005729661788791418
894 0.0008718809112906456
895 0.0009855810785666108
896 0.0007977752247825265
897 0.0009767579613253474
898 0.0006296299397945404
899 0.0008028654847294092
900 0.0009647451224736869
901 0.0010836021974682808
902 0.000559898791834712
903 0.0008013338083401322
904 0.0010835620341822505
905 0.0007242728024721146
906 0.0006692757597193122
907 0.0006395747768692672
908 0.0007121465750969946
909 0.0007909118430688977
910 0.0009755812934599817
911 0.0007055337191559374
912 0.0007806914509274065
913 0.0008787271217443049
914 0.0007982601528055966
915 0.000667051412165165
916 0.0007960715447552502
917 0.000598292681388557
918 0.000751257874071598
919 0.0005674444837495685
920 0.000615595025010407
921 0.0005928759928792715
922 0.0010212528286501765
923 0.001385073410347104
924 0.00047135792556218803
925 0.0006804609438404441
926 0.0007989184814505279
927 0.0007068132399581373
928 0.0008736227755434811
929 0.0008163604652509093
930 0.0009604586521163583
931 0.0006179488264024258
932 0.0013122432865202427
933 0.001031610183417797
934 0.000705161364749074
935 0.0004938476486131549
936 0.0007901211502030492
937 0.0008451484027318656
938 0.0007143127731978893
939 0.000889708346221596
940 0.0007953662425279617
941 0.0006646057590842247
942 0.0005721481284126639
943 0.0010943064698949456
944 0.0009452549275010824
945 0.0009808107279241085
946 0.0003317170776426792
947 0.0007533829193562269
948 0.0006363100255839527
949 0.0007195594953373075
950 0.0007570277084596455
951 0.0009171012206934392
952 0.0007561355014331639
953 0.0005981163121759892
954 0.0006506179925054312
955 0.0007685555028729141
956 0.0008395066251978278
957 0.0006947185611352324
958 0.0005537655670195818
959 0.0006204235251061618
960 0.0005479281535372138
961 0.000651828886475414
962 0.0005052827764302492
963 0.0004930502036586404
964 0.000630573951639235
965 0.0005627140053547919
966 0.00041671484359540045
967 0.0006124178762547672
968 0.0006727275904268026
969 0.0006427283515222371
970 0.0005320968339219689
971 0.0008136667311191559
972 0.00038758947630412877
973 0.0005988850025460124
974 0.0008532459032721817
975 0.0006982682971283793
976 0.0005437121144495904
977 0.0006705901469103992
978 0.0006029257201589644
979 0.000292862270725891
980 0.0006300244713202119
981 0.0007355819689109921
982 0.000403230864321813
983 0.000507419987116009
984 0.0005150591023266315
985 0.0007946378900669515
986 0.0008963728323578835
987 0.0007292599184438586
988 0.0004870050470344722
989 0.000546815397683531
990 0.00041068889549933374
991 0.00057976134121418
992 0.0006276331841945648
993 0.0006585211958736181
994 0.0007276360411196947
995 0.0004571048775687814
996 0.00046894067781977355
997 0.00048221900942735374
998 0.0004540134104900062
999 0.0006056362180970609
