0 5.702266693115234
1 6.330699920654297
2 6.960343837738037
3 6.859583854675293
4 5.604634761810303
5 3.2119054794311523
6 2.722548007965088
7 5.624551296234131
8 3.430098056793213
9 1.278117060661316
10 3.1118593215942383
11 0.7558525204658508
12 0.8352677822113037
13 0.532069981098175
14 0.17629173398017883
15 0.08457382023334503
16 0.046587031334638596
17 0.02031015045940876
18 0.017939355224370956
19 0.03414130210876465
20 0.02114279940724373
21 0.01429208554327488
22 0.01127749215811491
23 0.00836969818919897
24 0.007650136016309261
25 0.004081050865352154
26 0.005930913146585226
27 0.004376162309199572
28 0.0040564946830272675
29 0.0030759172514081
30 0.0030408427119255066
31 0.0032003079541027546
32 0.0037965879309922457
33 0.003156983759254217
34 0.00205293414182961
35 0.0018293209141120315
36 0.0014946290757507086
37 0.001841890043579042
38 0.0012643389636650681
39 0.0016773948445916176
40 0.0009234680910594761
41 0.001014952315017581
42 0.0008800986688584089
43 0.001170240342617035
44 0.0008982489234767854
45 0.0009571911650709808
46 0.0008292723796330392
47 0.0010642337147146463
48 0.0009599660988897085
49 0.0006312767509371042
50 0.000394415867049247
51 0.000576527789235115
52 0.0007245128508657217
53 0.0007023434154689312
54 0.0005871577304787934
55 0.0005779776838608086
56 0.00042359018698334694
57 0.0004711262881755829
58 0.00045671858242712915
59 0.0006944757769815624
60 0.00039305276004597545
61 0.00041402483475394547
62 0.0002923755382653326
63 0.0003459033032413572
64 0.0003805474261753261
65 0.00035803503124043345
66 0.00038543454138562083
67 0.0005504732253029943
68 0.0005216552526690066
69 0.0003560395271051675
70 0.0002888374147005379
71 0.00029344120412133634
72 0.0003645548422355205
73 0.0002630994713399559
74 0.00024952596868388355
75 0.00040706017171032727
76 0.0003411438665352762
77 0.0002528169716242701
78 0.0003362122515682131
79 0.00029442348750308156
80 0.0002264386712340638
81 0.00022621973766945302
82 0.0003186879330314696
83 0.0004319045983720571
84 0.00027274328749626875
85 0.00020994774240534753
86 0.00030091736698523164
87 0.0001718733983580023
88 0.0003565658116713166
89 0.0002771385188680142
90 0.00021631518029607832
91 0.0002031058829743415
92 0.0001851064444053918
93 0.0002617565623950213
94 0.0001900660718092695
95 0.00019545455870684236
96 0.00023498445807490498
97 0.0001319945731665939
98 0.00016357010463252664
99 0.00013724547170568258
100 0.0001997910439968109
101 0.00019378963042981923
102 0.0001878873590612784
103 0.0002388231223449111
104 0.00022171631280798465
105 0.0002454224450048059
106 0.00022678579261992127
107 0.0001403678033966571
108 0.00013825039786752313
109 0.00016806786879897118
110 0.00010957032645819709
111 0.0001505390100646764
112 0.00013540135114453733
113 0.00012844194134231657
114 0.00010157546785194427
115 0.00015052103844936937
116 0.0001929630379891023
117 0.0001635742373764515
118 7.640154217369854e-05
119 0.00020897071226499975
120 0.00014256920258048922
121 0.00018016036483459175
122 8.383639215026051e-05
123 0.00018557174189481884
124 0.00011026741412933916
125 0.00023415671603288502
126 0.00017021455278154463
127 0.00012738100485876203
128 0.0001268450723728165
129 9.997535380534828e-05
130 0.0001668775948928669
131 8.038352825678885e-05
132 0.0001474451128160581
133 7.735379767837003e-05
134 0.00022609872394241393
135 0.00022510456619784236
136 5.981279900879599e-05
137 8.840325608616695e-05
138 9.765678260009736e-05
139 8.519455150235444e-05
140 6.277109059737995e-05
141 0.00016400573076680303
142 4.378369703772478e-05
143 7.138422370189801e-05
144 0.00012226520630065352
145 6.717926589772105e-05
146 0.0001649834302952513
147 0.00012544899072963744
148 5.5167598475236446e-05
149 5.8357385569252074e-05
150 0.0001430405827704817
151 0.00016349749057553709
152 9.166440577246249e-05
153 0.0001935881155077368
154 0.00010334082617191598
155 5.358856651582755e-05
156 0.00011944651487283409
157 6.827892502769828e-05
158 5.342538497643545e-05
159 0.0001092472011805512
160 6.893368117744103e-05
161 0.00010287398617947474
162 0.00011002260725945234
163 0.0001893008011393249
164 0.00010029842087533325
165 0.00011588510824367404
166 0.00011718168389052153
167 0.00010049737466033548
168 6.069362279959023e-05
169 0.00024108200159389526
170 0.00013087180559523404
171 0.00039906930760480464
172 8.26437390060164e-05
173 0.00011624611215665936
174 0.00010325366747565567
175 7.697819819441065e-05
176 0.00037485460052266717
177 0.00035185020533390343
178 0.0001459632912883535
179 6.716004281770438e-05
180 7.484394154744223e-05
181 0.00018105102935805917
182 9.428415796719491e-05
183 9.890975343296304e-05
184 0.00024294528702739626
185 0.00020614720415323973
186 7.753980025881901e-05
187 5.3611252951668575e-05
188 0.00012142193008912727
189 0.0002024302229983732
190 9.553866402711719e-05
191 7.288026245078072e-05
192 5.539473204407841e-05
193 0.00010984865366481245
194 0.0001374972052872181
195 0.00010812676191562787
196 8.197841088986024e-05
197 5.610226799035445e-05
198 5.564543971559033e-05
199 5.2724488341482356e-05
200 4.0659862861502916e-05
201 6.88424042891711e-05
202 0.000120921729831025
203 4.308155985199846e-05
204 0.0001018846669467166
205 0.0001224949664901942
206 7.735714461887255e-05
207 5.1369825087022036e-05
208 4.292172161513008e-05
209 8.828784484649077e-05
210 0.0001086767588276416
211 2.8359652787912637e-05
212 0.00016346813936252147
213 5.408328433986753e-05
214 9.859320562100038e-05
215 9.004805178847164e-05
216 4.282967347535305e-05
217 7.988734432728961e-05
218 0.00010461334022693336
219 7.493433076888323e-05
220 9.464588219998404e-05
221 5.944446456851438e-05
222 0.00020718661835417151
223 8.036364306462929e-05
224 0.00025138392811641097
225 0.0005785880493931472
226 0.001347010605968535
227 0.0002484674914740026
228 0.0007399438763968647
229 0.00011452106264187023
230 9.54701317823492e-05
231 5.587656414718367e-05
232 6.311344623100013e-05
233 4.9159658374264836e-05
234 9.086423960980028e-05
235 9.822575520956889e-05
236 0.00010847605881281197
237 8.384972170460969e-05
238 9.764034621184692e-05
239 8.698832971276715e-05
240 7.79127367422916e-05
241 0.00012743278057314456
242 0.00010216708324151114
243 4.1257404518546537e-05
244 7.151265890570357e-05
245 4.645928129320964e-05
246 7.331978849833831e-05
247 7.302113226614892e-05
248 0.00012953845725860447
249 5.9809724916704e-05
250 0.00010350825323257595
251 3.2570998882874846e-05
252 8.7554901256226e-05
253 0.00011523762077558786
254 3.01876734738471e-05
255 5.501364648807794e-05
256 0.00025503215147182345
257 0.00040531111881136894
258 0.0005427981377579272
259 0.00011479604290798306
260 0.00019153274479322135
261 0.0005147235933691263
262 0.00030348545988090336
263 0.0009068634244613349
264 0.002668015193194151
265 0.0008838771609589458
266 0.0005370050785131752
267 0.00018997062579728663
268 0.00019471673294901848
269 0.0003423875314183533
270 6.173489964567125e-05
271 4.3887099309358746e-05
272 6.0847789427498356e-05
273 3.582255158107728e-05
274 5.637366120936349e-05
275 7.064845704007894e-05
276 8.465313294436783e-05
277 7.776297570671886e-05
278 4.020808046334423e-05
279 0.00014577683759853244
280 0.00011044433631468564
281 6.994147406658158e-05
282 0.000126701794215478
283 4.545945193967782e-05
284 9.641741053201258e-05
285 8.066214650170878e-05
286 6.799734546802938e-05
287 6.838060653535649e-05
288 0.00014826761616859585
289 7.52745836507529e-05
290 8.10870187706314e-05
291 4.9598274927120656e-05
292 0.00010349951480748132
293 0.0002064058935502544
294 0.00023862128728069365
295 0.00025186268612742424
296 0.00019357552810106426
297 8.731396519578993e-05
298 0.00012938010331708938
299 7.381936302408576e-05
300 0.00012838109978474677
301 8.107657777145505e-05
302 5.4131054639583454e-05
303 9.936763672158122e-05
304 5.603901809081435e-05
305 8.431924652541056e-05
306 5.830939335282892e-05
307 7.228864706121385e-05
308 0.0006760742398910224
309 9.446379408473149e-05
310 9.529767703497782e-05
311 7.744816684862599e-05
312 0.00010143591498490423
313 0.00045544764725491405
314 0.0005157304112799466
315 0.001142330002039671
316 0.002835560357198119
317 0.00015375569637399167
318 0.00021232875587884337
319 0.00043455074774101377
320 0.00010553106403676793
321 4.854400685871951e-05
322 8.108765177894384e-05
323 0.00013719692651648074
324 7.73322390159592e-05
325 7.206344889709726e-05
326 4.301795706851408e-05
327 4.5022705307928845e-05
328 4.930305658490397e-05
329 9.652230801293626e-05
330 7.119084330042824e-05
331 8.026894647628069e-05
332 6.018470958224498e-05
333 4.794666529051028e-05
334 6.948814552742988e-05
335 0.00019625021377578378
336 0.0004102804814465344
337 0.0015077608404681087
338 0.000606596062425524
339 0.00013809370284434408
340 0.00021289061987772584
341 0.00020306897931732237
342 7.238468242576346e-05
343 0.0003120153851341456
344 0.0008833718602545559
345 0.0013730998616665602
346 0.0027071326039731503
347 0.001456569996662438
348 0.0005242672050371766
349 0.00013291678624227643
350 0.00011619087308645248
351 0.00019275488739367574
352 0.00011624343460425735
353 0.00011949298641411588
354 7.857296441216022e-05
355 9.335501817986369e-05
356 0.00010641743574524298
357 0.00010121594823431224
358 6.325999856926501e-05
359 0.0001648686156840995
360 4.934353637509048e-05
361 2.6193160010734573e-05
362 7.683716103201732e-05
363 6.232781743165106e-05
364 0.00010152096365345642
365 0.00010595516505418345
366 0.000516467378474772
367 0.0003474301192909479
368 0.00020851442241109908
369 0.0001764865592122078
370 0.00021481011935975403
371 0.00038200191920623183
372 0.00022156529303174466
373 0.00019290234195068479
374 7.726774492766708e-05
375 0.00013800743909087032
376 6.224054959602654e-05
377 0.00014887175348121673
378 4.3586871470324695e-05
379 0.0002379587822360918
380 0.00025259246467612684
381 9.991248225560412e-05
382 7.437412568833679e-05
383 4.1256869735661894e-05
384 0.0001455757301300764
385 0.00010985835251631215
386 0.00011264190106885508
387 7.632911001564935e-05
388 8.285005606012419e-05
389 9.809742186916992e-05
390 0.000136630202177912
391 0.000303109351079911
392 9.021435835165903e-05
393 9.292930917581543e-05
394 0.00014210825611371547
395 0.00016678633983246982
396 0.0001870779669843614
397 0.00017805062816478312
398 0.00019104918465018272
399 0.000560237851459533
400 0.0014122307766228914
401 0.0005354377208277583
402 0.0009301821701228619
403 0.0010677953250706196
404 0.0011654022382572293
405 0.0006276214844547212
406 0.003233209950849414
407 0.0004018287581857294
408 0.0014029729645699263
409 0.0007076612673699856
410 0.0006625954993069172
411 0.0007749521173536777
412 0.0003523305931594223
413 0.00019206454453524202
414 7.80469345045276e-05
415 5.702492126147263e-05
416 0.0002046706504188478
417 8.00964335212484e-05
418 0.00017600473074708134
419 4.5472956117009744e-05
420 0.00045566234621219337
421 0.0005639650044031441
422 8.34995080367662e-05
423 0.00019722549768630415
424 0.00021634908625856042
425 0.00014254623965825886
426 0.00012080002488801256
427 0.00025635003112256527
428 0.0005024049314670265
429 8.702562627149746e-05
430 0.00010502538498258218
431 8.551999781047925e-05
432 0.00012161757331341505
433 7.506362453568727e-05
434 5.0736820412566885e-05
435 7.875663868617266e-05
436 0.00016013973799999803
437 6.224821845535189e-05
438 0.00017325373482890427
439 0.0009032076923176646
440 0.0002070441551040858
441 0.00018201612692791969
442 0.00013959901116322726
443 0.0012819233816117048
444 0.0005936318193562329
445 0.0008589410572312772
446 0.002010342665016651
447 0.000654711271636188
448 0.003008117899298668
449 0.0015113920671865344
450 0.0014199032448232174
451 0.000429052219260484
452 0.00021219701739028096
453 0.0003899320145137608
454 0.0013502867659553885
455 0.00036098225973546505
456 0.0011412713211029768
457 0.00025875784922391176
458 0.0002595356199890375
459 0.00030135316774249077
460 0.00027648909599520266
461 7.408898818539456e-05
462 0.00010367634240537882
463 9.712405153550208e-05
464 0.00014271220425143838
465 9.851474897004664e-05
466 8.006546704564244e-05
467 7.745236507616937e-05
468 4.3512391130207106e-05
469 3.991014091297984e-05
470 6.787059101043269e-05
471 5.236148354015313e-05
472 6.189203850226477e-05
473 0.00014348336844705045
474 0.0001317245332757011
475 0.0001007007303996943
476 0.0002810281002894044
477 0.00020121608395129442
478 0.00011692760017467663
479 0.00027855546795763075
480 0.000524244038388133
481 0.00024578574812039733
482 0.003256920725107193
483 0.0033897864632308483
484 0.001107385498471558
485 0.0004898672923445702
486 0.0008235446293838322
487 0.000598056532908231
488 0.0007206400041468441
489 0.00030543256434611976
490 0.0005161471199244261
491 0.0016673580976203084
492 0.0008554761298000813
493 0.0007911772117950022
494 0.0008650740492157638
495 0.00018199133046437055
496 0.0003124263894278556
497 8.450797758996487e-05
498 0.0001898672489915043
499 7.404624921036884e-05
500 0.00013179297093302011
501 9.327800944447517e-05
502 0.0002054112555924803
503 0.00011876081407535821
504 0.000667016429360956
505 0.0010430277325212955
506 5.943815995124169e-05
507 0.00028301464044488966
508 0.0012672370066866279
509 0.0003266491985414177
510 0.0010214003268629313
511 0.01569880172610283
512 0.003795245196670294
513 0.0016200400423258543
514 0.012188884429633617
515 0.005227440968155861
516 0.0019793910905718803
517 0.0014133828226476908
518 0.0004897640319541097
519 0.0002212590625276789
520 0.00013676802336703986
521 7.863886276027188e-05
522 0.0001098340071621351
523 6.925294292159379e-05
524 8.243681077146903e-05
525 0.00027214913279749453
526 0.00036818289663642645
527 0.0002120345743605867
528 0.000540194392669946
529 0.0003303192788735032
530 0.00013165046402718872
531 6.511300307465717e-05
532 2.6155414161621593e-05
533 0.00011531820928212255
534 5.009918459109031e-05
535 1.3391712855082005e-05
536 0.00012117443839088082
537 8.269815589301288e-05
538 0.00035607910831458867
539 9.049843356478959e-05
540 0.00015668450214434415
541 4.7753310354892164e-05
542 4.5155276893638074e-05
543 9.14017582545057e-05
544 7.697501132497564e-05
545 0.00020558451069518924
546 0.00012303004041314125
547 6.0147860494907945e-05
548 0.0003849377972073853
549 0.00019046568195335567
550 6.0226619098102674e-05
551 0.0001176501828012988
552 0.00012851953215431422
553 0.00013947233674116433
554 0.00023090744798537344
555 0.00020820714416913688
556 0.0004107316199224442
557 0.00020512694027274847
558 0.00017224589828401804
559 0.00017087539890781045
560 7.692767394473776e-05
561 3.164731970173307e-05
562 0.00014884673873893917
563 0.0001857197203207761
564 0.0004939369391649961
565 0.0002079999540001154
566 0.0004495139291975647
567 0.00010383356857346371
568 0.00038919184589758515
569 0.0003050581435672939
570 0.00015714533219579607
571 9.69891989370808e-05
572 0.0001183081985800527
573 3.505235508782789e-05
574 0.0001486132969148457
575 0.0017342137871310115
576 0.002747309161350131
577 0.0035475059412419796
578 0.010110335424542427
579 0.0032764917705208063
580 0.0008661591564305127
581 0.0002863073314074427
582 0.0007982127135619521
583 0.0004180024843662977
584 0.0002567014016676694
585 0.0001770941453287378
586 6.281591777224094e-05
587 8.94763579708524e-05
588 4.5312215661397204e-05
589 5.588159547187388e-05
590 7.544375694124028e-05
591 2.6196994440397248e-05
592 8.916465594666079e-05
593 6.86745552229695e-05
594 6.55659387120977e-05
595 1.4421902960748412e-05
596 0.0001284804893657565
597 0.0001724195317365229
598 0.00011380637442925945
599 5.827552013215609e-05
600 0.00013723847223445773
601 0.0001067650446202606
602 0.00033560986048541963
603 0.0002239374298369512
604 8.020047243917361e-05
605 0.00013828702503815293
606 4.157134026172571e-05
607 7.302714948309585e-05
608 0.00015190969861578196
609 0.00012388160394039005
610 0.00022261285630520433
611 0.00011707615340128541
612 0.00012180218618595973
613 0.0001611191255506128
614 0.00010063617810374126
615 0.0006726218853145838
616 0.0010561358649283648
617 0.001415385166183114
618 0.0008559479610994458
619 0.0005380363436415792
620 0.0005286313826218247
621 0.0007008638931438327
622 0.0001004515725071542
623 8.85074186953716e-05
624 8.065975998761132e-05
625 0.00019950831483583897
626 8.461831021122634e-05
627 0.0003489174123387784
628 0.0001319617877015844
629 0.0003845280734822154
630 0.00018097249267157167
631 0.00019021821208298206
632 8.81751548149623e-05
633 9.998724272008985e-05
634 2.5303610527771525e-05
635 7.689715857850388e-05
636 9.913790563587099e-05
637 0.00011157996050314978
638 0.00011828778951894492
639 0.00012523111945483834
640 3.8677062548231333e-05
641 4.431244087754749e-05
642 0.0001344482006970793
643 0.0002238723391201347
644 2.6889489163295366e-05
645 6.206394755281508e-05
646 0.00014979016850702465
647 9.219302592100576e-05
648 0.00010477457544766366
649 0.00047725799959152937
650 0.0005271817208267748
651 0.0002067063032882288
652 0.0008871500031091273
653 0.003375002881512046
654 0.0068616620264947414
655 0.004666928667575121
656 0.012169704772531986
657 0.0005686886725015938
658 0.0003704420232679695
659 0.0008053340716287494
660 0.001433621859177947
661 0.0005045475554652512
662 0.0008631300879642367
663 0.00040653353789821267
664 0.00034232434700243175
665 0.00016994243196677417
666 0.00020381805370561779
667 0.00014199955330695957
668 0.0002179840230382979
669 5.942992720520124e-05
670 6.976237636990845e-05
671 6.500987365143374e-05
672 9.558716556057334e-05
673 0.00018683989765122533
674 8.603601600043476e-05
675 0.00030813607736490667
676 0.0010439815232530236
677 0.006595689337700605
678 0.0002930828195530921
679 0.0005680726608261466
680 0.0005299153854139149
681 0.00010318579006707296
682 0.00012568414967972785
683 0.0003419049899093807
684 0.0025829216465353966
685 0.0009664212120696902
686 0.0006476236740127206
687 0.00015328297740779817
688 0.0003165907983202487
689 0.00036262173671275377
690 0.0001179717291961424
691 0.000275566300842911
692 0.00012926346971653402
693 0.00020256932475604117
694 0.00010215554357273504
695 0.0003786873712670058
696 0.0002365747350268066
697 0.00012186697858851403
698 6.447049236157909e-05
699 0.00017070712056010962
700 8.310095290653408e-05
701 4.1163115383824334e-05
702 7.990263839019462e-05
703 7.076285692164674e-05
704 6.0820246289949864e-05
705 7.498748891521245e-05
706 0.00011301139602437615
707 2.2954840460442938e-05
708 0.00018737552454695106
709 0.0001294777903240174
710 0.00012666083057411015
711 0.00018278026254847646
712 0.00021934650430921465
713 0.00017673979164101183
714 0.0013213506899774075
715 0.0010626884177327156
716 0.0008623464964330196
717 0.0009703165269456804
718 0.005336640868335962
719 0.0075723715126514435
720 0.000832384976092726
721 0.0012079168809577823
722 0.0017870604060590267
723 0.0007383723859675229
724 0.0015487647615373135
725 0.000838110689073801
726 0.0018101439345628023
727 0.0012154498836025596
728 0.009063211269676685
729 0.005375842098146677
730 0.002952748443931341
731 0.0011176097905263305
732 0.006635177414864302
733 0.004855146631598473
734 0.005202981177717447
735 0.0007630697800777853
736 0.0021295598708093166
737 0.0002287782117491588
738 0.00046010749065317214
739 0.00011734697909560055
740 0.00012873558443970978
741 0.0001291320368181914
742 0.0001447024114895612
743 0.00014306519005913287
744 0.00012947218783665448
745 8.536700624972582e-05
746 5.06007309013512e-05
747 4.0675975469639525e-05
748 4.719891876447946e-05
749 6.644716631853953e-05
750 3.575847949832678e-05
751 8.314340084325522e-05
752 3.105668292846531e-05
753 4.5379001676337793e-05
754 4.1684252209961414e-05
755 0.00010833652777364478
756 3.6848869058303535e-05
757 6.706048588966951e-05
758 2.930193477368448e-05
759 6.400659185601398e-05
760 7.902998913777992e-05
761 3.433775782468729e-05
762 7.713615195825696e-05
763 6.578338070539758e-05
764 5.2722123655257747e-05
765 7.220774568850175e-05
766 8.348427945747972e-05
767 0.00014344567898660898
768 0.00011313283903291449
769 0.00012470012006815523
770 0.00026402855291962624
771 0.0002468045277055353
772 0.00019864058413077146
773 0.0001047467885655351
774 0.0005049284663982689
775 0.0017234169645234942
776 0.00041181748383678496
777 0.00010834995919140056
778 0.0016353001119568944
779 0.0010307872435078025
780 0.0006443226593546569
781 0.0008919850224629045
782 0.0003093080595135689
783 0.0011063057463616133
784 0.005301016848534346
785 0.0039572566747665405
786 0.0018877844559028745
787 0.0008385303081013262
788 0.0004336273414082825
789 0.00021182205819059163
790 3.119059692835435e-05
791 7.88224206189625e-05
792 3.104793722741306e-05
793 1.4958994142943993e-05
794 5.8526067732600495e-05
795 4.3607149564195424e-05
796 4.698194970842451e-05
797 6.19031852693297e-05
798 0.00012393035285640508
799 0.00016502101789228618
800 0.00019143536337651312
801 0.0003498598816804588
802 3.5578166716732085e-05
803 0.00021550811652559787
804 0.0001431267155567184
805 0.00019914453150704503
806 0.0001577959192218259
807 0.00010027250391431153
808 0.00035860337084159255
809 0.00034738535759970546
810 0.00016575184417888522
811 0.00036154023837298155
812 0.0007755733677186072
813 0.0005010301247239113
814 0.001364651951007545
815 0.001739192521199584
816 0.0024481734726577997
817 0.0009733765618875623
818 0.00042682563071139157
819 0.00010572276369202882
820 0.00021201792696956545
821 0.00011621983139775693
822 0.00020364782540127635
823 0.00020693594706244767
824 0.0002594041870906949
825 0.0006709878798574209
826 0.0002835402556229383
827 9.152835264103487e-05
828 5.434143167803995e-05
829 0.00011934131907764822
830 8.576936670579016e-05
831 0.00012522385804913938
832 0.0001409494725521654
833 0.0001321185554843396
834 8.173311653081328e-05
835 0.00010909516277024522
836 0.00017075547657441348
837 0.0002479018294252455
838 0.00044216643436811864
839 0.002208568388596177
840 0.0032694225665181875
841 0.0010839083697646856
842 0.0018852127250283957
843 0.0024145455099642277
844 0.0021310802549123764
845 0.001753360964357853
846 0.0005813441821373999
847 0.001087872195057571
848 0.00037357056862674654
849 0.0004269163473509252
850 0.0001863176585175097
851 0.00015435143723152578
852 0.0001403364585712552
853 0.00016614228661637753
854 0.00011672330583678558
855 0.00024638179456815124
856 0.0002835725317709148
857 0.00017886089335661381
858 0.00017459584341850132
859 0.00010333950922358781
860 6.127110100351274e-05
861 2.8249825845705345e-05
862 9.504165791440755e-05
863 4.7846777306403965e-05
864 5.8196354075334966e-05
865 8.493958011968061e-05
866 0.0001504973479313776
867 0.0006055429112166166
868 0.00021180204930715263
869 0.00026066257851198316
870 0.00011478619126137346
871 0.0002591163502074778
872 0.00027255332679487765
873 0.0006316308863461018
874 0.000393062480725348
875 4.826808435609564e-05
876 4.6654567995574325e-05
877 7.68183235777542e-05
878 0.0002455826324876398
879 8.98901853361167e-05
880 0.00014346532407216728
881 0.0001607815793249756
882 0.00011657191498670727
883 6.735861825291067e-05
884 0.00013019998732488602
885 0.0003496879362501204
886 0.0002813946339301765
887 9.723051334731281e-05
888 8.478653762722388e-05
889 0.00012096205318812281
890 6.707723514409736e-05
891 0.00010149020818062127
892 0.00045582905295304954
893 0.001985828625038266
894 0.0005217086290940642
895 0.0020536554511636496
896 0.0010951434960588813
897 0.0006118943565525115
898 0.00012105575297027826
899 6.471984670497477e-05
900 0.0001328273501712829
901 0.0001006367092486471
902 0.0008649415103718638
903 0.0003457758284639567
904 0.0004235857049934566
905 0.00013608508743345737
906 0.0010432064300403
907 0.00013069261331111193
908 0.0002431558386888355
909 0.00046450976515188813
910 0.0005525944288820028
911 0.00016558320203330368
912 0.0006234522443264723
913 0.0014867299469187856
914 0.00035571365151554346
915 0.0002944467414636165
916 0.00025166821433231235
917 0.00046969426330178976
918 0.0009173349244520068
919 0.0013881056802347302
920 0.0004891125136055052
921 0.0005584598402492702
922 0.0003781248233281076
923 0.001070663915015757
924 0.0018235372845083475
925 0.0006489691440947354
926 0.0004117139324080199
927 0.0005708112730644643
928 0.00016089767450466752
929 0.0001047173936967738
930 0.00015918351709842682
931 8.281874761451036e-05
932 0.0010827340884134173
933 0.0001681781723164022
934 0.00019546211115084589
935 0.00021546684729401022
936 0.00019611789321061224
937 0.00015228125266730785
938 2.168767969124019e-05
939 0.00010372987162554637
940 0.00043776948587037623
941 0.0003643547825049609
942 0.0004599773383233696
943 0.0004309293581172824
944 0.0002770491410046816
945 6.825562013546005e-05
946 5.573864109464921e-05
947 0.004471911583095789
948 0.0006661697407253087
949 0.0002614142431411892
950 0.000634846743196249
951 0.00037748084287159145
952 0.00017833299352787435
953 9.730274177854881e-05
954 0.00023678503930568695
955 0.0002470577892381698
956 0.0001276738621527329
957 0.00014574364467989653
958 0.00012668644194491208
959 0.00011243222252232954
960 6.342869164654985e-05
961 5.17311054863967e-05
962 0.00025022870977409184
963 0.00015344245184678584
964 0.00018678285414353013
965 7.868650573072955e-05
966 8.355560566997156e-05
967 8.485424768878147e-05
968 5.2745643188245595e-05
969 0.0001646714808885008
970 0.00011045819701394066
971 0.0001879371120594442
972 0.00037337795947678387
973 0.00018449888739269227
974 0.00041270730434916914
975 0.00014589876809623092
976 0.00017458391084801406
977 6.894287071190774e-05
978 0.0002974113158416003
979 0.0003507084911689162
980 0.0038844766095280647
981 0.004807901568710804
982 0.0004257851396687329
983 0.0005480459076352417
984 0.00034066359512507915
985 8.789250568952411e-05
986 0.0004977764911018312
987 0.00010901921632466838
988 0.00011599062418099493
989 5.988194243400358e-05
990 4.4812753912992775e-05
991 0.00014951526827644557
992 5.699171015294269e-05
993 0.0001989915908779949
994 0.00010039800690719858
995 0.00012908749340567738
996 0.00014722174091730267
997 0.0012240863870829344
998 0.0003564714570529759
999 0.00018593418644741178
