0 46.679832458496094
1 34.91378402709961
2 19.30645179748535
3 9.502893447875977
4 9.410584449768066
5 6.293266773223877
6 9.113374710083008
7 5.780080795288086
8 8.923959732055664
9 11.97461223602295
10 11.816962242126465
11 8.113101959228516
12 12.338364601135254
13 5.867568016052246
14 4.8083953857421875
15 5.832451343536377
16 9.034870147705078
17 6.337311744689941
18 2.6621081829071045
19 5.314496040344238
20 8.595019340515137
21 12.165942192077637
22 6.402262210845947
23 6.863415241241455
24 7.01583194732666
25 8.410343170166016
26 5.125148296356201
27 10.396293640136719
28 8.94733715057373
29 12.20079231262207
30 2.4558515548706055
31 7.518378734588623
32 11.533233642578125
33 3.1009132862091064
34 10.480244636535645
35 5.245753765106201
36 3.7901885509490967
37 9.768898010253906
38 9.078225135803223
39 8.06214427947998
40 2.657677173614502
41 4.602262020111084
42 4.139109134674072
43 8.272358894348145
44 9.055757522583008
45 5.799688339233398
46 1.8429081439971924
47 4.00756311416626
48 4.026541709899902
49 9.11892318725586
50 10.630048751831055
51 1.6522338390350342
52 3.5415151119232178
53 13.812362670898438
54 4.8031511306762695
55 9.72263240814209
56 7.7973785400390625
57 6.844099998474121
58 0.6511278748512268
59 7.7882866859436035
60 9.749947547912598
61 8.153918266296387
62 8.088484764099121
63 5.010869979858398
64 5.021242141723633
65 3.2495930194854736
66 3.599199056625366
67 5.368468284606934
68 3.0605616569519043
69 1.2771148681640625
70 7.133363246917725
71 6.793132305145264
72 5.744112968444824
73 8.50787353515625
74 4.861852645874023
75 1.5533945560455322
76 2.520322561264038
77 4.031299591064453
78 10.217674255371094
79 5.895740032196045
80 4.536524295806885
81 4.134207248687744
82 8.671211242675781
83 6.883489608764648
84 6.208536148071289
85 6.921398639678955
86 1.5665310621261597
87 3.032541513442993
88 3.072781801223755
89 5.46641731262207
90 5.272073745727539
91 5.330662250518799
92 5.297945499420166
93 5.672028541564941
94 8.079002380371094
95 3.7667572498321533
96 6.510319232940674
97 3.4859814643859863
98 5.376567840576172
99 1.5047930479049683
100 2.3384532928466797
101 3.5430922508239746
102 3.904567241668701
103 2.7803401947021484
104 3.191398859024048
105 0.9335205554962158
106 1.5227683782577515
107 8.335951805114746
108 4.791365623474121
109 2.3113248348236084
110 1.537740707397461
111 3.4211182594299316
112 2.9290900230407715
113 3.0425097942352295
114 2.963599920272827
115 1.419938564300537
116 2.2068939208984375
117 1.8503625392913818
118 2.9726462364196777
119 4.008205413818359
120 2.2896101474761963
121 1.3413422107696533
122 1.051626443862915
123 1.3012776374816895
124 2.184022903442383
125 2.8643102645874023
126 2.3333683013916016
127 2.329911708831787
128 1.709234595298767
129 0.5363227128982544
130 5.070486545562744
131 1.4849892854690552
132 3.4663331508636475
133 1.6141254901885986
134 5.304681777954102
135 0.6138569116592407
136 1.3036537170410156
137 1.6611945629119873
138 2.553767681121826
139 1.879374623298645
140 2.8828065395355225
141 2.3759593963623047
142 2.531111478805542
143 1.3912750482559204
144 1.3329927921295166
145 2.392059564590454
146 0.9815525412559509
147 1.080848217010498
148 0.8881154656410217
149 1.0694479942321777
150 1.9270615577697754
151 0.6936225891113281
152 1.1002424955368042
153 0.9908599257469177
154 0.6664682626724243
155 0.7547311782836914
156 0.6977260112762451
157 0.6392838954925537
158 0.8501961827278137
159 0.7753692269325256
160 0.6072705984115601
161 0.5746148824691772
162 0.7622833251953125
163 0.8884457945823669
164 0.4519417881965637
165 0.5915693044662476
166 0.7432471513748169
167 0.28879332542419434
168 0.41952788829803467
169 0.4821954369544983
170 0.5711461305618286
171 0.5289426445960999
172 0.4146420955657959
173 0.46034932136535645
174 0.26645731925964355
175 0.34026458859443665
176 0.35677558183670044
177 0.21093422174453735
178 0.19028183817863464
179 0.2564474642276764
180 0.18990552425384521
181 0.16360315680503845
182 0.2241850197315216
183 0.23024562001228333
184 0.13931645452976227
185 0.12420940399169922
186 0.14482532441616058
187 0.1457306295633316
188 0.1536322981119156
189 0.11986425518989563
190 0.1638721227645874
191 0.11557281762361526
192 0.20847263932228088
193 0.1332097351551056
194 0.1257152110338211
195 0.09882735460996628
196 0.10766426473855972
197 0.13188843429088593
198 0.125852569937706
199 0.09457722306251526
200 0.12492964416742325
201 0.10874389111995697
202 0.11611397564411163
203 0.0852615162730217
204 0.0856868103146553
205 0.07105522602796555
206 0.07376164197921753
207 0.06335416436195374
208 0.06247115135192871
209 0.05473649874329567
210 0.05903199687600136
211 0.05348145216703415
212 0.04446612671017647
213 0.04537046328186989
214 0.061193034052848816
215 0.037950627505779266
216 0.03864964842796326
217 0.04251321777701378
218 0.040354810655117035
219 0.03728831559419632
220 0.026381125673651695
221 0.03730674833059311
222 0.03879852965474129
223 0.033658720552921295
224 0.021608347073197365
225 0.02976060099899769
226 0.030170753598213196
227 0.0267768744379282
228 0.030626382678747177
229 0.02780560962855816
230 0.02031637355685234
231 0.023517392575740814
232 0.017261814326047897
233 0.02184692770242691
234 0.019805962219834328
235 0.024112258106470108
236 0.01864813268184662
237 0.017289837822318077
238 0.01741766184568405
239 0.027285868301987648
240 0.01816597394645214
241 0.015501648187637329
242 0.01834532991051674
243 0.02125144936144352
244 0.016074370592832565
245 0.018530504778027534
246 0.0165212694555521
247 0.014158048667013645
248 0.012056698091328144
249 0.017375856637954712
250 0.012449121102690697
251 0.01384676992893219
252 0.010524803772568703
253 0.009122306481003761
254 0.014027712866663933
255 0.019262459129095078
256 0.01164143905043602
257 0.01429709978401661
258 0.018406301736831665
259 0.007584440056234598
260 0.010697104968130589
261 0.018780706450343132
262 0.009609781205654144
263 0.010155491530895233
264 0.007912257686257362
265 0.010931728407740593
266 0.007987791672348976
267 0.011525185778737068
268 0.012562272138893604
269 0.008545521646738052
270 0.011721325106918812
271 0.014237212017178535
272 0.012413084506988525
273 0.0125998854637146
274 0.01234919112175703
275 0.010653582401573658
276 0.008749105036258698
277 0.007778423838317394
278 0.011123637668788433
279 0.010326228104531765
280 0.009444880299270153
281 0.00895449984818697
282 0.009864083491265774
283 0.011031919158995152
284 0.006608922965824604
285 0.009520189836621284
286 0.006136107258498669
287 0.006237332709133625
288 0.007530638482421637
289 0.00839999970048666
290 0.005955771543085575
291 0.005740578752011061
292 0.006230649538338184
293 0.008541259914636612
294 0.005403746385127306
295 0.0057447925209999084
296 0.004161573015153408
297 0.006428763270378113
298 0.0039021095726639032
299 0.0036778238136321306
300 0.006432133261114359
301 0.006930242758244276
302 0.005295316223055124
303 0.006161969620734453
304 0.00542775122448802
305 0.006633578799664974
306 0.0056315637193620205
307 0.006629777140915394
308 0.003763301996514201
309 0.004652037750929594
310 0.003503385465592146
311 0.00445201899856329
312 0.005400806199759245
313 0.005888011772185564
314 0.004159047268331051
315 0.005423886701464653
316 0.004628998693078756
317 0.004472066648304462
318 0.003760337131097913
319 0.004979911260306835
320 0.004553553182631731
321 0.005498963408172131
322 0.003602637443691492
323 0.0045499904081225395
324 0.0029356474988162518
325 0.0046072108671069145
326 0.0034155368339270353
327 0.004956025630235672
328 0.0031874089036136866
329 0.002811024896800518
330 0.004908578936010599
331 0.005235400050878525
332 0.0041796485893428326
333 0.0026845026295632124
334 0.005113504361361265
335 0.0021441287826746702
336 0.005252894014120102
337 0.003238283097743988
338 0.004425195511430502
339 0.004371254239231348
340 0.003571492386981845
341 0.004900534171611071
342 0.004532976541668177
343 0.004403466358780861
344 0.003517103847116232
345 0.0019579906947910786
346 0.0028870869427919388
347 0.002847441006451845
348 0.002970968373119831
349 0.0021080034784972668
350 0.002491029677912593
351 0.00536377914249897
352 0.0025180354714393616
353 0.004122104961425066
354 0.0022322325967252254
355 0.005025708582252264
356 0.0027308170683681965
357 0.005188658367842436
358 0.0022164408583194017
359 0.0038852784782648087
360 0.0022184448316693306
361 0.0028152118902653456
362 0.003534996649250388
363 0.002144739031791687
364 0.0021553668193519115
365 0.002804309595376253
366 0.0026628286577761173
367 0.00253696134313941
368 0.0028025496285408735
369 0.0018254673341289163
370 0.0020698336884379387
371 0.002253268612548709
372 0.0028989543206989765
373 0.0029404209926724434
374 0.001738325459882617
375 0.004116038326174021
376 0.003561499295756221
377 0.002306038048118353
378 0.002712321002036333
379 0.0034210029989480972
380 0.002938878955319524
381 0.002667095046490431
382 0.0026295180432498455
383 0.003035312984138727
384 0.003214836586266756
385 0.0021368716843426228
386 0.0031226982828229666
387 0.0015585965011268854
388 0.002107977168634534
389 0.0033564793411642313
390 0.0020752507261931896
391 0.002647863235324621
392 0.0029664067551493645
393 0.0022453684359788895
394 0.002257328713312745
395 0.0026451360899955034
396 0.002046384150162339
397 0.002898982958868146
398 0.0025785404723137617
399 0.0013752290979027748
400 0.0012102567125111818
401 0.0019346751505509019
402 0.0025680477265268564
403 0.001094156177714467
404 0.0015956858405843377
405 0.0014462440740317106
406 0.002630324801430106
407 0.0007928148843348026
408 0.0010399972088634968
409 0.0022805731277912855
410 0.003766915062442422
411 0.0021241451613605022
412 0.0026861808728426695
413 0.0013050204142928123
414 0.002353264717385173
415 0.002059686230495572
416 0.0024934036191552877
417 0.0030233110301196575
418 0.0014170663198456168
419 0.002315822057425976
420 0.001755715231411159
421 0.001564126112498343
422 0.001793226576410234
423 0.002071748487651348
424 0.0011858765501528978
425 0.003027760423719883
426 0.002332917647436261
427 0.0018958920845761895
428 0.002058746526017785
429 0.0018194842850789428
430 0.0017570476047694683
431 0.0018205158412456512
432 0.0013811991084367037
433 0.002770240418612957
434 0.002251375000923872
435 0.0017293858109042048
436 0.002822599373757839
437 0.0022397488355636597
438 0.0013660260010510683
439 0.0016397687140852213
440 0.0008678630692884326
441 0.0016642715781927109
442 0.0018005361780524254
443 0.0016277229879051447
444 0.0018542272737249732
445 0.0013789759250357747
446 0.0008752426947467029
447 0.0021003400906920433
448 0.0008947150781750679
449 0.001659235917031765
450 0.0018144887872040272
451 0.0019516701577231288
452 0.0011046194704249501
453 0.0015080340672284365
454 0.0015989745734259486
455 0.0016631197649985552
456 0.0010600105160847306
457 0.0012378871906548738
458 0.0012485304614529014
459 0.001508010202087462
460 0.0017741558840498328
461 0.0015587435336783528
462 0.002074653282761574
463 0.0005881392862647772
464 0.0018255715258419514
465 0.0016200235113501549
466 0.0017462391406297684
467 0.0017585910391062498
468 0.0010606989962980151
469 0.0010511649306863546
470 0.0010307496413588524
471 0.001543582184240222
472 0.0013190011959522963
473 0.0013758635614067316
474 0.0011877184733748436
475 0.0010865849908441305
476 0.001339597161859274
477 0.0012776830699294806
478 0.0014500943943858147
479 0.0006790668703615665
480 0.0014037408400326967
481 0.0009658269118517637
482 0.0009772563353180885
483 0.0011768500553444028
484 0.0014007271965965629
485 0.0007940763607621193
486 0.0007792466785758734
487 0.0014901063404977322
488 0.0016104469541460276
489 0.0013206165749579668
490 0.0009329146705567837
491 0.002444296842440963
492 0.002218839945271611
493 0.0007424078648909926
494 0.001256263698451221
495 0.0008966674213297665
496 0.0011047391453757882
497 0.0011374433524906635
498 0.0012899352004751563
499 0.0010245557641610503
500 0.0014247739454731345
501 0.0009430937352590263
502 0.0011784719536080956
503 0.0003855717368423939
504 0.0011001877719536424
505 0.0013050999259576201
506 0.0011829329887405038
507 0.0012537863804027438
508 0.0010148778092116117
509 0.0007592445472255349
510 0.0005147740012034774
511 0.0008478927193209529
512 0.0008242448675446212
513 0.0011429146397858858
514 0.0007689348421990871
515 0.0007624304853379726
516 0.0010023540817201138
517 0.0012116945581510663
518 0.0006955559947527945
519 0.0009047185885719955
520 0.001175925601273775
521 0.0007414870779030025
522 0.001144400448538363
523 0.0007876706076785922
524 0.0006156668532639742
525 0.0007696063839830458
526 0.0013702146243304014
527 0.0009883263846859336
528 0.0011874381452798843
529 0.0011781082721427083
530 0.0008328474941663444
531 0.0009916899725794792
532 0.0009439295972697437
533 0.0005975490203127265
534 0.0009356930968351662
535 0.000743204029276967
536 0.000718464027158916
537 0.001323125557973981
538 0.0011366994585841894
539 0.0011682261247187853
540 0.0008939750259742141
541 0.0009460333385504782
542 0.00035360391484573483
543 0.0012277128407731652
544 0.0011378313647583127
545 0.0008431941969320178
546 0.00033086753683164716
547 0.0006596834282390773
548 0.0003863240999635309
549 0.0011115389643236995
550 0.0012965266359969974
551 0.000756982946768403
552 0.0007746265036985278
553 0.0005992855876684189
554 0.0009040853474289179
555 0.001317910966463387
556 0.0013006047811359167
557 0.0009785684524104
558 0.0010125755798071623
559 0.0007324282778427005
560 0.0006220179493539035
561 0.0007270288770087063
562 0.0006658725906163454
563 0.000693904294166714
564 0.0005787731497548521
565 0.0005537902470678091
566 0.0010221528355032206
567 0.0010014643194153905
568 0.0012568940874189138
569 0.0007308919448405504
570 0.0008865541312843561
571 0.0003803561849053949
572 0.0012508451472967863
573 0.0006198311457410455
574 0.0006787528400309384
575 0.0007145562558434904
576 0.0009054383845068514
577 0.0007402300252579153
578 0.0006067056674510241
579 0.0010208089370280504
580 0.0006324666901491582
581 0.0009682505624368787
582 0.0005363463424146175
583 0.0012047714553773403
584 0.0006696325144730508
585 0.0007217600359581411
586 0.0005998315173201263
587 0.0006982643390074372
588 0.0005491357296705246
589 0.0005543818115256727
590 0.0007114816107787192
591 0.0010117918718606234
592 0.0003109122044406831
593 0.0010184063576161861
594 0.0010049623670056462
595 0.0007600762182846665
596 0.0008314245496876538
597 0.00041750873788259923
598 0.000598083424847573
599 0.0006903356988914311
600 0.0006217504269443452
601 0.00046297814697027206
602 0.001139049301855266
603 0.0006814598455093801
604 0.00039512538933195174
605 0.00043459187145344913
606 0.0008251946419477463
607 0.000768093450460583
608 0.0006739232339896262
609 0.0004512234008871019
610 0.0007021717028692365
611 0.0005145169561728835
612 0.0005275754956528544
613 0.0006445039762184024
614 0.00044756781426258385
615 0.0002884449204429984
616 0.0003575210284907371
617 0.0007293401286005974
618 0.0006916800630278885
619 0.0005738419713452458
620 0.0004903926746919751
621 0.0005086634773761034
622 0.000705042271874845
623 0.0005023006233386695
624 0.0005208310903981328
625 0.0005927131860516965
626 0.0007330913213081658
627 0.0005263075581751764
628 0.00032137727248482406
629 0.00033209420507773757
630 0.0009641927317716181
631 0.000536044011823833
632 0.00046577915782108903
633 0.00022759137209504843
634 0.00031203293474391103
635 0.0003970307298004627
636 0.0004733822715934366
637 0.0005796078476123512
638 0.0009069295483641326
639 0.0006000411813147366
640 0.00046257051872089505
641 0.00019653547497000545
642 0.0003412025689613074
643 0.0006042813183739781
644 0.0005074416985735297
645 0.0007187873125076294
646 0.0006044522160664201
647 0.00040584715316072106
648 0.0005108576151542366
649 0.0004790794337168336
650 0.0005407389835454524
651 0.0004308043862693012
652 0.0005344156525097787
653 0.00035966161522082984
654 0.0002477087255101651
655 0.00025313912192359567
656 0.000426088081439957
657 0.0006625411915592849
658 0.00035145386937074363
659 0.0003293227346148342
660 0.0003727350849658251
661 0.0004910879652015865
662 0.0005295405862852931
663 0.00021517214190680534
664 0.00030904304003342986
665 0.0006330941687338054
666 0.00031731557101011276
667 0.0004170433385297656
668 0.000488718505948782
669 0.0004445089434739202
670 0.0003120920737273991
671 0.0005600405856966972
672 0.00022774036915507168
673 0.0003580029879231006
674 0.00039252222632057965
675 0.000366023276001215
676 0.0005528542096726596
677 0.00030306814005598426
678 0.0004797599103767425
679 0.0004240349808242172
680 0.0004409727989695966
681 0.0005475702928379178
682 0.000436421629274264
683 0.0004058526537846774
684 0.0003698898945003748
685 0.0005115116364322603
686 0.0004792753898072988
687 0.0005610979278571904
688 0.0003235148324165493
689 0.0005539542180486023
690 0.00023332929413300008
691 0.00032730968086980283
692 0.00035630076308734715
693 0.00042246145312674344
694 0.00033162219915539026
695 0.0002810540609061718
696 0.00025611199089325964
697 0.0004426782834343612
698 0.00031332331127487123
699 0.0002439606178086251
700 0.00042907457100227475
701 0.00043485360220074654
702 0.00016640842659398913
703 0.000250162003794685
704 0.00038553684134967625
705 0.0004588237788993865
706 0.0003003279853146523
707 0.0002872665645554662
708 0.00031234751804731786
709 0.00031945694354362786
710 0.00019342286395840347
711 0.00026835876633413136
712 0.00017766871314961463
713 0.00026653369423002005
714 0.0002376788470428437
715 0.0002762175281532109
716 0.00016743256128393114
717 0.00021544480114243925
718 0.00025582118541933596
719 0.0002782920200843364
720 0.00044751231325790286
721 0.0003120769397355616
722 0.00036629391252063215
723 0.0003455285041127354
724 0.0002794376923702657
725 0.0002605301851872355
726 0.0004370112146716565
727 0.0003691691963467747
728 0.00017096630472224206
729 0.00038325224886648357
730 0.000241439527599141
731 0.0003074802807532251
732 0.00015433439693879336
733 0.00031136811594478786
734 0.00020004399993922561
735 0.00015535979764536023
736 0.00041797253652475774
737 0.00019311731739435345
738 0.00020554257207550108
739 0.00018701519002206624
740 0.00020989069889765233
741 0.00038696121191605926
742 0.00021424736769404262
743 0.0004333615652285516
744 0.00014363639638759196
745 0.00017852061137091368
746 0.0001816654985304922
747 0.00021436988026835024
748 0.00022050640836823732
749 0.0003264936385676265
750 0.0002118907286785543
751 0.0002353204326936975
752 0.00022625774727202952
753 0.000232744961977005
754 0.0001666423340793699
755 0.0002660780446603894
756 0.00020680803572759032
757 0.0002115816023433581
758 0.00023111757764127105
759 0.00019742539734579623
760 0.00046766127343289554
761 0.0001688686024863273
762 0.00020607776241376996
763 0.0003099586465395987
764 0.00022593315225094557
765 0.00025881253532133996
766 0.000168651866260916
767 0.0001913052110467106
768 0.00017871224554255605
769 0.00015484941832255572
770 0.00019370357040315866
771 0.00023462000535801053
772 0.00014860110240988433
773 7.074559107422829e-05
774 0.00017527045565657318
775 0.00019297823018860072
776 0.0002469794708304107
777 0.00015688945131842047
778 0.00016310715000145137
779 0.0001806745567591861
780 0.00020476554345805198
781 0.00012759407400153577
782 0.00023042963584885
783 0.00018592627020552754
784 0.00023705493367742747
785 0.00019747579062823206
786 0.00019802867609541863
787 0.00015058921417221427
788 0.00020118613610975444
789 0.000260402011917904
790 0.0002520791895221919
791 0.00032118053059093654
792 8.17819673102349e-05
793 0.0002710061671677977
794 0.0002665795327629894
795 0.0002383919490966946
796 0.0002589844516478479
797 0.00011006099521182477
798 0.0001543419057270512
799 0.00021858344553038478
800 0.00024072581436485052
801 0.00019908479589503258
802 0.0001758756407070905
803 0.00015415925008710474
804 0.0003262590034864843
805 0.00022209130111150444
806 0.00023584882728755474
807 0.00015892779629211873
808 0.00019245427392888814
809 0.00015628796245437115
810 0.00013316281547304243
811 0.00010183379345107824
812 0.00014489037857856601
813 0.00022850334062241018
814 0.0001639722177060321
815 0.00024048432533163577
816 0.00031642086105421185
817 0.0002110804052790627
818 0.0001470960705773905
819 0.00020515832875389606
820 0.0002279215696034953
821 0.0001639372785575688
822 0.00018871523207053542
823 0.00017394694441463798
824 0.00015300323138944805
825 0.00023078348021954298
826 0.00013098851195536554
827 0.0002232814731542021
828 0.00020766530360560864
829 0.00024741824017837644
830 0.000177128822542727
831 0.00017286822549067438
832 0.00018009840277954936
833 0.00012682990927714854
834 0.00013108468556310982
835 0.0001870698615675792
836 0.00018024838936980814
837 0.00021488405764102936
838 9.887758642435074e-05
839 0.00024048124032560736
840 0.0001803968771127984
841 0.0002004810085054487
842 0.00014395623293239623
843 0.00020087875600438565
844 0.000209737045224756
845 0.0001402006600983441
846 0.00021523520990740508
847 9.958707960322499e-05
848 0.00017431165906600654
849 0.00020928584854118526
850 0.00027423715800978243
851 0.00018376516527496278
852 7.340379670495167e-05
853 9.724665142130107e-05
854 0.00010662646673154086
855 0.00012077628343831748
856 0.00013499482884071767
857 0.0001557476498419419
858 9.930456144502386e-05
859 0.00010501236829441041
860 0.0001458408951293677
861 0.0001542782410979271
862 0.0001770290546119213
863 0.00013886783563066274
864 0.000127092789625749
865 0.00013329008652362972
866 0.0001303144235862419
867 0.0001394033752148971
868 6.957000732654706e-05
869 0.00018919410649687052
870 7.22540935385041e-05
871 9.425672033103183e-05
872 0.00010151718743145466
873 0.00013710053463000804
874 0.0001230582856805995
875 0.00014389936404768378
876 0.00011461650137789547
877 7.245013694046065e-05
878 9.317520743934438e-05
879 0.00012060244625899941
880 0.00013649663014803082
881 0.000106609302747529
882 9.296159987570718e-05
883 0.00019114615861326456
884 0.00016651010082568973
885 0.00011503945279400796
886 0.00015213535516522825
887 5.9551588492468e-05
888 0.00013240243424661458
889 7.212472701212391e-05
890 0.00011430394079070538
891 0.0002027501759584993
892 0.00015945278573781252
893 0.00012447863991837949
894 0.00012834188237320632
895 0.00012200563651276752
896 9.661239892011508e-05
897 8.163256279658526e-05
898 0.00011363269732100889
899 0.00010631565965013579
900 0.00010070284770336002
901 6.784160359529778e-05
902 8.327767136506736e-05
903 7.415228901663795e-05
904 8.239684393629432e-05
905 0.00016681809211149812
906 0.0001681063004070893
907 9.950491221388802e-05
908 0.00016641721595078707
909 0.0001291949301958084
910 0.00017566062160767615
911 8.478127710986882e-05
912 9.447149932384491e-05
913 0.00015145640645641834
914 8.809934661258012e-05
915 0.00012054563558194786
916 6.94385016686283e-05
917 0.0001225207233801484
918 0.00013637910888064653
919 8.661058382131159e-05
920 0.00010205445869360119
921 0.0001893916050903499
922 0.0001671684585744515
923 8.984566375147551e-05
924 7.106589328031987e-05
925 8.620224252808839e-05
926 7.567460852442309e-05
927 7.063204975565895e-05
928 4.897021426586434e-05
929 0.00013581548410002142
930 8.353335579158738e-05
931 0.0001068043420673348
932 0.00014330096018966287
933 5.299848999129608e-05
934 6.08739755989518e-05
935 9.637112816562876e-05
936 7.601294055348262e-05
937 5.8079196605831385e-05
938 9.533173579256982e-05
939 9.446791227674112e-05
940 0.00012065683404216543
941 7.763114263070747e-05
942 8.7595013610553e-05
943 0.00015382177662104368
944 0.0001314660912612453
945 9.371737542096525e-05
946 6.232174928300083e-05
947 5.6958728237077594e-05
948 0.00011849346628878266
949 0.00012105436326237395
950 5.5136100854724646e-05
951 9.928076906362548e-05
952 0.00010560319788055494
953 0.00012331854668445885
954 0.00010077977640321478
955 3.99877353629563e-05
956 4.488580452743918e-05
957 6.971239781705663e-05
958 7.090801955200732e-05
959 4.9631824367679656e-05
960 6.401087011909112e-05
961 6.0124308220110834e-05
962 0.00015914319374132901
963 0.00016607918951194733
964 8.036300278035924e-05
965 6.391512579284608e-05
966 4.175443609710783e-05
967 9.55070645431988e-05
968 0.0001024898374453187
969 6.747144652763382e-05
970 7.542014645878226e-05
971 9.283067629439756e-05
972 7.639325485797599e-05
973 7.923744851723313e-05
974 9.295921336160973e-05
975 9.086570207728073e-05
976 8.708388486411422e-05
977 6.95853159413673e-05
978 7.839560566935688e-05
979 5.754028097726405e-05
980 0.00014843342069070786
981 5.057216912973672e-05
982 8.301176421809942e-05
983 6.787691381759942e-05
984 7.159923552535474e-05
985 6.9519599492196e-05
986 8.266900113085285e-05
987 6.869498611195013e-05
988 4.02282748837024e-05
989 0.00011555332457646728
990 6.332618795568123e-05
991 0.0001265999599127099
992 4.53194479632657e-05
993 0.0001310913939960301
994 0.00012548945960588753
995 4.5148633944336325e-05
996 9.602589125279337e-05
997 7.29286257410422e-05
998 6.625561218243092e-05
999 5.692802733392455e-05
