0 103.6310806274414
1 107.74491882324219
2 103.0932846069336
3 105.17119598388672
4 97.30573272705078
5 66.73570251464844
6 55.878028869628906
7 45.92308807373047
8 43.60668182373047
9 34.099971771240234
10 35.40501022338867
11 44.2949333190918
12 28.379074096679688
13 24.016868591308594
14 28.47623062133789
15 15.104598045349121
16 16.449108123779297
17 16.923267364501953
18 14.508761405944824
19 15.223060607910156
20 6.8219895362854
21 9.06679630279541
22 9.44043254852295
23 7.292971134185791
24 5.445375919342041
25 3.455801486968994
26 9.10289192199707
27 3.1026999950408936
28 2.9607508182525635
29 3.245063304901123
30 4.684454917907715
31 5.038179874420166
32 1.2523313760757446
33 1.8764151334762573
34 2.073093891143799
35 2.9500348567962646
36 4.493074893951416
37 2.6476337909698486
38 3.5387911796569824
39 3.2498250007629395
40 3.2769393920898438
41 3.1278040409088135
42 1.7643259763717651
43 1.9280985593795776
44 2.5733189582824707
45 2.346118211746216
46 4.9581990242004395
47 4.6640472412109375
48 1.6339384317398071
49 2.5094783306121826
50 1.4080495834350586
51 2.938248872756958
52 3.723731756210327
53 1.4255592823028564
54 1.5263407230377197
55 1.1295262575149536
56 2.2939469814300537
57 1.9352357387542725
58 3.755748748779297
59 2.5693180561065674
60 1.5387520790100098
61 2.8171072006225586
62 2.910693407058716
63 3.272149085998535
64 1.0050101280212402
65 3.992363452911377
66 3.453141212463379
67 3.110182046890259
68 1.2752138376235962
69 2.720507860183716
70 2.056464195251465
71 2.4566962718963623
72 2.4594337940216064
73 3.0482094287872314
74 4.29189395904541
75 3.0079901218414307
76 4.493104457855225
77 3.7191824913024902
78 2.0863373279571533
79 2.9459214210510254
80 4.082826614379883
81 2.5060536861419678
82 3.423290491104126
83 1.663095235824585
84 2.541015386581421
85 1.8427186012268066
86 2.263334274291992
87 2.3256025314331055
88 2.3213982582092285
89 0.6142083406448364
90 2.1739161014556885
91 1.548073649406433
92 1.5533757209777832
93 1.8734551668167114
94 3.7032294273376465
95 0.5557988882064819
96 3.058060884475708
97 5.242241382598877
98 2.376229763031006
99 3.7163052558898926
100 1.8882410526275635
101 1.891580581665039
102 2.087247133255005
103 1.877628207206726
104 1.2952972650527954
105 1.226498007774353
106 4.53415584564209
107 1.6091887950897217
108 3.628217935562134
109 3.0511274337768555
110 1.4683897495269775
111 3.137803792953491
112 2.5656094551086426
113 0.5761216282844543
114 1.775674819946289
115 1.3005112409591675
116 2.1103663444519043
117 3.649351119995117
118 4.059306621551514
119 2.748332977294922
120 2.4286391735076904
121 1.991186499595642
122 1.3176573514938354
123 0.7529845237731934
124 1.2258374691009521
125 2.158015012741089
126 2.065709352493286
127 2.3483738899230957
128 2.078835964202881
129 4.104250907897949
130 2.678887128829956
131 1.5586247444152832
132 0.9919456243515015
133 2.6022706031799316
134 2.2529616355895996
135 1.2610759735107422
136 3.456498384475708
137 3.3734917640686035
138 1.9105963706970215
139 1.2784672975540161
140 2.5212156772613525
141 1.9407846927642822
142 2.1228299140930176
143 2.9594194889068604
144 2.000761032104492
145 2.385568857192993
146 2.4916162490844727
147 1.8523085117340088
148 2.5934760570526123
149 2.9060652256011963
150 1.2384235858917236
151 1.018483281135559
152 2.9234321117401123
153 3.775282859802246
154 3.4067938327789307
155 2.8347432613372803
156 2.2213242053985596
157 3.7125518321990967
158 1.602580189704895
159 3.6568124294281006
160 3.1186678409576416
161 2.3901259899139404
162 2.4026453495025635
163 3.9457833766937256
164 1.0558089017868042
165 3.4386372566223145
166 1.9720888137817383
167 2.1984751224517822
168 2.6524910926818848
169 2.194274425506592
170 2.5404887199401855
171 3.4311158657073975
172 1.4425493478775024
173 2.4646174907684326
174 1.948049783706665
175 2.2114295959472656
176 2.645310163497925
177 1.6633710861206055
178 1.8804277181625366
179 0.771450400352478
180 2.1771881580352783
181 0.5724644064903259
182 1.635054349899292
183 1.9192895889282227
184 3.7790744304656982
185 3.4462907314300537
186 2.518342971801758
187 1.6800950765609741
188 1.6714611053466797
189 2.266321897506714
190 0.9315151572227478
191 3.7393887042999268
192 2.277146816253662
193 1.3622455596923828
194 0.5807611346244812
195 2.0750808715820312
196 2.9424047470092773
197 2.513392448425293
198 2.4781007766723633
199 1.8502715826034546
200 2.6373705863952637
201 0.9650523066520691
202 4.330663204193115
203 2.6207189559936523
204 1.4014482498168945
205 2.162081003189087
206 1.276576042175293
207 3.0828137397766113
208 3.2534472942352295
209 1.5059562921524048
210 2.813516139984131
211 5.301548480987549
212 2.0305378437042236
213 1.6439340114593506
214 1.233440637588501
215 1.9184666872024536
216 1.2299002408981323
217 1.4663760662078857
218 1.5443637371063232
219 1.087465524673462
220 1.5801339149475098
221 1.9147340059280396
222 1.7079933881759644
223 1.9262335300445557
224 1.5215003490447998
225 2.4152097702026367
226 3.3544955253601074
227 1.3214634656906128
228 1.0074102878570557
229 3.175999164581299
230 2.1003329753875732
231 1.8944714069366455
232 0.5371372699737549
233 3.3849103450775146
234 0.9386427998542786
235 1.9897464513778687
236 2.8286657333374023
237 1.821452260017395
238 1.9965444803237915
239 1.9969947338104248
240 1.9850274324417114
241 0.9403002262115479
242 1.0927908420562744
243 1.6792739629745483
244 2.0431113243103027
245 1.5362176895141602
246 1.588774561882019
247 0.918479859828949
248 0.8052597641944885
249 0.9952895641326904
250 2.3198978900909424
251 2.47847580909729
252 3.44218111038208
253 1.475792407989502
254 1.0764650106430054
255 0.9277918338775635
256 1.8659169673919678
257 0.42006444931030273
258 2.365722179412842
259 2.1736621856689453
260 1.6634780168533325
261 2.9966671466827393
262 1.6149550676345825
263 1.6586040258407593
264 1.8890941143035889
265 4.616470813751221
266 2.012941360473633
267 0.5277523994445801
268 2.368222713470459
269 2.327545404434204
270 0.8786211609840393
271 2.0320425033569336
272 1.6839206218719482
273 3.2874858379364014
274 2.559392213821411
275 1.7686758041381836
276 1.314194917678833
277 2.038745880126953
278 1.2906490564346313
279 1.483539342880249
280 1.3582892417907715
281 1.9597275257110596
282 1.1530568599700928
283 1.1076449155807495
284 1.4685032367706299
285 1.0543996095657349
286 2.8724365234375
287 0.9270914196968079
288 2.26861310005188
289 1.8021897077560425
290 1.619423270225525
291 2.63698673248291
292 1.908621907234192
293 1.1156220436096191
294 2.067669630050659
295 2.0108468532562256
296 1.139438509941101
297 2.1654982566833496
298 1.500261664390564
299 1.5679852962493896
300 1.5569467544555664
301 2.038780927658081
302 1.2362751960754395
303 1.4924744367599487
304 1.618790626525879
305 1.0333954095840454
306 1.4433233737945557
307 2.084550142288208
308 0.6398798823356628
309 0.5817627310752869
310 0.7717373371124268
311 1.5838288068771362
312 2.082456111907959
313 3.223531723022461
314 0.8820011615753174
315 3.011439085006714
316 1.007851243019104
317 2.375277519226074
318 2.0053224563598633
319 0.9989269971847534
320 1.7340080738067627
321 1.999840497970581
322 1.7927322387695312
323 2.148646593093872
324 0.9638314843177795
325 1.6494640111923218
326 1.865305781364441
327 2.112015724182129
328 1.7216278314590454
329 1.6417396068572998
330 2.5547256469726562
331 0.5895695090293884
332 2.2192907333374023
333 2.3982784748077393
334 1.7181538343429565
335 1.0584607124328613
336 1.218954086303711
337 1.8668615818023682
338 1.0546205043792725
339 1.7684663534164429
340 2.6716036796569824
341 1.6876671314239502
342 1.825639009475708
343 1.771714210510254
344 1.0080515146255493
345 1.8249473571777344
346 1.5810651779174805
347 1.0551906824111938
348 1.9183214902877808
349 1.795142412185669
350 1.112891674041748
351 1.4031414985656738
352 1.2604117393493652
353 2.646400213241577
354 0.9084065556526184
355 1.2150212526321411
356 2.8558926582336426
357 0.7329005599021912
358 2.1292238235473633
359 2.2018966674804688
360 1.9627933502197266
361 2.561784029006958
362 1.1129651069641113
363 1.626787781715393
364 1.9572510719299316
365 2.4061150550842285
366 2.9668028354644775
367 2.9130208492279053
368 3.160949468612671
369 1.6493661403656006
370 1.3032158613204956
371 1.908043622970581
372 1.4664974212646484
373 2.0092692375183105
374 1.636307716369629
375 0.9980849623680115
376 1.495815396308899
377 1.610499382019043
378 2.2193899154663086
379 1.4942376613616943
380 1.542980670928955
381 1.9679450988769531
382 1.5175542831420898
383 1.000868558883667
384 1.7123998403549194
385 2.236605405807495
386 2.7712228298187256
387 1.7265599966049194
388 1.611724853515625
389 1.5935378074645996
390 1.7458302974700928
391 1.4656167030334473
392 2.9843735694885254
393 1.4044591188430786
394 1.389901041984558
395 2.0298044681549072
396 2.001116991043091
397 3.1924986839294434
398 1.9138331413269043
399 1.684044361114502
400 2.061485528945923
401 2.6370849609375
402 1.108384370803833
403 0.8128660917282104
404 1.725379467010498
405 2.0713419914245605
406 1.8584309816360474
407 2.8385026454925537
408 1.907860279083252
409 1.4199718236923218
410 1.360090970993042
411 1.0475322008132935
412 2.3244757652282715
413 2.008772134780884
414 1.831357717514038
415 2.4399356842041016
416 2.0028741359710693
417 2.610599994659424
418 2.389970064163208
419 1.5937756299972534
420 0.7815076112747192
421 2.0290887355804443
422 2.549720287322998
423 1.500174880027771
424 2.3353219032287598
425 1.6409639120101929
426 2.3224761486053467
427 1.5388154983520508
428 1.3501918315887451
429 1.1454391479492188
430 2.6001405715942383
431 1.5267751216888428
432 0.8744082450866699
433 1.3754596710205078
434 1.2040927410125732
435 2.0848915576934814
436 2.2462916374206543
437 2.605903148651123
438 1.2139654159545898
439 2.0304312705993652
440 1.3499879837036133
441 1.246534824371338
442 1.2739752531051636
443 1.9711534976959229
444 0.6361795663833618
445 1.6511614322662354
446 1.9544200897216797
447 2.9056808948516846
448 1.7201178073883057
449 1.0839942693710327
450 1.8653517961502075
451 0.7116044759750366
452 0.9115579128265381
453 0.9924616813659668
454 0.9165945053100586
455 1.3280740976333618
456 2.1980862617492676
457 1.23542058467865
458 1.760227084159851
459 1.3055732250213623
460 1.6813175678253174
461 1.0159438848495483
462 1.3377270698547363
463 1.2411123514175415
464 1.6592094898223877
465 2.1590206623077393
466 1.2897405624389648
467 1.584764003753662
468 1.3033562898635864
469 1.6325170993804932
470 1.1104799509048462
471 0.9075024127960205
472 0.793493390083313
473 1.5541150569915771
474 2.1752352714538574
475 1.1717572212219238
476 2.3629398345947266
477 1.2466545104980469
478 2.2020554542541504
479 1.1102783679962158
480 1.4694310426712036
481 2.037651538848877
482 1.2653290033340454
483 1.6921581029891968
484 1.77961266040802
485 2.590196371078491
486 1.2303904294967651
487 1.3069508075714111
488 1.4173133373260498
489 1.7464101314544678
490 1.7071046829223633
491 2.1566081047058105
492 1.667065143585205
493 0.8921971917152405
494 1.634464979171753
495 1.099825382232666
496 1.3919010162353516
497 1.415927529335022
498 2.3943734169006348
499 1.7788212299346924
500 1.371215581893921
501 1.8683421611785889
502 2.0499908924102783
503 1.9819486141204834
504 1.445942997932434
505 1.6058142185211182
506 0.8655044436454773
507 1.163653016090393
508 1.6565992832183838
509 1.759777307510376
510 1.8411266803741455
511 2.192903757095337
512 1.8370041847229004
513 2.033336639404297
514 0.9218648672103882
515 0.7816027402877808
516 1.5486891269683838
517 2.084111213684082
518 1.0029959678649902
519 1.8365062475204468
520 1.060425043106079
521 1.490321159362793
522 2.0863258838653564
523 2.845048427581787
524 2.5898303985595703
525 1.4323515892028809
526 1.6859790086746216
527 2.3028502464294434
528 1.8207628726959229
529 1.5150686502456665
530 0.7758916616439819
531 1.6162605285644531
532 0.7154065370559692
533 2.9417757987976074
534 3.007810354232788
535 1.3456686735153198
536 1.6530768871307373
537 1.0931377410888672
538 1.8334143161773682
539 1.0424531698226929
540 1.0451624393463135
541 0.9312820434570312
542 0.8207051753997803
543 1.2079459428787231
544 0.837520182132721
545 2.5398805141448975
546 1.8253920078277588
547 1.3588368892669678
548 1.19100022315979
549 1.4821419715881348
550 1.3386095762252808
551 1.7858054637908936
552 2.5165321826934814
553 1.5234194993972778
554 0.7701637148857117
555 1.4811102151870728
556 2.0256102085113525
557 1.8661186695098877
558 1.2805169820785522
559 1.2644598484039307
560 0.9965488314628601
561 1.4806805849075317
562 1.472435474395752
563 1.4417002201080322
564 1.605019450187683
565 1.4674465656280518
566 1.2621395587921143
567 1.0748547315597534
568 2.5916748046875
569 1.542105793952942
570 1.0946403741836548
571 2.4526162147521973
572 2.0152394771575928
573 1.2008990049362183
574 1.8974876403808594
575 0.7097374796867371
576 2.0517730712890625
577 1.3170706033706665
578 0.9543336629867554
579 1.6091388463974
580 1.442417860031128
581 1.4053807258605957
582 1.8724613189697266
583 2.0218629837036133
584 2.076489210128784
585 1.3185107707977295
586 1.9395262002944946
587 1.9238100051879883
588 2.354435443878174
589 2.1616480350494385
590 1.704659104347229
591 1.3666937351226807
592 1.0679736137390137
593 1.5473780632019043
594 1.609563946723938
595 1.7585301399230957
596 1.5682835578918457
597 0.8965396285057068
598 2.388751745223999
599 2.4443516731262207
600 2.6132352352142334
601 1.3048856258392334
602 1.6338523626327515
603 1.5616726875305176
604 1.8225667476654053
605 1.1530272960662842
606 1.730457067489624
607 2.1743311882019043
608 1.3148306608200073
609 1.246780514717102
610 2.247425079345703
611 0.6500844955444336
612 4.055745601654053
613 0.7606453895568848
614 1.7947272062301636
615 2.019300937652588
616 1.8474434614181519
617 1.964688777923584
618 1.4421437978744507
619 1.3685957193374634
620 1.6924335956573486
621 1.4773157835006714
622 1.342198371887207
623 0.909848690032959
624 1.6306788921356201
625 1.1432071924209595
626 1.2312119007110596
627 1.219173550605774
628 1.4570801258087158
629 2.5480616092681885
630 1.8765251636505127
631 1.4617928266525269
632 1.7411797046661377
633 1.4570780992507935
634 1.668182373046875
635 1.2163764238357544
636 2.059190273284912
637 2.0253396034240723
638 1.3401587009429932
639 1.548153042793274
640 1.5232936143875122
641 1.5927671194076538
642 1.5636329650878906
643 2.8449912071228027
644 0.8159355521202087
645 2.1273231506347656
646 2.282383918762207
647 2.133199453353882
648 0.7810922265052795
649 2.557216167449951
650 1.9196301698684692
651 1.232328176498413
652 1.3614869117736816
653 1.2742525339126587
654 1.0170701742172241
655 2.991835117340088
656 2.149972677230835
657 1.7186617851257324
658 1.3012248277664185
659 1.0115737915039062
660 1.4212172031402588
661 1.496263027191162
662 2.217796564102173
663 0.993339478969574
664 0.9242891669273376
665 1.2093088626861572
666 1.4339356422424316
667 2.0341858863830566
668 1.041416049003601
669 1.6738659143447876
670 0.8105409741401672
671 1.9108816385269165
672 1.2579865455627441
673 0.9188810586929321
674 0.5510390996932983
675 1.7484753131866455
676 1.1230723857879639
677 3.218534469604492
678 1.459535837173462
679 1.4152026176452637
680 1.0792441368103027
681 2.210418462753296
682 1.089718222618103
683 1.8352351188659668
684 1.381456732749939
685 0.8972187042236328
686 1.7485913038253784
687 1.181649923324585
688 1.2703430652618408
689 2.49975848197937
690 1.3379452228546143
691 1.0982648134231567
692 0.8249138593673706
693 1.0859410762786865
694 1.7804017066955566
695 1.874132752418518
696 1.272298812866211
697 1.4366681575775146
698 2.4287326335906982
699 1.5311534404754639
700 2.918309211730957
701 1.8479986190795898
702 1.495954990386963
703 1.8365836143493652
704 0.7818854451179504
705 1.8100471496582031
706 1.7623345851898193
707 1.8255597352981567
708 2.5969269275665283
709 0.8304110169410706
710 1.4865119457244873
711 2.381448268890381
712 1.1888562440872192
713 2.4268314838409424
714 0.7710926532745361
715 1.280989170074463
716 1.0953280925750732
717 1.6692712306976318
718 1.474001169204712
719 0.5928733348846436
720 1.4875283241271973
721 2.5001866817474365
722 1.126493215560913
723 1.974896788597107
724 0.9577640891075134
725 1.8723591566085815
726 1.4627060890197754
727 1.9558093547821045
728 1.2832872867584229
729 1.1684107780456543
730 1.8946659564971924
731 0.574409008026123
732 1.1964315176010132
733 1.9818267822265625
734 1.5073829889297485
735 2.3636417388916016
736 1.6502254009246826
737 2.6684188842773438
738 1.8439003229141235
739 0.8738256096839905
740 1.5996677875518799
741 0.9652515649795532
742 1.9423251152038574
743 1.74586820602417
744 2.3635740280151367
745 1.1802968978881836
746 1.9165295362472534
747 1.4911541938781738
748 2.1094679832458496
749 2.8536934852600098
750 1.722185492515564
751 2.444944143295288
752 2.6239757537841797
753 2.5033676624298096
754 1.4068361520767212
755 2.4638350009918213
756 1.3291513919830322
757 1.7662125825881958
758 1.298490285873413
759 1.9016934633255005
760 1.5147281885147095
761 1.0024715662002563
762 1.8439726829528809
763 1.2780020236968994
764 1.7531510591506958
765 0.9213399291038513
766 1.2151988744735718
767 1.196535587310791
768 1.19107985496521
769 1.8884456157684326
770 1.2386748790740967
771 0.7909663915634155
772 2.265282154083252
773 1.6154115200042725
774 1.5380699634552002
775 2.0330233573913574
776 1.3909653425216675
777 0.7850618362426758
778 2.763598918914795
779 2.8336520195007324
780 3.182033061981201
781 0.8689995408058167
782 2.013512134552002
783 1.3818857669830322
784 0.7302721738815308
785 1.6560183763504028
786 2.6050729751586914
787 1.7818834781646729
788 1.0143496990203857
789 1.7366056442260742
790 1.4297689199447632
791 2.4094502925872803
792 0.35580235719680786
793 1.839164137840271
794 1.7832087278366089
795 1.6875267028808594
796 1.3236985206604004
797 1.3237788677215576
798 2.130019187927246
799 0.9047943353652954
800 1.149571418762207
801 1.1720945835113525
802 1.9739798307418823
803 1.5257530212402344
804 1.2356289625167847
805 1.608137845993042
806 1.601239800453186
807 2.1121890544891357
808 0.6025030612945557
809 1.1569366455078125
810 2.653272867202759
811 2.1302144527435303
812 0.9283515214920044
813 1.914559006690979
814 2.051024913787842
815 1.3189647197723389
816 1.4643399715423584
817 1.7378917932510376
818 1.8829094171524048
819 2.1319258213043213
820 1.4266365766525269
821 2.6323370933532715
822 1.615465521812439
823 1.8182834386825562
824 2.436345100402832
825 1.6857925653457642
826 1.4873485565185547
827 0.9904344081878662
828 2.2381460666656494
829 1.0876572132110596
830 1.2333272695541382
831 1.7411260604858398
832 1.8473957777023315
833 2.033536434173584
834 1.6713638305664062
835 1.8883581161499023
836 1.139587640762329
837 1.4146097898483276
838 1.2089431285858154
839 1.8937320709228516
840 1.7011289596557617
841 1.7028498649597168
842 1.1771701574325562
843 0.7522638440132141
844 1.3479307889938354
845 1.7546346187591553
846 2.0625104904174805
847 1.618758201599121
848 1.5423892736434937
849 0.3055771589279175
850 2.1393961906433105
851 2.287383556365967
852 1.6738795042037964
853 0.7352171540260315
854 2.030438184738159
855 0.8791221380233765
856 1.4019811153411865
857 1.5779229402542114
858 1.8086037635803223
859 1.8655133247375488
860 2.028994560241699
861 1.8900002241134644
862 1.1118505001068115
863 1.8029334545135498
864 0.9229095578193665
865 1.8837172985076904
866 1.85487961769104
867 1.181968092918396
868 1.0555379390716553
869 1.4399547576904297
870 1.0774046182632446
871 2.1550910472869873
872 0.9983655214309692
873 1.4692264795303345
874 1.7918846607208252
875 1.1080025434494019
876 1.4310866594314575
877 1.18369460105896
878 1.4248828887939453
879 1.3756436109542847
880 1.854909062385559
881 0.6771333813667297
882 1.0188426971435547
883 2.2339229583740234
884 2.006507396697998
885 1.8473379611968994
886 1.4075567722320557
887 1.2748327255249023
888 1.136497139930725
889 1.008675217628479
890 1.7215774059295654
891 1.7749561071395874
892 1.4096633195877075
893 1.5262856483459473
894 1.7972776889801025
895 0.9910262823104858
896 0.7264425754547119
897 1.5690999031066895
898 2.04624342918396
899 1.5573028326034546
900 1.500595211982727
901 1.924912691116333
902 0.5236104130744934
903 1.251051902770996
904 2.185256242752075
905 2.5561060905456543
906 0.6129217147827148
907 1.2992432117462158
908 1.2550060749053955
909 1.576660394668579
910 1.3355159759521484
911 2.5421926975250244
912 1.6605122089385986
913 1.8682246208190918
914 1.4054430723190308
915 0.9090295433998108
916 1.329740285873413
917 1.5015586614608765
918 1.3833510875701904
919 1.4997966289520264
920 1.3116463422775269
921 1.3935410976409912
922 1.4294018745422363
923 1.4201185703277588
924 1.3576719760894775
925 0.9454731345176697
926 1.7819504737854004
927 1.2738316059112549
928 2.058131217956543
929 1.443975567817688
930 1.7297734022140503
931 2.7811474800109863
932 2.8168766498565674
933 0.7359963059425354
934 1.0533175468444824
935 0.8721799850463867
936 1.7464747428894043
937 0.802025318145752
938 3.5328290462493896
939 1.1816006898880005
940 2.1497788429260254
941 1.2087090015411377
942 1.3966195583343506
943 1.8268905878067017
944 2.617811918258667
945 1.2418659925460815
946 2.2179460525512695
947 2.618013381958008
948 2.0215444564819336
949 1.8843059539794922
950 1.6459101438522339
951 2.4243485927581787
952 1.9572687149047852
953 2.0926389694213867
954 1.5206173658370972
955 2.314079999923706
956 1.4985846281051636
957 1.386181354522705
958 2.4661459922790527
959 1.294844150543213
960 1.7523791790008545
961 1.3094576597213745
962 1.0912883281707764
963 1.5870757102966309
964 2.9342193603515625
965 1.7986832857131958
966 1.6968520879745483
967 1.4235641956329346
968 1.3648780584335327
969 1.3485465049743652
970 1.2193613052368164
971 2.378297805786133
972 1.621282696723938
973 1.2712478637695312
974 2.006723642349243
975 1.6567710638046265
976 1.7597614526748657
977 1.1289469003677368
978 1.4207755327224731
979 1.9646049737930298
980 0.8422290086746216
981 0.9466578364372253
982 1.6055529117584229
983 1.5156636238098145
984 2.218798875808716
985 1.9779136180877686
986 1.7353755235671997
987 1.6860307455062866
988 2.089630603790283
989 0.9584458470344543
990 0.868449330329895
991 1.5430206060409546
992 1.3950390815734863
993 1.8582184314727783
994 1.1030217409133911
995 1.4496914148330688
996 0.7180615067481995
997 1.6666762828826904
998 1.9492268562316895
999 1.9165858030319214
