0 2.273393154144287
1 4.752513885498047
2 5.619926452636719
3 1.9026192426681519
4 2.6692488193511963
5 3.9990921020507812
6 2.5528066158294678
7 1.131072998046875
8 3.928389072418213
9 0.8583179116249084
10 4.329120635986328
11 2.8758440017700195
12 0.9788476228713989
13 2.80434250831604
14 1.999697208404541
15 2.26908016204834
16 5.160544395446777
17 1.0082740783691406
18 2.0663390159606934
19 2.614877462387085
20 2.7027196884155273
21 1.1195108890533447
22 2.7118356227874756
23 3.539954423904419
24 0.9596459269523621
25 2.2241225242614746
26 3.0087525844573975
27 1.890938401222229
28 1.4939427375793457
29 1.3287664651870728
30 2.590059280395508
31 3.587271213531494
32 1.000109076499939
33 2.174755811691284
34 2.253300905227661
35 2.6116111278533936
36 6.269084930419922
37 2.760115146636963
38 2.6575117111206055
39 1.7408326864242554
40 4.432319641113281
41 3.449491500854492
42 3.885544776916504
43 1.661673903465271
44 3.289931297302246
45 3.0032880306243896
46 3.121009588241577
47 2.121344804763794
48 2.1548373699188232
49 3.0307395458221436
50 1.947656273841858
51 1.3729323148727417
52 1.919877529144287
53 1.5623122453689575
54 1.126994252204895
55 2.9291374683380127
56 3.42758846282959
57 2.7821288108825684
58 1.8475725650787354
59 2.214266061782837
60 3.3096563816070557
61 2.7464449405670166
62 3.722223997116089
63 1.477291464805603
64 3.151390314102173
65 2.9639298915863037
66 0.9821521043777466
67 1.7667449712753296
68 3.729569435119629
69 3.5698931217193604
70 2.632251739501953
71 1.1207311153411865
72 2.2579429149627686
73 0.3329263925552368
74 2.000023603439331
75 2.5283117294311523
76 2.7697808742523193
77 1.2159336805343628
78 3.2483444213867188
79 1.7036757469177246
80 2.026848077774048
81 4.446700096130371
82 1.8485630750656128
83 2.0828371047973633
84 1.6400349140167236
85 2.082773208618164
86 2.1803534030914307
87 0.7368040680885315
88 2.9732019901275635
89 2.6971259117126465
90 3.2004826068878174
91 2.1682047843933105
92 2.639235258102417
93 3.4752907752990723
94 4.785315990447998
95 3.5733325481414795
96 3.555424213409424
97 1.352185606956482
98 4.452326774597168
99 1.895340919494629
100 1.3964966535568237
101 1.4006563425064087
102 1.2213070392608643
103 2.0926339626312256
104 1.30105721950531
105 2.1927103996276855
106 3.08080792427063
107 1.221117615699768
108 2.698021173477173
109 1.6591376066207886
110 2.586772918701172
111 1.5178656578063965
112 1.8933498859405518
113 3.9080796241760254
114 2.69558048248291
115 1.81238853931427
116 3.260699987411499
117 1.435552716255188
118 2.288374423980713
119 1.395858883857727
120 2.8277270793914795
121 2.136728048324585
122 2.2337985038757324
123 1.7242034673690796
124 3.2465457916259766
125 3.421694040298462
126 0.6852028965950012
127 2.160264253616333
128 0.5716784596443176
129 2.351764440536499
130 2.300109386444092
131 1.6036921739578247
132 1.523455262184143
133 4.2070722579956055
134 1.1834465265274048
135 2.723259925842285
136 1.8909059762954712
137 1.5490617752075195
138 2.8159828186035156
139 2.224210739135742
140 1.2522497177124023
141 2.860368251800537
142 1.9843859672546387
143 1.8576891422271729
144 1.7081354856491089
145 2.3316173553466797
146 1.3855786323547363
147 2.867929697036743
148 0.7146828770637512
149 2.059499502182007
150 3.059584379196167
151 1.434586524963379
152 2.0936970710754395
153 2.6888620853424072
154 2.48006272315979
155 2.1126346588134766
156 3.557326555252075
157 0.8046550750732422
158 2.608748197555542
159 3.050118923187256
160 1.0090186595916748
161 2.058058738708496
162 2.333012104034424
163 1.279747486114502
164 2.2772960662841797
165 1.8032989501953125
166 3.1137731075286865
167 1.548176646232605
168 2.145509719848633
169 1.1091101169586182
170 1.5950119495391846
171 2.4876887798309326
172 1.5159597396850586
173 1.6927201747894287
174 1.7796663045883179
175 1.2482980489730835
176 1.2202459573745728
177 1.6781578063964844
178 1.410111427307129
179 1.2419532537460327
180 1.0742124319076538
181 1.6783573627471924
182 0.40187761187553406
183 2.0655155181884766
184 3.1440114974975586
185 3.4741649627685547
186 3.0902316570281982
187 1.742571473121643
188 2.8733932971954346
189 1.441876769065857
190 2.535953998565674
191 2.431403875350952
192 1.638607382774353
193 1.5174064636230469
194 3.1017611026763916
195 2.252943277359009
196 1.6664572954177856
197 4.563939571380615
198 2.891770839691162
199 2.1432337760925293
200 3.0493452548980713
201 3.725245237350464
202 2.392587661743164
203 2.7478294372558594
204 1.8179666996002197
205 1.9179542064666748
206 4.143073081970215
207 2.5064520835876465
208 3.465524196624756
209 1.9662824869155884
210 1.3692129850387573
211 2.299471855163574
212 1.5783900022506714
213 1.7286581993103027
214 1.8798484802246094
215 1.9937312602996826
216 3.3004844188690186
217 1.8069578409194946
218 3.492863416671753
219 2.094245433807373
220 2.2590296268463135
221 1.1410861015319824
222 1.7000235319137573
223 1.2983503341674805
224 2.3530166149139404
225 2.1284375190734863
226 2.20139217376709
227 1.608216643333435
228 2.5114381313323975
229 3.315898895263672
230 2.1359686851501465
231 2.2346065044403076
232 2.2821075916290283
233 0.8595346212387085
234 2.3008010387420654
235 2.9621636867523193
236 1.3174333572387695
237 1.809687614440918
238 1.728965163230896
239 1.0644618272781372
240 2.004236936569214
241 2.510056972503662
242 1.4582639932632446
243 1.9287006855010986
244 2.3580546379089355
245 2.758228302001953
246 1.2025847434997559
247 2.262512445449829
248 1.8214951753616333
249 0.6573199033737183
250 2.4412155151367188
251 2.1860098838806152
252 2.9428770542144775
253 1.2953075170516968
254 1.7025319337844849
255 2.8020260334014893
256 1.4561493396759033
257 2.8568267822265625
258 2.683645486831665
259 1.2860743999481201
260 0.5817607641220093
261 2.261725664138794
262 2.3997716903686523
263 2.707904815673828
264 1.8513996601104736
265 1.0419611930847168
266 1.3163617849349976
267 1.3726060390472412
268 1.8883016109466553
269 2.8685686588287354
270 2.4588828086853027
271 1.7152897119522095
272 1.2126530408859253
273 3.164304256439209
274 1.7403148412704468
275 2.716921091079712
276 2.2000784873962402
277 3.0562710762023926
278 2.4213616847991943
279 2.1157097816467285
280 1.7590022087097168
281 1.409185528755188
282 0.9953412413597107
283 2.075361728668213
284 3.111747980117798
285 2.1775217056274414
286 0.8742491006851196
287 2.0863771438598633
288 0.8696394562721252
289 2.5560367107391357
290 1.4887473583221436
291 0.8993755578994751
292 1.9332730770111084
293 0.942494809627533
294 0.7468880414962769
295 1.993990182876587
296 1.5342533588409424
297 1.1372531652450562
298 1.9472534656524658
299 1.3149057626724243
300 1.7433196306228638
301 1.2187716960906982
302 2.0249154567718506
303 2.089017629623413
304 2.4387166500091553
305 1.6100178956985474
306 1.3903766870498657
307 2.465012788772583
308 2.2174649238586426
309 1.4665690660476685
310 2.3903021812438965
311 2.176514148712158
312 1.0881767272949219
313 2.06925892829895
314 1.1016813516616821
315 1.90537691116333
316 1.477697491645813
317 1.6259821653366089
318 1.6733120679855347
319 1.436772108078003
320 1.1410133838653564
321 1.9099358320236206
322 2.733543634414673
323 2.157597064971924
324 1.9246827363967896
325 2.287771463394165
326 2.8541665077209473
327 2.0515308380126953
328 1.7880916595458984
329 2.236232280731201
330 1.807633876800537
331 1.3191568851470947
332 1.4683475494384766
333 1.6617627143859863
334 1.5882954597473145
335 1.2894161939620972
336 1.258979082107544
337 1.2697471380233765
338 2.9549670219421387
339 1.4480974674224854
340 1.533546805381775
341 1.0086157321929932
342 1.1976350545883179
343 1.1859931945800781
344 1.159635066986084
345 1.1448427438735962
346 1.775835394859314
347 2.7032573223114014
348 2.234036445617676
349 1.4823940992355347
350 1.9655532836914062
351 2.2356276512145996
352 0.9456950426101685
353 1.770678162574768
354 1.9947705268859863
355 1.743674874305725
356 0.542350172996521
357 3.0364480018615723
358 1.4787019491195679
359 2.6636335849761963
360 1.017801284790039
361 1.2461016178131104
362 2.10312557220459
363 2.126448154449463
364 1.7078343629837036
365 2.3435754776000977
366 1.8094373941421509
367 2.3258206844329834
368 2.37144136428833
369 1.4766385555267334
370 1.5348188877105713
371 1.5033574104309082
372 1.3238754272460938
373 2.214064836502075
374 0.9214590787887573
375 1.4977420568466187
376 1.6478294134140015
377 0.5753507018089294
378 2.131103992462158
379 1.4751458168029785
380 0.7486332654953003
381 2.0785741806030273
382 1.3471393585205078
383 2.544767141342163
384 2.181288957595825
385 1.6754521131515503
386 2.1200978755950928
387 2.199157476425171
388 2.634586811065674
389 1.0034143924713135
390 1.772332787513733
391 2.3835647106170654
392 1.6941758394241333
393 1.3795478343963623
394 2.2014031410217285
395 1.4932379722595215
396 1.884116530418396
397 1.9545180797576904
398 2.7078771591186523
399 2.470651626586914
400 2.9171624183654785
401 0.7911971211433411
402 3.058063268661499
403 2.0889930725097656
404 1.5838888883590698
405 2.7171690464019775
406 1.3756641149520874
407 1.3437201976776123
408 1.6098140478134155
409 2.58499813079834
410 2.2338929176330566
411 0.902096152305603
412 2.0289952754974365
413 2.1001505851745605
414 1.702810287475586
415 1.3848559856414795
416 2.5124640464782715
417 1.5230792760849
418 1.7400248050689697
419 0.9931527972221375
420 1.265519618988037
421 1.3487666845321655
422 1.6558856964111328
423 1.574644923210144
424 1.0141981840133667
425 1.967329502105713
426 1.2551047801971436
427 2.304309129714966
428 1.7291579246520996
429 1.6343554258346558
430 1.0705872774124146
431 2.726125717163086
432 1.2454839944839478
433 3.458864212036133
434 0.9886088371276855
435 2.1536595821380615
436 2.061098337173462
437 1.7142430543899536
438 1.4412870407104492
439 2.950976848602295
440 1.6213817596435547
441 2.176178455352783
442 1.7112809419631958
443 1.1393928527832031
444 2.19189190864563
445 1.6550908088684082
446 2.5206689834594727
447 1.485047698020935
448 2.6185860633850098
449 1.7236006259918213
450 1.5185459852218628
451 2.1923105716705322
452 3.1018736362457275
453 1.1422677040100098
454 1.9979698657989502
455 2.360912799835205
456 1.9980697631835938
457 1.3015915155410767
458 1.4976969957351685
459 1.867565631866455
460 1.315153956413269
461 2.4690513610839844
462 0.6322887539863586
463 1.2344058752059937
464 1.6290862560272217
465 1.744147539138794
466 0.9750134348869324
467 0.866777777671814
468 1.4461437463760376
469 1.9194875955581665
470 1.8942750692367554
471 2.287576675415039
472 2.905602216720581
473 0.6648432016372681
474 1.7983076572418213
475 1.3572328090667725
476 1.8933793306350708
477 2.015824556350708
478 2.241910457611084
479 2.677002191543579
480 2.333498954772949
481 1.602829933166504
482 1.5774211883544922
483 1.3031907081604004
484 1.29439377784729
485 1.885216236114502
486 0.7264942526817322
487 1.7404543161392212
488 2.3407490253448486
489 2.3951163291931152
490 0.8851441144943237
491 1.11860191822052
492 1.0503157377243042
493 2.855436325073242
494 1.0946897268295288
495 3.1989474296569824
496 1.536326289176941
497 0.8173673748970032
498 1.279141902923584
499 2.017430305480957
500 2.6043097972869873
501 1.6805150508880615
502 2.03635311126709
503 2.5739383697509766
504 1.1366612911224365
505 1.4499804973602295
506 1.6053763628005981
507 1.3452924489974976
508 1.1127564907073975
509 1.0146088600158691
510 1.3660494089126587
511 1.952298641204834
512 1.8691097497940063
513 1.697232961654663
514 1.4840375185012817
515 1.4659045934677124
516 1.3960354328155518
517 1.618057131767273
518 2.0215747356414795
519 2.314065933227539
520 0.9447629451751709
521 2.1828982830047607
522 1.6944206953048706
523 2.1501924991607666
524 1.0586365461349487
525 1.1349347829818726
526 1.2637360095977783
527 1.3273248672485352
528 2.3559114933013916
529 1.0128036737442017
530 1.0100269317626953
531 1.445867657661438
532 1.4559485912322998
533 1.960906982421875
534 1.2688490152359009
535 1.6588510274887085
536 1.425611138343811
537 2.370548963546753
538 1.1400688886642456
539 0.9140533208847046
540 1.224677324295044
541 1.58763587474823
542 1.7710976600646973
543 2.007016897201538
544 1.507153034210205
545 1.2450318336486816
546 1.850779414176941
547 1.387752890586853
548 1.15704345703125
549 2.1913535594940186
550 1.8578569889068604
551 1.7014890909194946
552 2.438600778579712
553 1.0452632904052734
554 1.4692836999893188
555 1.5729122161865234
556 1.872451901435852
557 2.7980308532714844
558 1.4399733543395996
559 1.195620059967041
560 1.9473248720169067
561 2.040447473526001
562 1.9117343425750732
563 2.4161856174468994
564 2.5872416496276855
565 1.2366987466812134
566 1.5376687049865723
567 1.8843621015548706
568 3.0210142135620117
569 2.4617135524749756
570 1.6546258926391602
571 1.9780683517456055
572 1.5930992364883423
573 1.7090988159179688
574 2.151304006576538
575 1.4894118309020996
576 1.4843206405639648
577 1.7654026746749878
578 2.4687700271606445
579 1.5157091617584229
580 1.483581781387329
581 1.3876733779907227
582 1.5197750329971313
583 1.4202591180801392
584 1.6416302919387817
585 1.170519471168518
586 1.735300898551941
587 1.1619558334350586
588 1.557511329650879
589 0.9652663469314575
590 1.6719504594802856
591 1.573559045791626
592 1.327582836151123
593 0.7953288555145264
594 1.438477635383606
595 2.2234086990356445
596 2.4285857677459717
597 1.7959551811218262
598 1.184564232826233
599 0.9689421057701111
600 2.7568893432617188
601 2.163007974624634
602 1.403625249862671
603 2.0448827743530273
604 2.203845500946045
605 2.067704677581787
606 1.7235467433929443
607 2.182605743408203
608 1.9041736125946045
609 2.248548746109009
610 1.040081262588501
611 1.0647528171539307
612 1.7509862184524536
613 1.6281872987747192
614 2.315782308578491
615 1.065895676612854
616 1.9738606214523315
617 2.1260035037994385
618 1.134275197982788
619 0.6679326295852661
620 1.6111838817596436
621 1.6588852405548096
622 2.8243303298950195
623 2.067288398742676
624 2.4626078605651855
625 1.794456958770752
626 0.7776248455047607
627 1.4797766208648682
628 2.453761577606201
629 2.078700542449951
630 1.0227476358413696
631 1.0582681894302368
632 2.1932079792022705
633 1.347275972366333
634 1.315624475479126
635 1.1291275024414062
636 3.0040664672851562
637 1.183457374572754
638 1.9352470636367798
639 1.757494330406189
640 1.2826236486434937
641 0.6650589108467102
642 0.43406063318252563
643 1.1333987712860107
644 1.085115671157837
645 1.3729461431503296
646 0.672187089920044
647 1.3061126470565796
648 1.4899840354919434
649 1.8328282833099365
650 2.2081453800201416
651 0.8694047927856445
652 1.2685014009475708
653 1.5906691551208496
654 1.3656243085861206
655 1.650557518005371
656 0.8553828001022339
657 0.9969825744628906
658 1.7292615175247192
659 2.1967294216156006
660 1.247979998588562
661 0.6805236339569092
662 1.116641640663147
663 1.7939095497131348
664 1.8821702003479004
665 1.98162841796875
666 1.337362289428711
667 1.8053029775619507
668 0.8984866738319397
669 0.7294884920120239
670 0.770090639591217
671 1.9462343454360962
672 1.8145395517349243
673 1.2041288614273071
674 0.7729284763336182
675 0.4410434067249298
676 1.7767753601074219
677 1.2829710245132446
678 2.4322965145111084
679 1.5237709283828735
680 2.0177555084228516
681 2.0218091011047363
682 0.8588134050369263
683 1.4227699041366577
684 1.3257442712783813
685 1.361222743988037
686 1.2899415493011475
687 1.5612475872039795
688 2.674497127532959
689 1.3915669918060303
690 1.118669867515564
691 1.7895760536193848
692 2.1691577434539795
693 1.4776510000228882
694 2.558250904083252
695 1.1878447532653809
696 0.9521580934524536
697 1.4320019483566284
698 1.974085807800293
699 0.8678199052810669
700 3.04788875579834
701 1.8292992115020752
702 2.7989959716796875
703 1.5686017274856567
704 2.0031180381774902
705 1.6117734909057617
706 1.054192066192627
707 2.732451915740967
708 2.054171085357666
709 0.742679238319397
710 1.7543777227401733
711 2.548794984817505
712 0.7694655060768127
713 1.8315269947052002
714 1.8543846607208252
715 1.1779563426971436
716 0.8355584144592285
717 2.208641529083252
718 1.106873869895935
719 1.062599778175354
720 1.284947395324707
721 1.335028886795044
722 2.144663095474243
723 1.211258888244629
724 1.871145248413086
725 1.7795172929763794
726 0.9647848606109619
727 1.352845311164856
728 0.7941861152648926
729 2.237880229949951
730 1.0647286176681519
731 1.069027304649353
732 1.5752928256988525
733 1.1406517028808594
734 2.1718921661376953
735 2.1345181465148926
736 2.0256507396698
737 2.1431424617767334
738 1.0576657056808472
739 1.6064435243606567
740 1.849635124206543
741 1.4809290170669556
742 1.544724941253662
743 2.158129930496216
744 1.0282610654830933
745 1.4215561151504517
746 2.3877604007720947
747 1.3138238191604614
748 1.371738076210022
749 1.0119601488113403
750 1.542067289352417
751 2.062087297439575
752 0.8416025042533875
753 0.7795135378837585
754 1.1667122840881348
755 1.9725158214569092
756 3.1528351306915283
757 2.0439045429229736
758 1.254621982574463
759 1.2032670974731445
760 1.6324820518493652
761 2.024160385131836
762 1.2075828313827515
763 1.8073009252548218
764 2.3796348571777344
765 1.5150659084320068
766 1.0081394910812378
767 1.1093381643295288
768 1.3432767391204834
769 1.409743309020996
770 1.4717836380004883
771 1.0420430898666382
772 1.9898196458816528
773 1.1078503131866455
774 1.3898919820785522
775 1.8811607360839844
776 2.940034866333008
777 1.1638288497924805
778 2.0744242668151855
779 1.4691627025604248
780 1.7572252750396729
781 1.8358442783355713
782 1.8838682174682617
783 1.6033127307891846
784 2.5162482261657715
785 1.0980429649353027
786 1.461101770401001
787 1.8837798833847046
788 2.159247875213623
789 0.6650536060333252
790 2.4838240146636963
791 1.6836687326431274
792 2.129213571548462
793 0.9985464215278625
794 1.109279751777649
795 1.8050432205200195
796 2.1995599269866943
797 2.125469446182251
798 1.8056365251541138
799 1.6633896827697754
800 1.504365086555481
801 1.5483968257904053
802 0.5149316787719727
803 2.3723807334899902
804 1.426056146621704
805 2.0576024055480957
806 1.839759349822998
807 1.2833609580993652
808 1.2441203594207764
809 1.6061434745788574
810 2.1447410583496094
811 1.084802269935608
812 1.893174171447754
813 2.514742851257324
814 0.868039071559906
815 1.7052810192108154
816 0.6491349339485168
817 1.571873664855957
818 1.7441582679748535
819 1.0059338808059692
820 1.7966742515563965
821 2.1472818851470947
822 1.3748266696929932
823 0.8485445976257324
824 1.9485256671905518
825 1.769295573234558
826 1.3946201801300049
827 1.0514801740646362
828 0.8956750631332397
829 2.0426340103149414
830 1.905426263809204
831 1.2666949033737183
832 1.6948184967041016
833 2.262037515640259
834 1.3635754585266113
835 2.207839012145996
836 1.987173318862915
837 1.21920645236969
838 1.6710771322250366
839 1.355901837348938
840 0.5321973562240601
841 1.2495973110198975
842 1.2085117101669312
843 1.824316143989563
844 1.3316709995269775
845 1.6334218978881836
846 1.5971195697784424
847 3.0492093563079834
848 1.9520121812820435
849 1.1123396158218384
850 1.2284661531448364
851 1.2176653146743774
852 1.7614412307739258
853 1.5667191743850708
854 1.3510818481445312
855 2.189282178878784
856 1.7672581672668457
857 1.3177485466003418
858 1.4602890014648438
859 2.5486209392547607
860 1.8254643678665161
861 2.207892417907715
862 2.2929224967956543
863 2.577411651611328
864 1.8863238096237183
865 2.2627034187316895
866 1.3241349458694458
867 1.5717995166778564
868 1.815179467201233
869 1.4587332010269165
870 1.3852308988571167
871 1.9297915697097778
872 1.6563799381256104
873 1.9746861457824707
874 1.7548506259918213
875 2.301478385925293
876 1.8151886463165283
877 1.6034940481185913
878 1.8716416358947754
879 1.7592170238494873
880 2.0808212757110596
881 1.373985767364502
882 1.215635061264038
883 1.3328897953033447
884 2.4915361404418945
885 1.5778555870056152
886 0.985393762588501
887 1.4997738599777222
888 0.611606776714325
889 1.5716577768325806
890 1.972930669784546
891 1.9347254037857056
892 1.3571001291275024
893 1.205469012260437
894 2.473644256591797
895 2.0890114307403564
896 2.113511800765991
897 1.9231066703796387
898 1.6633974313735962
899 1.6834434270858765
900 1.9694923162460327
901 1.7685610055923462
902 2.190274238586426
903 2.616651773452759
904 1.9242432117462158
905 0.784010112285614
906 1.5043039321899414
907 2.0987772941589355
908 1.4862746000289917
909 1.744985818862915
910 1.0835808515548706
911 1.8582826852798462
912 2.130652904510498
913 1.6327401399612427
914 2.084395408630371
915 1.2408339977264404
916 1.8969963788986206
917 1.1815881729125977
918 1.8142571449279785
919 1.3530197143554688
920 1.6638164520263672
921 1.664982557296753
922 2.1316778659820557
923 1.8727965354919434
924 2.009735107421875
925 2.2880609035491943
926 0.6408270001411438
927 0.5632544159889221
928 2.1267220973968506
929 2.4121997356414795
930 2.2810218334198
931 1.8236767053604126
932 1.8208503723144531
933 1.4176385402679443
934 2.2922496795654297
935 1.566133737564087
936 0.6812594532966614
937 2.01473069190979
938 1.5196737051010132
939 1.456390619277954
940 1.7823758125305176
941 2.163201332092285
942 1.4708061218261719
943 1.2777459621429443
944 0.7819664478302002
945 2.1964356899261475
946 1.6920719146728516
947 1.903338074684143
948 2.3209331035614014
949 1.432314157485962
950 1.9587498903274536
951 0.356524258852005
952 1.1525976657867432
953 1.5738776922225952
954 2.510418176651001
955 1.37386155128479
956 1.3585857152938843
957 1.5897570848464966
958 1.1133754253387451
959 1.0918371677398682
960 2.049744129180908
961 1.3846431970596313
962 1.597880482673645
963 1.608774185180664
964 0.614367663860321
965 1.0052423477172852
966 1.0733944177627563
967 1.6690336465835571
968 1.0104234218597412
969 1.0259559154510498
970 1.5005555152893066
971 1.8629333972930908
972 1.675622820854187
973 0.4779766798019409
974 1.3566195964813232
975 1.64324951171875
976 2.004302978515625
977 1.6615797281265259
978 2.054624319076538
979 1.5364009141921997
980 2.4109983444213867
981 0.6627305150032043
982 1.3939907550811768
983 1.5671772956848145
984 1.5240215063095093
985 1.531922459602356
986 2.595308303833008
987 0.9059701561927795
988 1.0990709066390991
989 2.0557844638824463
990 1.180601954460144
991 1.209196925163269
992 1.7783944606781006
993 0.7809877991676331
994 1.7644258737564087
995 1.3221355676651
996 1.4271308183670044
997 1.7124559879302979
998 1.7769970893859863
999 1.338075876235962
