0 5.456578254699707
1 2.3062353134155273
2 2.553994655609131
3 1.8379275798797607
4 2.7209978103637695
5 0.6672293543815613
6 0.5684205293655396
7 0.3604145646095276
8 0.09652280807495117
9 0.03081655502319336
10 0.025322362780570984
11 0.020999843254685402
12 0.008831989020109177
13 0.007385709788650274
14 0.006368089001625776
15 0.004918453749269247
16 0.0028791825752705336
17 0.0027173911221325397
18 0.0013700972776859999
19 0.001414778525941074
20 0.000851043441798538
21 0.0008183794561773539
22 0.0005519131082110107
23 0.00033246309612877667
24 0.0003317224036436528
25 0.0001458166807424277
26 0.0001678559638094157
27 0.00013553566532209516
28 0.00016323292220477015
29 0.00020603634766303003
30 0.0001484178501414135
31 0.00013638712698593736
32 0.00011308632383588701
33 0.00017395902250427753
34 0.00015411600179504603
35 8.934835932450369e-05
36 6.07781985308975e-05
37 6.749098974978551e-05
38 7.024312799330801e-05
39 7.189039752120152e-05
40 0.00013272561773192137
41 0.0001352086110273376
42 7.758416177239269e-05
43 0.00011584151798160747
44 0.00012117077130824327
45 0.00011212837125640363
46 7.820227619959041e-05
47 0.00015103918849490583
48 5.947040335740894e-05
49 0.00011071402695961297
50 8.417108620051295e-05
51 7.951469888212159e-05
52 3.2837942853802815e-05
53 6.141309131635353e-05
54 8.271752449218184e-05
55 5.744989539380185e-05
56 8.572019578423351e-05
57 6.52987218927592e-05
58 4.999849625164643e-05
59 4.1421648347750306e-05
60 6.36913682683371e-05
61 2.406912244623527e-05
62 4.4989981688559055e-05
63 6.543135532410815e-05
64 4.076767436345108e-05
65 3.570063199731521e-05
66 3.0302739105536602e-05
67 4.7411114792339504e-05
68 2.252668491564691e-05
69 5.23416674695909e-05
70 4.166875805822201e-05
71 2.782283627311699e-05
72 5.381959635997191e-05
73 3.39030048053246e-05
74 4.9876914999913424e-05
75 2.47396164922975e-05
76 4.9992508138529956e-05
77 4.4939821236766875e-05
78 4.866211747867055e-05
79 2.8340671633486636e-05
80 2.585537549748551e-05
81 3.787072273553349e-05
82 3.850446591968648e-05
83 2.839293119905051e-05
84 3.195019598933868e-05
85 2.0661032976931892e-05
86 1.731317570374813e-05
87 1.683655682427343e-05
88 2.026732181548141e-05
89 1.2377016901155002e-05
90 1.4640034351032227e-05
91 2.9249205908854492e-05
92 2.0127277821302414e-05
93 4.664541847887449e-05
94 2.3092839910532348e-05
95 1.64876564667793e-05
96 2.858272273442708e-05
97 3.9514274249086156e-05
98 2.5748289772309363e-05
99 3.707529685925692e-05
100 1.9965897081419826e-05
101 1.4078231288294774e-05
102 1.4839504729025066e-05
103 1.5790581528563052e-05
104 2.4345299607375637e-05
105 2.5219429517164826e-05
106 2.1575997379841283e-05
107 3.312086482765153e-05
108 2.7321908419253305e-05
109 8.145819265337195e-06
110 1.945464828168042e-05
111 1.9991950466646813e-05
112 1.6561134543735534e-05
113 2.772405423456803e-05
114 1.9741421056096442e-05
115 2.0819064957322553e-05
116 3.8398560718633235e-05
117 1.616614099475555e-05
118 7.978766916494351e-06
119 4.513220119406469e-06
120 1.2023480849165935e-05
121 3.323431883472949e-05
122 1.8678101696423255e-05
123 8.222807991842274e-06
124 2.322651562280953e-05
125 1.936347507580649e-05
126 1.3194532584748231e-05
127 1.315685312874848e-05
128 2.8009480956825428e-05
129 1.723976129142102e-05
130 3.504714914015494e-05
131 5.624410187010653e-05
132 3.653717794804834e-05
133 8.527525642421097e-05
134 0.00014895819185767323
135 5.7645145716378465e-05
136 4.3232717871433124e-05
137 2.0497329387580976e-05
138 2.701003904803656e-05
139 3.551606278051622e-05
140 2.677567863429431e-05
141 2.4971324819489382e-05
142 3.28041787724942e-05
143 2.1711213776143268e-05
144 2.7627411327557638e-05
145 4.489357161219232e-05
146 2.1239426132524386e-05
147 3.4325352316955104e-05
148 2.745186247921083e-05
149 2.784604293992743e-05
150 3.179899067617953e-05
151 1.6464487998746336e-05
152 1.2697428246610798e-05
153 5.9757485360023566e-06
154 2.100019082718063e-05
155 1.6671896446496248e-05
156 4.0812923543853685e-05
157 2.434439375065267e-05
158 1.5356290532508865e-05
159 2.5453475245740265e-05
160 2.97481437883107e-05
161 1.2198719559819438e-05
162 2.092226714012213e-05
163 3.759169703698717e-05
164 9.25779477256583e-06
165 1.8612850908539258e-05
166 1.5750363672850654e-05
167 2.1153087800485082e-05
168 1.3743388990405947e-05
169 2.4865892555681057e-05
170 2.3097753000911325e-05
171 1.606806654308457e-05
172 1.7561762433615513e-05
173 9.697538189357147e-06
174 3.57019089278765e-05
175 5.3104489779798314e-05
176 4.187386002740823e-05
177 0.0008149444474838674
178 0.00556039297953248
179 0.0027937472332268953
180 0.00018955286941491067
181 0.00023839370987843722
182 0.00041331828106194735
183 0.00028523511718958616
184 0.000246605952270329
185 0.0005515963421203196
186 0.00017233853577636182
187 4.4617652747547254e-05
188 8.542914292775095e-05
189 4.1994200728368014e-05
190 7.756301783956587e-05
191 9.662400771048851e-06
192 4.287376214051619e-05
193 1.1038642696803436e-05
194 1.8232944057672285e-05
195 3.696151543408632e-05
196 3.243974060751498e-05
197 2.1889163690502755e-05
198 3.199521597707644e-05
199 2.3301312467083335e-05
200 2.756347748800181e-05
201 1.1107856153103057e-05
202 5.6621802286827005e-06
203 1.9166469428455457e-05
204 2.287097231601365e-05
205 7.287509652087465e-05
206 0.002963910112157464
207 0.0011768859112635255
208 0.0006970390677452087
209 0.000491397746372968
210 0.000323792191920802
211 6.58220742479898e-05
212 2.655151729413774e-05
213 4.9769398174248636e-05
214 6.355309596983716e-05
215 1.8830989574780688e-05
216 7.2736243055260275e-06
217 1.9825911294901744e-05
218 5.913030690862797e-05
219 3.3745247492333874e-05
220 9.364011202706024e-05
221 1.3985670193505939e-05
222 7.838963210815564e-05
223 2.9330003599170595e-05
224 1.3483261682267766e-05
225 0.0014931490877643228
226 0.00025242025731131434
227 0.0013294229283928871
228 0.01809156872332096
229 0.02443743497133255
230 0.0026863222010433674
231 0.17623089253902435
232 0.04682690650224686
233 0.058163706213235855
234 0.006456455681473017
235 0.005284398328512907
236 0.0010625903960317373
237 0.001187412068247795
238 0.0012105717323720455
239 7.76205924921669e-05
240 0.00022000263561494648
241 0.00021867905161343515
242 0.0005187125061638653
243 7.634802022948861e-05
244 0.00017939484678208828
245 7.854409341234714e-05
246 4.761775198858231e-05
247 3.24947432090994e-05
248 3.581633427529596e-05
249 7.482492219423875e-05
250 2.2334699679049663e-05
251 6.433270027628168e-05
252 7.756793638691306e-05
253 3.6082503356738016e-05
254 2.597744060039986e-05
255 1.8988588635693304e-05
256 4.0246079151984304e-05
257 3.2942654797807336e-05
258 3.048216058232356e-05
259 3.0022718419786543e-05
260 2.2095555323176086e-05
261 3.346581070218235e-05
262 2.102724465657957e-05
263 2.405077793810051e-05
264 2.43501544900937e-05
265 2.1281066437950358e-05
266 2.4769449737505056e-05
267 1.3745053365710191e-05
268 1.0823903721757233e-05
269 1.039650942402659e-05
270 2.386508640483953e-05
271 1.617464658920653e-05
272 1.800700556486845e-05
273 9.945702913682908e-06
274 5.097669600218069e-06
275 1.0786067832668778e-05
276 1.123019501392264e-05
277 1.3359085642150603e-05
278 1.1105573321401607e-05
279 8.392671588808298e-06
280 1.2356960723991506e-05
281 7.910001841082703e-06
282 6.972395567572676e-06
283 9.357284397992771e-06
284 1.53258370119147e-05
285 1.1602748600125778e-05
286 9.182083886116743e-06
287 1.5594045180478133e-05
288 7.521014595113229e-06
289 7.3151550168404356e-06
290 1.0899230801442172e-05
291 1.6136424164869823e-05
292 1.9326040273881517e-05
293 1.719976899039466e-05
294 2.0302963093854487e-05
295 1.3286859029904008e-05
296 1.5313780750148e-05
297 1.8277152776136063e-05
298 2.2962010916671716e-05
299 2.0541516278171912e-05
300 3.6146364436717704e-05
301 1.736084232106805e-05
302 1.0249608749290928e-05
303 9.546831279294565e-06
304 1.2014384083158802e-05
305 2.6304249331587926e-05
306 1.7741160263540223e-05
307 2.220477290393319e-05
308 2.2319309209706262e-05
309 2.6285715648555197e-05
310 1.3435280379781034e-05
311 2.0074423446203582e-05
312 5.874301859876141e-05
313 0.0018068903591483831
314 0.0003037707938347012
315 0.012888304889202118
316 0.007616324815899134
317 0.01317382138222456
318 0.0014192226808518171
319 0.002770148916170001
320 0.006028384435921907
321 0.0016694184159860015
322 0.0007279328419826925
323 0.0017329059774056077
324 0.0012563465861603618
325 0.0010974968317896128
326 0.001178194535896182
327 0.00187761674169451
328 0.0004336143028922379
329 0.00025989350979216397
330 0.00010625720460666344
331 0.0019229939207434654
332 0.001272083492949605
333 0.0003558864409569651
334 0.002142534125596285
335 0.0017638072604313493
336 0.00015821926353964955
337 0.0034881222527474165
338 0.0018627212848514318
339 0.0034119198098778725
340 0.015772303566336632
341 0.012950451113283634
342 0.025396352633833885
343 0.007583232596516609
344 0.00030106876511126757
345 0.0004467515100259334
346 0.0006473047542385757
347 6.278319779084995e-05
348 5.0425085646566004e-05
349 3.6214551073499024e-05
350 2.2042850105208345e-05
351 9.427130862604827e-06
352 6.781132833566517e-05
353 2.5897257728502154e-05
354 6.441472214646637e-05
355 0.0001208211833727546
356 4.221803101245314e-05
357 0.00016408346709795296
358 0.0001224506413564086
359 8.39763815747574e-05
360 3.723323970916681e-05
361 7.184345304267481e-05
362 7.253710646182299e-05
363 3.829474007943645e-05
364 3.8094993215054274e-05
365 1.15983993964619e-05
366 0.0002246977383038029
367 0.00016229978064075112
368 0.00027079074061475694
369 7.608307350892574e-05
370 0.00020963448332622647
371 0.00028877309523522854
372 0.0012408227194100618
373 0.0017536742379888892
374 0.001830059802159667
375 0.004059328231960535
376 0.05066343769431114
377 0.00595993734896183
378 0.0030721942894160748
379 0.0026849114801734686
380 0.0015987505903467536
381 0.0017816392937675118
382 0.000490214501041919
383 0.0005617872229777277
384 0.00021347816800698638
385 0.0001454805606044829
386 6.958576705073938e-05
387 0.00011514918151078746
388 8.209580119000748e-05
389 4.9659371143206954e-05
390 0.0007149469456635416
391 0.0001516776974312961
392 0.00021515849221032113
393 0.0001571262691868469
394 8.57769773574546e-05
395 0.00027651104028336704
396 0.00020765778026543558
397 9.1685084044002e-05
398 2.385734478593804e-05
399 3.2866049878066406e-05
400 3.4859061997849494e-05
401 2.3518594389315695e-05
402 2.9990207622176968e-05
403 3.978116001235321e-05
404 2.922019484685734e-05
405 5.378435889724642e-05
406 3.731624747160822e-05
407 2.5574730898370035e-05
408 2.68278454313986e-05
409 1.8604914657771587e-05
410 1.5889912901911885e-05
411 2.013310404436197e-05
412 2.6585274099488743e-05
413 1.914421227411367e-05
414 1.1529420589795336e-05
415 1.0578021829132922e-05
416 1.5150593753787689e-05
417 1.277981027669739e-05
418 4.0199884097091854e-05
419 2.9621221983688883e-05
420 2.7889691409654915e-05
421 1.911259096232243e-05
422 2.2616126443608664e-05
423 4.37172238889616e-05
424 0.00016069525736384094
425 0.00016683878493495286
426 0.000587856862694025
427 0.0007607631268911064
428 0.00017153678345493972
429 6.793710053898394e-05
430 0.00011886825086548924
431 0.00011680227180477232
432 7.341582386288792e-05
433 8.243575575761497e-05
434 5.7041710533667356e-05
435 0.00010627169103827327
436 2.981399666168727e-05
437 1.079448702512309e-05
438 2.538674743846059e-05
439 1.9145421902067028e-05
440 1.83355496119475e-05
441 1.1221944987482857e-05
442 6.723179012624314e-06
443 1.646331475058105e-05
444 6.900238076923415e-05
445 5.194493860471994e-05
446 0.00014908204320818186
447 0.0003211288421880454
448 0.00013514046440832317
449 0.0003541061596479267
450 0.00013784176553599536
451 0.00029523743432946503
452 0.00021848340111318976
453 0.00019128888379782438
454 1.781691207725089e-05
455 2.555552237026859e-05
456 2.228458833997138e-05
457 1.5702547898399644e-05
458 1.797039840312209e-05
459 1.932306622620672e-05
460 6.451177341659786e-06
461 1.0055908205686137e-05
462 9.666387995821424e-06
463 1.0939157618850004e-05
464 1.3118172319082078e-05
465 2.5789504434214905e-06
466 2.5259252652176656e-05
467 1.8043485397356562e-05
468 4.082332452526316e-05
469 3.508731606416404e-05
470 2.0669082005042583e-05
471 4.93027655465994e-05
472 1.3959120224171784e-05
473 1.371448888676241e-05
474 1.305832847720012e-05
475 5.2624413910962176e-06
476 7.231068593682721e-06
477 2.685109939193353e-05
478 1.4521489902108442e-05
479 2.633536496432498e-05
480 8.574284584028646e-05
481 3.866683255182579e-05
482 2.2623487893724814e-05
483 1.5166302546276711e-05
484 2.2251831978792325e-05
485 1.304104534938233e-05
486 2.765904901025351e-05
487 7.94255975051783e-05
488 5.109623816679232e-05
489 2.9190076020313427e-05
490 5.687149678124115e-05
491 0.00012653176963794976
492 0.0002549010678194463
493 0.00014657896826975048
494 0.00026521156542003155
495 0.00016538749332539737
496 0.0007984526455402374
497 0.00040179930510930717
498 0.0009612651774659753
499 0.002130375010892749
500 0.0010499402415007353
501 0.000489488709717989
502 0.00011622296733548865
503 0.00010423584171803668
504 0.00011057530355174094
505 0.00023801792121957988
506 6.074166594771668e-05
507 0.000208312674658373
508 6.982464401517063e-05
509 7.92400969658047e-05
510 1.9481167328194715e-05
511 5.614234760287218e-05
512 4.0491780964657664e-05
513 4.593285848386586e-05
514 0.00010672632924979553
515 9.476834384258837e-05
516 0.00010480668424861506
517 8.611960947746411e-05
518 3.44177897204645e-05
519 7.98370674601756e-05
520 3.5122677218168974e-05
521 6.82680620229803e-05
522 0.0003149481490254402
523 0.0006950867245905101
524 0.00010263980220770463
525 0.00015085199265740812
526 0.0006023347959853709
527 0.0006304639973677695
528 0.011936516501009464
529 0.320797860622406
530 0.2356211096048355
531 0.06166548654437065
532 0.015279262326657772
533 0.026023829355835915
534 0.017589600756764412
535 0.004850861616432667
536 0.0006822443101555109
537 0.0007124903495423496
538 0.0002549591881688684
539 0.00018026125326287001
540 0.00011985651508439332
541 5.692752529284917e-05
542 0.00013256040983833373
543 8.643540786579251e-05
544 6.654401659034193e-05
545 5.865634011570364e-05
546 7.40390969440341e-05
547 2.7916932594962418e-05
548 3.75906856788788e-05
549 3.024871512025129e-05
550 3.134620055789128e-05
551 3.900744195561856e-05
552 3.931516039301641e-05
553 3.342546915519051e-05
554 2.0160865460638888e-05
555 5.2511248213704675e-05
556 8.07319229352288e-05
557 0.00015921119484119117
558 3.99521850340534e-05
559 5.6906126701505855e-05
560 2.3072881958796643e-05
561 0.00010710866627050564
562 4.6602981456089765e-05
563 1.4976919374021236e-05
564 2.1527977878577076e-05
565 1.911849176394753e-05
566 1.319032526225783e-05
567 1.2020895155728795e-05
568 1.5908939531072974e-05
569 1.872848952189088e-05
570 2.0622801457648166e-05
571 3.361498238518834e-05
572 2.022619628405664e-05
573 2.3735297872917727e-05
574 1.5854147932259366e-05
575 1.11550734800403e-05
576 1.582393997523468e-05
577 1.971802703337744e-05
578 1.9865581634803675e-05
579 1.3587332432507537e-05
580 1.7781880160328e-05
581 2.6768544557853602e-05
582 2.271547964483034e-05
583 1.4022641153133009e-05
584 1.6944804883678444e-05
585 1.3889121873944532e-05
586 1.907278783619404e-05
587 1.1309283763694111e-05
588 7.733115126029588e-06
589 2.735313137236517e-05
590 2.185074299632106e-05
591 1.0221233424090315e-05
592 2.953245166281704e-05
593 3.766362351598218e-05
594 4.46006961283274e-05
595 6.742084224242717e-05
596 2.530670099076815e-05
597 1.0554502296145074e-05
598 1.2964201232534833e-05
599 1.1491032637422904e-05
600 2.3562557544209994e-05
601 3.415692481212318e-05
602 2.081225102301687e-05
603 1.0236095477011986e-05
604 2.92769109364599e-05
605 1.693894409982022e-05
606 1.007604441838339e-05
607 6.6503844209364615e-06
608 1.32660279632546e-05
609 2.2143138266983442e-05
610 9.668231541581918e-06
611 2.8227914299350232e-05
612 1.5968806110322475e-05
613 3.879964424413629e-05
614 2.2597494535148144e-05
615 2.871658216463402e-05
616 2.7986978238914162e-05
617 1.9743960365303792e-05
618 6.40246071270667e-05
619 0.00015079928562045097
620 3.4489617974031717e-05
621 2.5155357434414327e-05
622 6.899836535012582e-06
623 9.676159606897272e-06
624 1.2697155398200266e-05
625 7.449215627275407e-05
626 8.158081618603319e-05
627 1.3560957995650824e-05
628 7.349256338784471e-05
629 1.780472848622594e-05
630 2.4519535145373084e-05
631 1.5641600839444436e-05
632 2.0662542738136835e-05
633 7.576491952931974e-06
634 6.806412329751765e-06
635 1.1792090845119674e-05
636 1.695807986834552e-05
637 1.818813143472653e-05
638 1.0044886039395351e-05
639 1.7916736396728083e-05
640 1.5554693163721822e-05
641 9.538614904158749e-06
642 1.7924279745784588e-05
643 4.0564507798990235e-05
644 9.999348549172282e-06
645 1.2409838745952584e-05
646 3.197696787538007e-05
647 0.000307699287077412
648 9.907133062370121e-05
649 0.0001353883126284927
650 0.0001383165508741513
651 0.00011494741193018854
652 8.560714195482433e-05
653 0.0001380381581839174
654 6.675141776213422e-05
655 5.022118421038613e-05
656 0.0002708609099499881
657 3.5120800021104515e-05
658 6.771615153411403e-05
659 3.0535284167854115e-05
660 9.419755224371329e-05
661 1.581348988111131e-05
662 2.355971264478285e-05
663 3.190559436916374e-05
664 2.2435309801949188e-05
665 1.9727940525626764e-05
666 2.631532697705552e-05
667 1.1288154382782523e-05
668 2.0719126041512936e-05
669 1.6415753634646535e-05
670 1.3815571037412155e-05
671 1.8275655747856945e-05
672 9.261598279408645e-06
673 0.00010466892126714811
674 0.00013572053285315633
675 0.00010514321184018627
676 4.856575469602831e-05
677 0.00017429426952730864
678 9.236575715476647e-05
679 0.00026191031793132424
680 0.0002740985946729779
681 9.075750131160021e-05
682 6.737849616911262e-05
683 2.886987931560725e-05
684 3.0388990126084536e-05
685 2.9463477403623983e-05
686 3.604759695008397e-05
687 3.2196581742027774e-05
688 3.135243241558783e-05
689 2.321819556527771e-05
690 8.965472807176411e-05
691 4.1040562791749835e-05
692 4.4100430386606604e-05
693 1.5238010746543296e-05
694 3.937551082344726e-05
695 1.0181526704400312e-05
696 2.117340591212269e-05
697 9.254687029169872e-06
698 1.605086617928464e-05
699 9.571868758939672e-06
700 1.1939841897401493e-05
701 8.492851520713884e-06
702 6.526047218358144e-05
703 8.243275260610972e-06
704 1.0606216164887883e-05
705 0.00010811029642354697
706 0.00015704122779425234
707 3.527149965520948e-05
708 2.104598024743609e-05
709 4.214488944853656e-05
710 3.9436257793568075e-05
711 3.741639375220984e-05
712 5.041497206548229e-05
713 4.2892545025097206e-05
714 8.590695506427437e-05
715 0.0004293144738767296
716 0.013667978346347809
717 0.012508620508015156
718 0.0010424541542306542
719 0.0013852168340235949
720 0.0003509851812850684
721 0.0003714150807354599
722 0.00023371280985884368
723 0.00024268445849884301
724 0.002144163940101862
725 0.0006725223502144217
726 0.0006676092161796987
727 0.00012454850366339087
728 0.00020900323579553515
729 0.00040236915810965
730 8.95913690328598e-05
731 8.523819269612432e-05
732 5.259590761852451e-05
733 5.854918708791956e-05
734 0.00012543970660772175
735 3.169864430674352e-05
736 1.7022082829498686e-05
737 3.855175236822106e-05
738 4.777432695846073e-05
739 4.072384035680443e-05
740 1.2542387594294269e-05
741 4.260975765646435e-05
742 0.00014175614342093468
743 5.46878763998393e-05
744 0.0002090528141707182
745 0.0003141771594528109
746 0.000138173796585761
747 0.00018097503925673664
748 1.7928832676261663e-05
749 3.0598592275055125e-05
750 2.2661948605673388e-05
751 3.4828324714908376e-05
752 8.969038754003122e-05
753 5.175243495614268e-05
754 0.0006542522460222244
755 0.0030913264490664005
756 0.002288984600454569
757 0.001717995386570692
758 0.0006151846027933061
759 0.001153783523477614
760 0.003992702811956406
761 0.0012762182159349322
762 0.000749802915379405
763 0.0018298563081771135
764 0.00032055529300123453
765 0.000389553519198671
766 0.0001889505365397781
767 0.0001161078762379475
768 5.233442425378598e-05
769 0.00011782713409047574
770 6.356649100780487e-05
771 0.00013803306501358747
772 4.855975566897541e-05
773 0.0001821718760766089
774 6.136037700343877e-05
775 9.267812856705859e-05
776 5.8242061641067266e-05
777 4.330430238042027e-05
778 5.5771633924450725e-05
779 0.00013056283933110535
780 7.495797763112932e-05
781 0.00011536855163285509
782 8.293003338621929e-05
783 3.089495294261724e-05
784 7.656728121219203e-05
785 7.376401481451467e-05
786 4.26140395575203e-05
787 4.725374310510233e-05
788 8.873357000993565e-05
789 8.25535025796853e-05
790 0.0002553040976636112
791 6.009130083839409e-05
792 5.0211467168992385e-05
793 0.0001444253430236131
794 7.008075044723228e-05
795 2.2423990230890922e-05
796 2.4604538339190185e-05
797 5.97657635807991e-05
798 0.00024925492471084
799 8.689930837135762e-05
800 0.00014982860011514276
801 8.331422577612102e-05
802 0.00027750726439990103
803 0.0003243996179662645
804 0.00024282754748128355
805 7.033635483821854e-05
806 0.0005100534181110561
807 0.0002334801247343421
808 0.003908333368599415
809 0.004434849601238966
810 0.035312458872795105
811 0.005821629893034697
812 0.05774397403001785
813 0.01119832880795002
814 0.005681913811713457
815 0.006322663743048906
816 0.001801671227440238
817 0.002086857333779335
818 0.0007478096522390842
819 0.0003176790487486869
820 0.00010236993693979457
821 7.962953532114625e-05
822 8.845652337186038e-05
823 8.946833258960396e-05
824 0.0001796711585484445
825 0.0001791522663552314
826 5.1289905968587846e-05
827 6.0655325796687976e-05
828 4.390560934552923e-05
829 2.4424343791906722e-05
830 2.3963048079167493e-05
831 2.5430297682760283e-05
832 1.2514792615547776e-05
833 4.5615721319336444e-05
834 3.516139986459166e-05
835 3.246933192713186e-05
836 0.0001085673866327852
837 0.00012491230154410005
838 5.984555173199624e-05
839 5.479059836943634e-05
840 4.191572588752024e-05
841 4.849809920415282e-05
842 3.243551327614114e-05
843 6.749951353413053e-06
844 1.882013020804152e-05
845 1.5319104932132177e-05
846 1.4217122043191921e-05
847 3.18438615067862e-05
848 1.1082114724558778e-05
849 0.0001107207644963637
850 0.00011880493548233062
851 0.0002894905337598175
852 3.59380901500117e-05
853 9.42457772907801e-05
854 8.688584784977138e-05
855 6.132552516646683e-05
856 2.8503669454948977e-05
857 4.504586468101479e-05
858 4.765058838529512e-05
859 0.00025505502708256245
860 0.00010631819168338552
861 1.1096205525973346e-05
862 4.7678717237431556e-05
863 8.537931717000902e-05
864 6.954521086299792e-05
865 3.786409070016816e-05
866 2.915362892963458e-05
867 0.00031082649365998805
868 0.0013641619589179754
869 0.00045438087545335293
870 0.00025437140720896423
871 0.0002606065827421844
872 0.0003693962353281677
873 0.00019390814122743905
874 0.00017121613200288266
875 2.4298258722410537e-05
876 8.713050920050591e-05
877 1.9922077626688406e-05
878 1.1776620340242516e-05
879 2.9978855309309438e-05
880 6.08849004493095e-05
881 8.15791281638667e-05
882 8.942661224864423e-05
883 1.1161011570948176e-05
884 0.00020604651945177466
885 5.283451173454523e-05
886 0.00012612373393494636
887 0.00017260044114664197
888 3.0769504519412294e-05
889 3.495431155897677e-05
890 4.0701004763832316e-05
891 3.559448305168189e-05
892 6.561227928614244e-05
893 3.509479938657023e-05
894 1.7025095075950958e-05
895 8.47715709824115e-05
896 5.804282773169689e-05
897 0.00014398482744581997
898 0.00011632400855887681
899 0.0007212919881567359
900 0.0004468467668630183
901 0.0011775969760492444
902 0.0006494178669527173
903 3.832996662822552e-05
904 3.7086276279296726e-05
905 2.226764991064556e-05
906 2.9624696253449656e-05
907 2.2805010303272866e-05
908 3.415928586036898e-05
909 2.433477493468672e-05
910 3.2615658710710704e-05
911 3.8609061448369175e-05
912 8.426569365838077e-06
913 0.0002273042337037623
914 0.00028095595189370215
915 0.00023368658730760217
916 0.0007180897518992424
917 0.015596864745020866
918 0.01939995586872101
919 0.005297207739204168
920 0.0016442249761894345
921 0.0019407934742048383
922 0.0004596895887516439
923 0.010121338069438934
924 0.00581954512745142
925 0.014175750315189362
926 0.002734692534431815
927 0.00237570540048182
928 0.0006825654418207705
929 0.00056747643975541
930 0.0003963715280406177
931 0.00032258755527436733
932 0.00016217920347116888
933 0.00015235517639666796
934 0.00013300891441758722
935 0.0002707179810386151
936 0.00036930444184690714
937 0.0003352310450281948
938 6.978155579417944e-05
939 6.785184086766094e-05
940 0.0001026814425131306
941 0.0002635522687342018
942 2.7226727979723364e-05
943 8.219642040785402e-05
944 0.00011360162170603871
945 0.0016076881438493729
946 0.0002815315092448145
947 0.00014597713015973568
948 0.0005080542177893221
949 0.00038999191019684076
950 0.0002564125170465559
951 9.518382285023108e-05
952 0.000166846759384498
953 0.00017497933004051447
954 0.0004633725620806217
955 0.000543777656275779
956 0.00013766609481535852
957 0.0001073843304766342
958 0.0004000193439424038
959 0.00011787331459345296
960 0.0003000460856128484
961 0.0004018392937723547
962 8.741230703890324e-05
963 0.00028502935310825706
964 0.000786286371294409
965 0.00014488413580693305
966 0.00020215485710650682
967 0.00021977085270918906
968 0.00011069472384406254
969 6.14994642091915e-05
970 0.0004449598491191864
971 0.00024257444601971656
972 7.878925680415705e-05
973 4.159635864198208e-05
974 8.204638288589194e-05
975 1.8492164599592797e-05
976 2.4280596335302107e-05
977 2.6595580493449233e-05
978 0.00016524162492714822
979 0.0001704548194538802
980 8.656450518174097e-05
981 3.8549369492102414e-05
982 7.382973126368597e-05
983 4.277487096260302e-05
984 0.00019923501531593502
985 7.107444253051654e-05
986 1.719762440188788e-05
987 5.260789112071507e-05
988 2.7219884941587225e-05
989 4.4139345845906064e-05
990 8.904804417397827e-05
991 3.770830517169088e-05
992 7.466051465598866e-05
993 1.8790384274325334e-05
994 1.699325548543129e-05
995 2.4083627067739144e-05
996 2.5104789528995752e-05
997 1.2464212886698078e-05
998 3.431997902225703e-05
999 3.617576294345781e-05
