0 37.013526916503906
1 9.920105934143066
2 3.751744270324707
3 3.4841673374176025
4 8.970373153686523
5 7.226041316986084
6 6.443203449249268
7 4.4366326332092285
8 3.1439785957336426
9 7.741053104400635
10 2.498012065887451
11 3.367213010787964
12 2.8461503982543945
13 1.8600132465362549
14 0.6544876098632812
15 0.1386328935623169
16 0.06827111542224884
17 0.1326335370540619
18 0.05846553295850754
19 0.10613053292036057
20 0.3101135790348053
21 0.5712073445320129
22 0.3894137740135193
23 0.15847910940647125
24 0.056184493005275726
25 0.11601237207651138
26 0.07332552224397659
27 0.0956665426492691
28 0.06261710077524185
29 0.02034011110663414
30 0.014722716994583607
31 0.08949796110391617
32 0.03706793859601021
33 0.10504221171140671
34 0.1760334074497223
35 0.17092783749103546
36 0.33063778281211853
37 0.3432203233242035
38 0.0823356956243515
39 0.09237489849328995
40 0.03669881820678711
41 0.04805105924606323
42 0.046552468091249466
43 0.053297750651836395
44 0.07996389269828796
45 0.05179128795862198
46 0.187590554356575
47 0.11961422115564346
48 0.04512125998735428
49 0.13589277863502502
50 0.08639340847730637
51 0.03021281026303768
52 0.44278469681739807
53 0.1767919957637787
54 0.22131340205669403
55 0.33094021677970886
56 0.9670888185501099
57 1.11295485496521
58 0.3788261115550995
59 0.14941081404685974
60 0.18738923966884613
61 0.7637495994567871
62 1.2408859729766846
63 0.8320831656455994
64 0.37876778841018677
65 0.9816610813140869
66 0.488207072019577
67 0.3522450923919678
68 0.46752920746803284
69 0.28150704503059387
70 0.6905956268310547
71 0.39063650369644165
72 0.2752389907836914
73 0.2711714506149292
74 0.0978337749838829
75 0.24100443720817566
76 0.48049554228782654
77 0.32026541233062744
78 0.18129944801330566
79 0.12217140942811966
80 0.22854658961296082
81 0.6266011595726013
82 0.30208098888397217
83 0.12124898284673691
84 0.8590547442436218
85 0.3226364254951477
86 1.1677438020706177
87 0.4602460563182831
88 0.26923486590385437
89 1.7844901084899902
90 0.673454225063324
91 0.2020760178565979
92 0.8183619379997253
93 0.33425164222717285
94 0.3950539529323578
95 0.12008294463157654
96 0.2959292531013489
97 0.3405309319496155
98 0.47226378321647644
99 0.5712133646011353
100 0.19740210473537445
101 0.3698088824748993
102 0.37838202714920044
103 0.1657068133354187
104 0.2500137388706207
105 0.08552208542823792
106 1.697764277458191
107 0.2931792140007019
108 0.24547024071216583
109 0.1595432460308075
110 0.12160183489322662
111 0.10369884222745895
112 0.1571028083562851
113 1.3908525705337524
114 1.0198886394500732
115 1.240523099899292
116 0.2307000756263733
117 0.8945722579956055
118 0.6293023824691772
119 0.1443537473678589
120 0.4846409261226654
121 1.4548147916793823
122 0.9352990388870239
123 1.4852161407470703
124 3.614802837371826
125 3.3266782760620117
126 0.2722617983818054
127 0.8245192766189575
128 0.05398549884557724
129 0.3094840347766876
130 1.1346144676208496
131 1.906388282775879
132 1.2681336402893066
133 0.3598542809486389
134 0.11751966923475266
135 0.16575942933559418
136 0.1845409870147705
137 0.26107367873191833
138 0.38364917039871216
139 0.3193853497505188
140 0.9028409123420715
141 1.0615878105163574
142 3.5772061347961426
143 0.6195213198661804
144 0.6049299836158752
145 0.6109811067581177
146 0.51030033826828
147 1.2518107891082764
148 0.28529345989227295
149 0.2906775176525116
150 0.10217772424221039
151 0.4853512942790985
152 0.3087465167045593
153 0.9500187635421753
154 0.9323651194572449
155 1.5797686576843262
156 0.4497624337673187
157 0.3959563970565796
158 1.2724913358688354
159 0.5120255947113037
160 0.4557048976421356
161 0.37308284640312195
162 0.5847564339637756
163 0.3225681781768799
164 1.8171972036361694
165 0.2902936041355133
166 6.689150333404541
167 1.9324736595153809
168 0.6390213966369629
169 0.9211417436599731
170 1.9145642518997192
171 1.891101360321045
172 0.2389901727437973
173 0.27163997292518616
174 0.9772226214408875
175 0.78301602602005
176 2.9890356063842773
177 0.44190722703933716
178 0.21230733394622803
179 0.40488553047180176
180 0.06014876812696457
181 2.5529582500457764
182 0.2984031140804291
183 2.9199435710906982
184 0.6646170616149902
185 1.5084667205810547
186 2.3997864723205566
187 1.0705413818359375
188 1.4150452613830566
189 0.5853399038314819
190 0.28735068440437317
191 1.1248751878738403
192 1.7422370910644531
193 0.4567260146141052
194 1.170689582824707
195 1.6292284727096558
196 2.091806650161743
197 0.4176853895187378
198 0.6364253759384155
199 1.093340277671814
200 0.5513585209846497
201 1.3959599733352661
202 5.914573669433594
203 1.5152924060821533
204 0.14095386862754822
205 0.8782641887664795
206 0.3014352023601532
207 0.3143230080604553
208 0.9102391600608826
209 0.4027476906776428
210 0.147678941488266
211 1.7326433658599854
212 0.9487472772598267
213 0.6259000301361084
214 1.0039937496185303
215 0.9704247117042542
216 0.7827638983726501
217 0.7608010768890381
218 0.34473782777786255
219 0.4424658417701721
220 0.8288952708244324
221 32.429954528808594
222 765.166259765625
223 33.45112609863281
224 23.572126388549805
225 13.093722343444824
226 10.934971809387207
227 8.984991073608398
228 6.769886016845703
229 4.27077579498291
230 3.724198818206787
231 63.42644500732422
232 4.145702362060547
233 8.097725868225098
234 4.838507175445557
235 3.6225929260253906
236 4.027606010437012
237 0.6422690749168396
238 0.8290744423866272
239 1.9435625076293945
240 0.23296032845973969
241 2.559873342514038
242 3.507066488265991
243 1.5137914419174194
244 1.909748911857605
245 0.4016145169734955
246 0.7809767723083496
247 0.20207563042640686
248 0.4832058846950531
249 5.170238018035889
250 41.41326904296875
251 16.974796295166016
252 5.860355377197266
253 2.943467855453491
254 2.5794522762298584
255 1.6598644256591797
256 0.8571984171867371
257 0.6450825929641724
258 1.4176799058914185
259 0.8654221296310425
260 1.0270018577575684
261 0.595647931098938
262 1.4067637920379639
263 0.6990370154380798
264 0.2729960083961487
265 0.5020583868026733
266 0.5706431269645691
267 1.0829156637191772
268 0.6892393231391907
269 0.3583155572414398
270 1.3000035285949707
271 1.8111768960952759
272 0.903328537940979
273 0.38042616844177246
274 0.23252563178539276
275 1.1919970512390137
276 0.390025794506073
277 0.7384517192840576
278 0.8294194340705872
279 1.2114452123641968
280 0.8075267672538757
281 0.9814732074737549
282 0.18983474373817444
283 0.3976001739501953
284 0.21356211602687836
285 0.45206883549690247
286 0.3382769525051117
287 1.287585973739624
288 2.316240072250366
289 0.17158228158950806
290 1.041824221611023
291 1.9676716327667236
292 1.2071202993392944
293 1.8176816701889038
294 0.6453876495361328
295 0.6227900981903076
296 1.1293812990188599
297 0.5233014822006226
298 0.15292343497276306
299 0.29971298575401306
300 1.7633410692214966
301 0.809638261795044
302 1.093254804611206
303 1.1018468141555786
304 0.5830456614494324
305 0.7425451874732971
306 1.2891169786453247
307 0.5526570677757263
308 2.0776124000549316
309 0.8740188479423523
310 0.3564133644104004
311 1.1406015157699585
312 0.16759905219078064
313 0.8041190505027771
314 1.434442400932312
315 1.460045576095581
316 1.0261298418045044
317 1.607413649559021
318 0.3267212212085724
319 0.4813189208507538
320 0.7983790636062622
321 1.6229220628738403
322 0.5057937502861023
323 0.2582438886165619
324 0.27168214321136475
325 1.2261576652526855
326 0.660753607749939
327 1.040375828742981
328 0.3410240709781647
329 1.0416512489318848
330 1.3397189378738403
331 0.14285863935947418
332 0.8450407385826111
333 0.4275522530078888
334 0.6480194926261902
335 0.7391797304153442
336 0.6225044131278992
337 0.4124501943588257
338 0.15060873329639435
339 1.8266949653625488
340 1.0060573816299438
341 0.8971374034881592
342 1.8727184534072876
343 1.6380656957626343
344 0.5102052092552185
345 1.35140061378479
346 0.18236899375915527
347 0.7068091630935669
348 0.6500567197799683
349 1.3710386753082275
350 0.6763411164283752
351 1.4031023979187012
352 0.49373164772987366
353 0.9324160814285278
354 1.0126299858093262
355 2.069308042526245
356 0.6234508752822876
357 0.8608170747756958
358 0.8495938181877136
359 1.492906093597412
360 0.9284452795982361
361 0.2773378789424896
362 1.9499521255493164
363 1.7055600881576538
364 0.7356091141700745
365 0.9063208103179932
366 1.1697345972061157
367 1.4138751029968262
368 1.155665636062622
369 1.096012830734253
370 0.6443663835525513
371 0.9457376003265381
372 1.719744324684143
373 1.4013270139694214
374 1.0383297204971313
375 0.8152568340301514
376 0.4534386694431305
377 0.7670606374740601
378 1.9003411531448364
379 1.5567288398742676
380 1.3214666843414307
381 0.44335928559303284
382 0.254556804895401
383 0.4843335747718811
384 0.30017492175102234
385 0.4004288911819458
386 0.9594166278839111
387 1.3305858373641968
388 1.0944740772247314
389 0.19085022807121277
390 0.3750052750110626
391 1.4562491178512573
392 1.3695900440216064
393 1.1519265174865723
394 1.270379900932312
395 3.1179399490356445
396 1.9757368564605713
397 1.7517331838607788
398 0.7027767896652222
399 0.6204365491867065
400 0.7892032265663147
401 2.036836624145508
402 2.035151243209839
403 1.2530416250228882
404 0.5004464983940125
405 1.1545724868774414
406 3.236375093460083
407 2.395521402359009
408 0.8360349535942078
409 0.4699622094631195
410 0.43887218832969666
411 1.5853146314620972
412 0.9563773274421692
413 0.7572988271713257
414 1.3526718616485596
415 0.7354970574378967
416 1.36673903465271
417 1.7885860204696655
418 0.6427196264266968
419 0.45633843541145325
420 1.3681811094284058
421 1.3544998168945312
422 1.8460615873336792
423 0.3823283910751343
424 1.3798322677612305
425 0.7018000483512878
426 2.52657151222229
427 1.3220160007476807
428 1.1399598121643066
429 0.903095543384552
430 1.2917627096176147
431 1.730088472366333
432 1.6179049015045166
433 1.1646267175674438
434 1.183456540107727
435 0.5318969488143921
436 1.816431999206543
437 1.592064380645752
438 0.8497998118400574
439 0.8900792598724365
440 1.5436067581176758
441 0.9341556429862976
442 1.1351662874221802
443 0.16113965213298798
444 0.49968618154525757
445 1.4180546998977661
446 1.169179916381836
447 1.4003363847732544
448 1.314502239227295
449 2.872330665588379
450 1.8165093660354614
451 0.46954625844955444
452 1.408986210823059
453 0.3456583619117737
454 0.49993062019348145
455 1.2588529586791992
456 1.530163288116455
457 2.572535753250122
458 3.098907947540283
459 1.945907711982727
460 0.28960350155830383
461 1.0175000429153442
462 0.47256600856781006
463 2.1900689601898193
464 1.1351219415664673
465 3.170677900314331
466 0.42641782760620117
467 2.2807843685150146
468 0.41714751720428467
469 0.7560204267501831
470 0.5893875360488892
471 0.5638982653617859
472 1.1961272954940796
473 1.6444388628005981
474 0.8657048940658569
475 0.9756678938865662
476 0.6965792775154114
477 0.9262301921844482
478 0.41503632068634033
479 1.9032082557678223
480 1.5055711269378662
481 0.27877992391586304
482 1.7111104726791382
483 1.0931322574615479
484 0.6008154153823853
485 1.4724959135055542
486 2.1817142963409424
487 0.3356644809246063
488 0.7829087972640991
489 0.9825427532196045
490 2.101411819458008
491 0.5911040902137756
492 0.27851930260658264
493 1.262571930885315
494 0.4620840549468994
495 0.534448504447937
496 2.946033477783203
497 3.3739142417907715
498 0.6662731766700745
499 0.7504588961601257
500 1.3560614585876465
501 0.6117027401924133
502 1.1811673641204834
503 1.3796958923339844
504 1.2947580814361572
505 0.3357853293418884
506 1.4451923370361328
507 0.8982537984848022
508 1.6468256711959839
509 0.2408662587404251
510 0.7345664501190186
511 0.35215023159980774
512 1.0943714380264282
513 0.1748548448085785
514 0.7338871359825134
515 0.32976585626602173
516 0.22695578634738922
517 0.43648406863212585
518 0.43128257989883423
519 0.2388734668493271
520 0.5888627767562866
521 0.23594143986701965
522 0.9493709802627563
523 0.21611133217811584
524 0.466156929731369
525 0.5030698776245117
526 0.712640106678009
527 0.3694448471069336
528 0.23485565185546875
529 0.278319388628006
530 0.5076223015785217
531 0.37160784006118774
532 0.5681015253067017
533 0.4590308368206024
534 0.5995768904685974
535 0.22556783258914948
536 0.14649774134159088
537 0.2856357991695404
538 0.561943769454956
539 0.5839073061943054
540 0.32337015867233276
541 0.28165316581726074
542 0.158737450838089
543 0.11162779480218887
544 0.21256229281425476
545 0.3698154091835022
546 0.08865382522344589
547 0.2635611891746521
548 0.09346778690814972
549 0.479072242975235
550 0.19038286805152893
551 0.09838830679655075
552 0.145585834980011
553 0.4112493693828583
554 0.5357540249824524
555 0.3634233772754669
556 0.17961235344409943
557 0.32394638657569885
558 0.09027576446533203
559 0.23289722204208374
560 0.1827247142791748
561 0.43553978204727173
562 0.7625982761383057
563 1.8767409324645996
564 0.8995387554168701
565 0.8010520339012146
566 0.5746399164199829
567 1.163540005683899
568 0.39866840839385986
569 0.32392603158950806
570 0.9678525328636169
571 0.46692922711372375
572 0.4799943268299103
573 1.7179476022720337
574 1.172646403312683
575 0.8966695666313171
576 2.311929941177368
577 0.5507276654243469
578 2.3045761585235596
579 4.898848056793213
580 3.3124070167541504
581 1.989583134651184
582 2.822660446166992
583 1.163135051727295
584 0.6180839538574219
585 0.31962400674819946
586 0.4539739489555359
587 0.730319082736969
588 0.4839484393596649
589 0.9016939997673035
590 0.9032042622566223
591 1.3533685207366943
592 2.4138877391815186
593 1.2659339904785156
594 3.167332172393799
595 1.1978130340576172
596 2.2261970043182373
597 3.1052591800689697
598 2.563096284866333
599 1.549494981765747
600 1.0609042644500732
601 0.8875892162322998
602 0.5357285737991333
603 0.40754377841949463
604 0.822571873664856
605 0.34848910570144653
606 0.26432135701179504
607 0.29282253980636597
608 0.41112878918647766
609 0.5191631317138672
610 0.5384835600852966
611 1.3242298364639282
612 0.42762067914009094
613 0.4220851957798004
614 0.5117011070251465
615 0.41186484694480896
616 0.42416197061538696
617 0.36010509729385376
618 1.2735134363174438
619 1.7577263116836548
620 3.623427391052246
621 0.5071080327033997
622 0.6537713408470154
623 0.1961243450641632
624 0.3743629455566406
625 0.439109206199646
626 0.47741881012916565
627 0.3507355749607086
628 0.07273999601602554
629 0.7532550096511841
630 0.23662574589252472
631 0.586621880531311
632 0.6275894641876221
633 0.5874855518341064
634 0.400076687335968
635 0.626826286315918
636 0.2934134602546692
637 1.4866232872009277
638 1.1843162775039673
639 1.1240729093551636
640 0.4679054915904999
641 0.8252803683280945
642 1.5400102138519287
643 1.613574504852295
644 0.6342389583587646
645 0.2572181522846222
646 0.5182343125343323
647 0.41778263449668884
648 0.12508046627044678
649 0.7013921737670898
650 0.3729681968688965
651 1.154878854751587
652 0.7220027446746826
653 0.36096563935279846
654 0.48620834946632385
655 0.6378237009048462
656 0.7713208794593811
657 0.9541887640953064
658 0.533524215221405
659 1.2957745790481567
660 0.9450538158416748
661 2.115401029586792
662 0.5941489934921265
663 0.6483657956123352
664 0.6170048713684082
665 0.27587100863456726
666 0.5660102367401123
667 0.3362705409526825
668 0.44707924127578735
669 1.8957929611206055
670 0.336041122674942
671 2.5967655181884766
672 1.5517125129699707
673 1.054766297340393
674 1.1870516538619995
675 0.5174540877342224
676 0.24015241861343384
677 0.6176798939704895
678 0.7738008499145508
679 0.5878450274467468
680 0.7098975777626038
681 0.6760759949684143
682 0.6162421703338623
683 1.1131608486175537
684 3.8402979373931885
685 1.085764765739441
686 1.3487091064453125
687 3.317737340927124
688 1.3583483695983887
689 0.4201318621635437
690 1.0904651880264282
691 0.395264595746994
692 0.7143765687942505
693 1.2002832889556885
694 0.9858108758926392
695 0.5945887565612793
696 0.4197838604450226
697 0.18325109779834747
698 0.4304216206073761
699 0.1995471566915512
700 0.2908858358860016
701 0.5275548696517944
702 0.9611876010894775
703 0.8795953392982483
704 0.5904805660247803
705 0.6856837272644043
706 1.567389965057373
707 1.1143560409545898
708 4.449521541595459
709 3.287628650665283
710 2.640106678009033
711 2.049644947052002
712 13.58699893951416
713 133.6207733154297
714 390.39019775390625
715 115.42333221435547
716 47.65835189819336
717 45.37521743774414
718 80.8834228515625
719 26.4887638092041
720 5.066221714019775
721 7.651177406311035
722 1.9212899208068848
723 6.151033401489258
724 2.588421583175659
725 1.554648756980896
726 0.6166751384735107
727 1.3056422472000122
728 1.6704521179199219
729 0.530837893486023
730 3.0813634395599365
731 0.9314935207366943
732 1.5401880741119385
733 3.042675495147705
734 4.9128289222717285
735 14.782590866088867
736 2.2028048038482666
737 0.48244959115982056
738 0.42786890268325806
739 1.5382598638534546
740 0.9972744584083557
741 1.5289009809494019
742 3.609870195388794
743 4.187420845031738
744 0.5533038973808289
745 1.272097110748291
746 1.105915904045105
747 0.22362390160560608
748 1.3064074516296387
749 1.7887210845947266
750 1.600541114807129
751 1.3822715282440186
752 1.24693763256073
753 0.7792579531669617
754 1.1311116218566895
755 0.4530165195465088
756 0.4453633427619934
757 0.7683831453323364
758 0.35611778497695923
759 0.6074244976043701
760 1.865565299987793
761 1.2954397201538086
762 1.3042608499526978
763 0.7177332043647766
764 0.17951934039592743
765 0.7037294507026672
766 1.3259096145629883
767 1.0088001489639282
768 1.0150830745697021
769 0.4245089292526245
770 0.028254270553588867
771 0.19275929033756256
772 0.46208733320236206
773 0.08599551022052765
774 0.6419479250907898
775 0.14828862249851227
776 0.34724199771881104
777 0.9353669285774231
778 0.9386497735977173
779 1.253340244293213
780 0.5333287715911865
781 0.6068704724311829
782 0.35291290283203125
783 0.5415829420089722
784 0.8124444484710693
785 1.757368803024292
786 1.0722579956054688
787 0.4532145857810974
788 0.3675915002822876
789 0.5336437821388245
790 0.7056089639663696
791 0.29444199800491333
792 0.8502275943756104
793 0.4800359010696411
794 0.7641472816467285
795 1.6231385469436646
796 1.0763189792633057
797 1.1863411664962769
798 0.5565659403800964
799 0.5031696557998657
800 0.7829425930976868
801 0.9195437431335449
802 0.4838372468948364
803 0.2770296037197113
804 0.82002854347229
805 3.0096278190612793
806 2.7414631843566895
807 0.36898159980773926
808 2.3159711360931396
809 0.7761404514312744
810 1.3943424224853516
811 1.4486521482467651
812 0.6499035358428955
813 0.8376056551933289
814 0.7624732851982117
815 0.7617647647857666
816 1.3134044408798218
817 0.3838896155357361
818 0.5751104354858398
819 0.43319061398506165
820 1.128543734550476
821 0.9374802708625793
822 0.25815534591674805
823 1.1339895725250244
824 1.2808529138565063
825 0.3350726068019867
826 1.370216727256775
827 0.593366265296936
828 0.6651543974876404
829 0.14154481887817383
830 0.9229282140731812
831 0.9674530029296875
832 0.8562232255935669
833 0.668530285358429
834 0.12981745600700378
835 0.16554370522499084
836 0.5093840956687927
837 0.9027755856513977
838 1.1121141910552979
839 0.6015114188194275
840 0.25958168506622314
841 1.2586112022399902
842 0.8572721481323242
843 0.6870293617248535
844 0.662713348865509
845 0.5582127571105957
846 0.7614254355430603
847 0.9231398701667786
848 0.4189732074737549
849 0.3995838165283203
850 0.6259318590164185
851 0.9591488838195801
852 1.125056505203247
853 0.6371123790740967
854 2.780155897140503
855 0.6906050443649292
856 1.1250168085098267
857 0.706967294216156
858 1.5621976852416992
859 0.9644192457199097
860 0.3835110366344452
861 1.6181881427764893
862 0.8639891743659973
863 0.9209702610969543
864 1.9561214447021484
865 1.3377848863601685
866 1.4408081769943237
867 1.0548176765441895
868 2.7633934020996094
869 1.5434964895248413
870 0.5205711722373962
871 0.3015042543411255
872 0.8244854211807251
873 1.2919811010360718
874 1.4743857383728027
875 1.2857708930969238
876 0.5118170976638794
877 0.5458825826644897
878 0.8220435976982117
879 0.555515468120575
880 0.5313593149185181
881 0.8796574473381042
882 0.8521202802658081
883 0.4953419864177704
884 0.631144642829895
885 0.4941422641277313
886 0.8078807592391968
887 0.799183189868927
888 0.782731831073761
889 0.5552063584327698
890 0.673997163772583
891 0.49246394634246826
892 0.552498996257782
893 0.5379583835601807
894 0.6612728238105774
895 1.616702675819397
896 0.47968894243240356
897 0.34886234998703003
898 1.8653942346572876
899 1.279274821281433
900 1.6539108753204346
901 0.522254467010498
902 0.4109762907028198
903 0.8342117667198181
904 0.27480220794677734
905 0.25762394070625305
906 0.9102525115013123
907 0.9064555168151855
908 0.5853052139282227
909 1.105309247970581
910 1.4343198537826538
911 1.0639361143112183
912 2.1484222412109375
913 0.3429844081401825
914 0.5459206700325012
915 0.6265662312507629
916 1.0504955053329468
917 1.0525271892547607
918 0.20356883108615875
919 0.8856063485145569
920 0.7046359777450562
921 1.182416558265686
922 0.7872703671455383
923 0.6960232257843018
924 0.9327503442764282
925 0.7066631317138672
926 1.4193990230560303
927 1.2484790086746216
928 0.6261334419250488
929 1.2077609300613403
930 0.214366614818573
931 0.8036370873451233
932 1.0146386623382568
933 0.730836808681488
934 1.070168375968933
935 0.8546693325042725
936 1.2833038568496704
937 0.4092971086502075
938 1.3189679384231567
939 0.7286330461502075
940 1.1757919788360596
941 0.8567553758621216
942 0.6119518280029297
943 2.048530101776123
944 1.4217360019683838
945 0.44252869486808777
946 0.9149996042251587
947 0.8656867742538452
948 0.770185112953186
949 1.4693214893341064
950 0.47559502720832825
951 0.532400906085968
952 0.6135374307632446
953 0.6983932256698608
954 0.7422467470169067
955 0.9810203313827515
956 1.1501795053482056
957 0.744446337223053
958 1.4126920700073242
959 1.0882974863052368
960 0.5195196866989136
961 1.2860788106918335
962 1.2788031101226807
963 0.21953332424163818
964 1.627536416053772
965 1.562261700630188
966 1.9781581163406372
967 0.5338095426559448
968 0.8181622624397278
969 2.317514181137085
970 1.2330666780471802
971 0.19425295293331146
972 2.210360527038574
973 1.4436739683151245
974 0.826804518699646
975 1.070098876953125
976 1.0240944623947144
977 0.3707405924797058
978 2.3760790824890137
979 0.5772623419761658
980 1.2578200101852417
981 1.690629482269287
982 1.125135898590088
983 0.906467854976654
984 1.3332048654556274
985 0.7869418263435364
986 1.040826678276062
987 1.6011574268341064
988 1.1177946329116821
989 1.5370912551879883
990 1.0986826419830322
991 3.540489673614502
992 1.1855143308639526
993 0.582030713558197
994 0.9814783930778503
995 1.5880600214004517
996 1.9300856590270996
997 1.175073504447937
998 2.793689012527466
999 0.8664588332176208
