0 90.74604034423828
1 90.67692565917969
2 94.03272247314453
3 88.96363830566406
4 93.43896484375
5 90.39813995361328
6 95.33160400390625
7 93.14537048339844
8 94.26764678955078
9 90.20160675048828
10 85.34168243408203
11 87.68561553955078
12 90.82109832763672
13 87.93474578857422
14 88.28567504882812
15 87.43133544921875
16 85.59951782226562
17 88.55953216552734
18 86.37714385986328
19 83.63679504394531
20 84.45294952392578
21 86.82275390625
22 89.68000030517578
23 89.77853393554688
24 84.9688720703125
25 80.65943145751953
26 85.38500213623047
27 87.95689392089844
28 88.42852020263672
29 82.34198760986328
30 83.13133239746094
31 84.45541381835938
32 83.51638793945312
33 85.06462860107422
34 84.14218139648438
35 89.24588012695312
36 82.83775329589844
37 80.14816284179688
38 83.70630645751953
39 85.44500732421875
40 82.4674301147461
41 84.1810531616211
42 80.998779296875
43 84.41439056396484
44 82.99413299560547
45 81.75801086425781
46 82.65352630615234
47 82.37982177734375
48 76.09009552001953
49 76.10285949707031
50 80.33695983886719
51 80.98814392089844
52 82.566162109375
53 81.1009292602539
54 78.42179870605469
55 79.02131652832031
56 78.34510040283203
57 77.22062683105469
58 81.736572265625
59 75.64915466308594
60 75.88964080810547
61 78.31548309326172
62 78.4093017578125
63 78.463134765625
64 78.92011260986328
65 76.57096099853516
66 77.50101470947266
67 75.31262969970703
68 78.95260620117188
69 78.02577209472656
70 75.7438735961914
71 73.54950714111328
72 77.50907897949219
73 75.59705352783203
74 74.5528564453125
75 73.35345458984375
76 73.72441101074219
77 75.51507568359375
78 75.28935241699219
79 74.62547302246094
80 72.00848388671875
81 71.64404296875
82 67.70171356201172
83 71.44331359863281
84 67.70872497558594
85 71.3618392944336
86 73.35613250732422
87 69.61937713623047
88 74.19615936279297
89 74.55177307128906
90 70.50823211669922
91 71.69343566894531
92 72.70266723632812
93 72.00043487548828
94 71.92382049560547
95 72.1125259399414
96 71.70557403564453
97 68.74372863769531
98 69.99681091308594
99 69.45738220214844
100 69.90242004394531
101 73.05261993408203
102 65.50640106201172
103 64.37362670898438
104 70.88863372802734
105 70.75089263916016
106 69.9896240234375
107 64.07669830322266
108 67.25257873535156
109 68.5531234741211
110 66.60296630859375
111 64.39330291748047
112 69.01258087158203
113 67.0639419555664
114 70.43887329101562
115 65.16509246826172
116 66.8363265991211
117 65.64896392822266
118 67.36820983886719
119 63.34809112548828
120 66.59583282470703
121 64.70408630371094
122 63.80455780029297
123 63.80625915527344
124 69.02174377441406
125 62.610015869140625
126 63.68727111816406
127 64.21121978759766
128 63.536598205566406
129 64.3260726928711
130 62.70677947998047
131 64.87828063964844
132 60.11219787597656
133 63.09400177001953
134 60.60247039794922
135 66.3552017211914
136 61.22531509399414
137 63.46855926513672
138 59.53700256347656
139 61.8907470703125
140 63.58198547363281
141 63.20429611206055
142 60.84724044799805
143 58.60238265991211
144 61.57676696777344
145 59.23313903808594
146 65.32687377929688
147 58.48246765136719
148 60.669368743896484
149 63.41310119628906
150 63.61167526245117
151 59.59874725341797
152 59.58745574951172
153 60.99770736694336
154 55.783897399902344
155 57.22120666503906
156 58.726539611816406
157 56.77607727050781
158 62.759307861328125
159 61.8099479675293
160 60.97026443481445
161 59.255760192871094
162 56.16494369506836
163 57.83721923828125
164 60.29738998413086
165 56.35527420043945
166 57.23481750488281
167 58.26303482055664
168 59.042659759521484
169 55.99375534057617
170 58.334014892578125
171 59.67279815673828
172 56.00527572631836
173 56.995269775390625
174 53.10240173339844
175 55.73189926147461
176 59.796512603759766
177 55.342750549316406
178 57.06782150268555
179 52.166656494140625
180 55.35029602050781
181 53.00364303588867
182 50.800437927246094
183 56.972198486328125
184 57.62471389770508
185 54.22190856933594
186 55.30046081542969
187 50.37417221069336
188 54.18857192993164
189 56.07823944091797
190 54.6732177734375
191 53.50129318237305
192 52.23777389526367
193 52.630435943603516
194 53.88951873779297
195 54.08427810668945
196 57.24728012084961
197 50.798702239990234
198 49.135379791259766
199 53.98393630981445
200 52.33615493774414
201 53.191097259521484
202 48.54241943359375
203 51.95726013183594
204 58.31427001953125
205 52.040870666503906
206 49.70587158203125
207 52.38631820678711
208 55.59392166137695
209 50.84938049316406
210 46.16542053222656
211 51.09870910644531
212 48.44419860839844
213 55.209041595458984
214 45.950965881347656
215 47.7551383972168
216 48.630462646484375
217 48.852210998535156
218 44.7765007019043
219 47.63780212402344
220 51.994136810302734
221 44.104736328125
222 50.343467712402344
223 47.83591079711914
224 47.553401947021484
225 46.890663146972656
226 46.1492805480957
227 48.73284149169922
228 45.40203094482422
229 45.74155807495117
230 51.043087005615234
231 48.31330490112305
232 48.14830017089844
233 52.52843475341797
234 53.19334030151367
235 44.361331939697266
236 49.14982223510742
237 42.323280334472656
238 47.09065246582031
239 48.22554016113281
240 45.97238540649414
241 48.551055908203125
242 43.257381439208984
243 41.825950622558594
244 45.90589141845703
245 41.327701568603516
246 43.46745681762695
247 45.901309967041016
248 42.82465744018555
249 41.252357482910156
250 43.20051956176758
251 38.93589782714844
252 43.499290466308594
253 42.65135192871094
254 44.18824005126953
255 40.29104232788086
256 41.32456588745117
257 41.174774169921875
258 42.653465270996094
259 48.49738693237305
260 46.96059799194336
261 44.7495231628418
262 44.00429916381836
263 42.251556396484375
264 44.44523620605469
265 41.91069793701172
266 42.32841491699219
267 47.30270767211914
268 40.63560485839844
269 40.94146728515625
270 41.92216491699219
271 41.30540466308594
272 36.55790710449219
273 41.93130874633789
274 39.36893844604492
275 40.702945709228516
276 40.622276306152344
277 37.580142974853516
278 42.72489547729492
279 42.25221633911133
280 35.414756774902344
281 42.01660919189453
282 39.95440673828125
283 37.96965789794922
284 38.390419006347656
285 36.43416976928711
286 43.38759994506836
287 37.12990951538086
288 42.630435943603516
289 38.160400390625
290 40.26815414428711
291 37.530357360839844
292 35.87760543823242
293 38.24690628051758
294 38.546024322509766
295 41.53305435180664
296 40.93878173828125
297 35.746788024902344
298 37.08740234375
299 36.203128814697266
300 36.625301361083984
301 37.34381103515625
302 36.92111587524414
303 40.34561538696289
304 34.95856857299805
305 41.587684631347656
306 33.51454544067383
307 38.61276626586914
308 37.491737365722656
309 34.1493034362793
310 33.8462028503418
311 34.61408615112305
312 36.48359680175781
313 36.63291931152344
314 34.59063720703125
315 36.525665283203125
316 33.49730682373047
317 35.5976448059082
318 33.20991897583008
319 32.904151916503906
320 38.16416931152344
321 31.567020416259766
322 34.6826057434082
323 30.560239791870117
324 35.49311828613281
325 32.98938751220703
326 33.108154296875
327 35.372135162353516
328 36.768585205078125
329 31.939512252807617
330 37.86310958862305
331 32.12091064453125
332 31.681570053100586
333 33.7760009765625
334 36.17518997192383
335 31.52290153503418
336 34.71546173095703
337 33.735008239746094
338 33.11809539794922
339 33.16574478149414
340 30.47686004638672
341 34.238712310791016
342 33.14188766479492
343 36.37179183959961
344 34.461761474609375
345 36.954349517822266
346 32.00420379638672
347 31.014039993286133
348 30.34874153137207
349 35.06351089477539
350 26.854488372802734
351 34.64470291137695
352 28.33392906188965
353 31.101642608642578
354 28.491315841674805
355 31.757823944091797
356 28.776453018188477
357 29.015609741210938
358 30.59825325012207
359 31.54310417175293
360 40.706398010253906
361 31.45055389404297
362 28.012948989868164
363 25.434412002563477
364 27.572460174560547
365 26.32950210571289
366 28.48116683959961
367 31.245559692382812
368 29.000450134277344
369 32.3243408203125
370 32.90094757080078
371 31.91385269165039
372 26.073991775512695
373 30.48065185546875
374 23.704086303710938
375 28.457136154174805
376 29.179128646850586
377 30.711196899414062
378 35.961605072021484
379 26.914226531982422
380 28.298988342285156
381 30.956851959228516
382 27.711772918701172
383 29.06121253967285
384 28.575984954833984
385 26.61456871032715
386 33.61579513549805
387 22.41666030883789
388 26.864391326904297
389 26.332130432128906
390 28.017013549804688
391 24.963504791259766
392 29.249025344848633
393 27.339969635009766
394 27.30158042907715
395 25.14936637878418
396 26.538223266601562
397 27.91578483581543
398 33.22731399536133
399 27.992786407470703
400 21.45384979248047
401 25.67677879333496
402 24.67491340637207
403 30.01496124267578
404 24.335704803466797
405 25.818099975585938
406 24.5654354095459
407 26.825899124145508
408 23.71331214904785
409 24.057172775268555
410 25.307722091674805
411 26.84459686279297
412 23.51990509033203
413 30.00188446044922
414 21.11376190185547
415 26.2405948638916
416 23.913049697875977
417 25.798927307128906
418 27.267730712890625
419 23.707624435424805
420 21.79148292541504
421 22.57164192199707
422 24.116748809814453
423 23.64723777770996
424 24.8927001953125
425 25.071531295776367
426 26.586170196533203
427 20.5621337890625
428 19.0401554107666
429 21.518991470336914
430 23.31034278869629
431 22.524799346923828
432 19.528522491455078
433 22.786563873291016
434 26.345090866088867
435 25.751537322998047
436 22.268306732177734
437 22.88260269165039
438 18.613637924194336
439 23.575838088989258
440 23.88518524169922
441 20.24799346923828
442 22.905710220336914
443 20.501541137695312
444 22.80817413330078
445 21.295364379882812
446 17.53724479675293
447 20.51852798461914
448 22.95313262939453
449 19.99614143371582
450 19.935611724853516
451 21.298664093017578
452 18.0218505859375
453 25.280868530273438
454 23.029296875
455 23.66143035888672
456 25.761093139648438
457 20.922487258911133
458 19.10492515563965
459 21.441020965576172
460 21.72319984436035
461 19.501216888427734
462 17.991422653198242
463 19.07864761352539
464 19.575937271118164
465 21.074064254760742
466 17.05161476135254
467 19.4921875
468 22.297517776489258
469 23.125009536743164
470 22.936338424682617
471 16.880929946899414
472 21.825014114379883
473 17.975265502929688
474 21.499509811401367
475 18.41275978088379
476 17.64630889892578
477 19.213869094848633
478 17.15526580810547
479 23.26950454711914
480 17.358970642089844
481 21.301118850708008
482 15.219738960266113
483 21.643815994262695
484 14.754112243652344
485 20.89443016052246
486 20.044897079467773
487 20.105314254760742
488 17.331417083740234
489 18.04513168334961
490 20.412405014038086
491 18.124727249145508
492 16.097652435302734
493 20.075843811035156
494 24.00005531311035
495 15.860396385192871
496 17.02947425842285
497 17.333768844604492
498 17.333969116210938
499 14.533434867858887
500 19.2048397064209
501 17.723285675048828
502 21.36191749572754
503 18.725177764892578
504 16.77757453918457
505 15.245150566101074
506 16.805971145629883
507 16.736303329467773
508 17.80290412902832
509 17.389162063598633
510 16.361255645751953
511 14.468823432922363
512 16.557451248168945
513 20.597858428955078
514 13.821263313293457
515 20.615739822387695
516 13.810462951660156
517 17.29905891418457
518 18.65743064880371
519 16.47811508178711
520 16.785985946655273
521 14.190628051757812
522 15.943280220031738
523 17.312732696533203
524 15.217700004577637
525 16.37274169921875
526 16.3256893157959
527 12.12585735321045
528 16.772876739501953
529 15.400009155273438
530 16.444915771484375
531 18.92769432067871
532 22.507808685302734
533 14.049578666687012
534 12.436921119689941
535 16.127168655395508
536 15.44714069366455
537 16.143571853637695
538 12.027100563049316
539 19.461151123046875
540 12.256978034973145
541 16.478073120117188
542 11.89151382446289
543 15.603608131408691
544 18.498516082763672
545 15.074909210205078
546 14.804140090942383
547 13.417680740356445
548 18.30286979675293
549 15.891067504882812
550 14.020116806030273
551 12.392622947692871
552 16.16667366027832
553 16.057111740112305
554 11.350826263427734
555 12.697046279907227
556 16.43879508972168
557 16.893848419189453
558 19.787288665771484
559 11.2415771484375
560 14.25940227508545
561 19.755239486694336
562 14.498120307922363
563 13.065528869628906
564 16.28676414489746
565 14.686578750610352
566 19.407264709472656
567 11.850615501403809
568 11.435638427734375
569 10.806631088256836
570 11.553398132324219
571 14.046141624450684
572 17.310775756835938
573 14.526474952697754
574 11.878413200378418
575 10.760900497436523
576 11.630332946777344
577 12.049881935119629
578 9.768806457519531
579 13.966577529907227
580 11.209351539611816
581 13.539606094360352
582 11.921626091003418
583 12.216862678527832
584 13.268575668334961
585 18.09673500061035
586 13.456053733825684
587 12.767854690551758
588 14.744409561157227
589 14.461324691772461
590 11.697083473205566
591 10.669418334960938
592 9.091374397277832
593 11.020538330078125
594 13.361394882202148
595 8.92546272277832
596 11.843451499938965
597 18.671939849853516
598 11.156810760498047
599 12.764961242675781
600 18.848039627075195
601 14.906710624694824
602 14.606924057006836
603 11.56035327911377
604 12.689818382263184
605 8.417738914489746
606 7.828456401824951
607 11.043243408203125
608 11.283856391906738
609 9.049174308776855
610 8.774418830871582
611 13.14859676361084
612 8.113455772399902
613 15.767657279968262
614 12.956735610961914
615 11.825010299682617
616 9.094552040100098
617 8.484033584594727
618 11.585797309875488
619 18.957904815673828
620 11.966042518615723
621 11.952407836914062
622 9.183151245117188
623 9.280738830566406
624 11.653040885925293
625 11.93223762512207
626 10.648628234863281
627 10.642484664916992
628 11.69499397277832
629 9.617483139038086
630 8.87023639678955
631 10.708429336547852
632 9.836770057678223
633 8.657687187194824
634 5.741662502288818
635 9.20588493347168
636 14.28337574005127
637 10.532699584960938
638 13.736862182617188
639 13.901847839355469
640 14.242071151733398
641 5.731144905090332
642 8.137824058532715
643 9.390088081359863
644 7.427025318145752
645 9.069046020507812
646 8.8929443359375
647 9.414261817932129
648 11.058253288269043
649 6.528378963470459
650 9.331120491027832
651 10.024099349975586
652 9.705224990844727
653 12.273873329162598
654 7.809078693389893
655 9.31684398651123
656 9.175301551818848
657 12.858227729797363
658 16.42759132385254
659 7.587432384490967
660 10.579041481018066
661 13.428610801696777
662 10.172501564025879
663 4.495977401733398
664 7.4103217124938965
665 4.367332935333252
666 8.701471328735352
667 15.321747779846191
668 7.529658794403076
669 6.627333641052246
670 8.131889343261719
671 11.181356430053711
672 13.473326683044434
673 12.955016136169434
674 8.915862083435059
675 9.886632919311523
676 10.360962867736816
677 7.859555721282959
678 6.4872307777404785
679 7.914552211761475
680 11.768460273742676
681 7.712122440338135
682 6.269001483917236
683 9.915006637573242
684 8.008586883544922
685 12.354108810424805
686 7.588240146636963
687 9.410158157348633
688 13.123093605041504
689 10.224196434020996
690 7.412621021270752
691 6.533531665802002
692 6.513978004455566
693 9.642071723937988
694 7.803280830383301
695 3.424747943878174
696 7.59438419342041
697 4.070224761962891
698 11.571880340576172
699 6.7354416847229
700 11.794158935546875
701 6.499995231628418
702 13.264952659606934
703 3.5821430683135986
704 4.949372291564941
705 8.306168556213379
706 8.844629287719727
707 10.842033386230469
708 9.129268646240234
709 9.570832252502441
710 10.589691162109375
711 7.6002583503723145
712 10.622191429138184
713 9.80812931060791
714 7.672255992889404
715 7.514480113983154
716 6.439352512359619
717 12.19352912902832
718 7.552870750427246
719 6.7219343185424805
720 11.255799293518066
721 7.401393413543701
722 7.478419303894043
723 8.893304824829102
724 6.763835906982422
725 6.945761680603027
726 10.271170616149902
727 14.018183708190918
728 4.19105339050293
729 7.290385723114014
730 7.45675802230835
731 9.207255363464355
732 4.68320894241333
733 8.139814376831055
734 4.398783206939697
735 5.4314656257629395
736 4.1728291511535645
737 7.49966287612915
738 2.861635446548462
739 10.03812313079834
740 9.74690055847168
741 8.635570526123047
742 8.803951263427734
743 5.854506492614746
744 9.835408210754395
745 7.296637535095215
746 3.679229259490967
747 7.441555023193359
748 7.491799831390381
749 10.516340255737305
750 6.567519664764404
751 9.931387901306152
752 6.7295451164245605
753 7.545437812805176
754 8.888072967529297
755 7.065583229064941
756 7.740426540374756
757 7.969050407409668
758 6.391722202301025
759 5.651891708374023
760 6.856447696685791
761 6.203948020935059
762 3.195812463760376
763 9.930201530456543
764 6.408267974853516
765 3.083132743835449
766 9.925416946411133
767 6.241203784942627
768 10.83834171295166
769 8.334639549255371
770 9.162019729614258
771 6.560065269470215
772 6.807854175567627
773 7.991454124450684
774 4.984990119934082
775 13.316503524780273
776 7.063907146453857
777 2.089027166366577
778 3.615720748901367
779 4.675029754638672
780 4.924139976501465
781 9.214004516601562
782 10.200318336486816
783 9.575343132019043
784 7.299369812011719
785 4.311995983123779
786 6.567118167877197
787 7.745964527130127
788 7.6058807373046875
789 7.8550615310668945
790 7.039431095123291
791 7.966958999633789
792 9.580069541931152
793 12.65064525604248
794 12.753162384033203
795 6.389596462249756
796 6.410870552062988
797 4.350498199462891
798 4.981058597564697
799 4.848196029663086
800 9.063461303710938
801 5.860832214355469
802 4.6281232833862305
803 5.581806659698486
804 8.06043529510498
805 5.8934502601623535
806 4.469802379608154
807 4.633272171020508
808 5.257146835327148
809 9.998504638671875
810 4.084599018096924
811 5.510482311248779
812 4.4666852951049805
813 10.311151504516602
814 4.09290075302124
815 2.9016172885894775
816 4.175325393676758
817 4.295913219451904
818 8.291857719421387
819 6.306037902832031
820 3.6368210315704346
821 6.786510467529297
822 10.03929328918457
823 6.602092266082764
824 5.839296817779541
825 2.5175037384033203
826 6.0168046951293945
827 10.256749153137207
828 10.448249816894531
829 7.2979326248168945
830 16.068729400634766
831 5.722624778747559
832 7.789222240447998
833 4.716772079467773
834 10.657011032104492
835 4.571533203125
836 3.8340020179748535
837 3.911747455596924
838 9.852968215942383
839 4.65945291519165
840 7.037609100341797
841 10.701081275939941
842 7.283160209655762
843 4.030300140380859
844 5.368680477142334
845 7.065338611602783
846 5.868900775909424
847 5.993212699890137
848 9.606231689453125
849 7.338464260101318
850 3.6829681396484375
851 4.211634635925293
852 12.083196640014648
853 6.231532573699951
854 2.4234886169433594
855 4.896846771240234
856 6.684670925140381
857 0.8869413137435913
858 6.79392147064209
859 6.30396842956543
860 1.8027422428131104
861 5.94388484954834
862 5.49446439743042
863 5.915647029876709
864 5.975069999694824
865 5.482711315155029
866 5.0069169998168945
867 7.503061294555664
868 3.581467628479004
869 6.350497245788574
870 2.814675807952881
871 5.485952377319336
872 9.951215744018555
873 4.825778007507324
874 7.067122936248779
875 4.50531005859375
876 5.948895454406738
877 10.077225685119629
878 4.001769542694092
879 7.876787185668945
880 2.091165781021118
881 6.177667140960693
882 3.8406736850738525
883 5.483532905578613
884 7.831328392028809
885 9.686522483825684
886 6.647271156311035
887 5.18845272064209
888 5.1938042640686035
889 3.6970787048339844
890 7.376111030578613
891 6.420303821563721
892 6.175368785858154
893 8.215914726257324
894 9.046449661254883
895 4.460094928741455
896 12.5009765625
897 3.4830267429351807
898 2.060363292694092
899 5.422902584075928
900 12.456663131713867
901 1.9647883176803589
902 6.6941022872924805
903 4.123846054077148
904 8.524246215820312
905 6.949470043182373
906 6.527160167694092
907 9.875929832458496
908 8.646924018859863
909 6.909091949462891
910 3.548741579055786
911 5.668573379516602
912 7.813093662261963
913 9.277043342590332
914 4.491304397583008
915 8.578669548034668
916 4.1413798332214355
917 9.565930366516113
918 4.423368453979492
919 8.486288070678711
920 9.433897018432617
921 6.237591743469238
922 7.022785186767578
923 8.563371658325195
924 7.659158229827881
925 5.609086990356445
926 5.1915130615234375
927 8.671642303466797
928 7.681710720062256
929 5.393093585968018
930 4.57894229888916
931 7.52854585647583
932 8.965461730957031
933 3.9859986305236816
934 7.16752815246582
935 8.920275688171387
936 4.861597537994385
937 12.279975891113281
938 2.5514016151428223
939 2.959743022918701
940 6.7468767166137695
941 7.599125385284424
942 9.924214363098145
943 4.674837589263916
944 6.64405632019043
945 4.279336452484131
946 2.571046829223633
947 6.074265003204346
948 8.07021427154541
949 2.880519151687622
950 1.8668278455734253
951 8.111913681030273
952 6.41353702545166
953 7.300163745880127
954 2.1571202278137207
955 8.882368087768555
956 5.5371856689453125
957 3.4714410305023193
958 8.423761367797852
959 9.698325157165527
960 3.904263973236084
961 5.5858073234558105
962 5.236697196960449
963 7.940451622009277
964 6.614311218261719
965 6.507259368896484
966 3.7375903129577637
967 3.3401408195495605
968 10.623716354370117
969 7.276950359344482
970 5.753050804138184
971 5.403976917266846
972 4.190968036651611
973 7.323442459106445
974 7.838021755218506
975 5.727407932281494
976 3.5256807804107666
977 2.756674289703369
978 7.692144393920898
979 5.678008079528809
980 11.6577787399292
981 4.158452987670898
982 5.440217971801758
983 3.4052720069885254
984 3.815286636352539
985 4.550906658172607
986 7.2914252281188965
987 3.9660048484802246
988 5.414000988006592
989 4.03982400894165
990 8.658392906188965
991 9.972576141357422
992 3.953089952468872
993 3.4081668853759766
994 2.529601812362671
995 6.859039783477783
996 9.149575233459473
997 4.549735069274902
998 6.043436527252197
999 5.718167304992676
