0 8.974865913391113
1 5.77916145324707
2 2.9087295532226562
3 6.83931303024292
4 4.863015651702881
5 5.286820411682129
6 1.5811735391616821
7 1.9530084133148193
8 6.298182964324951
9 3.411768913269043
10 3.8081862926483154
11 2.8262603282928467
12 4.187131404876709
13 2.6136093139648438
14 4.490797519683838
15 1.8946613073349
16 2.670349597930908
17 4.599016189575195
18 3.831550359725952
19 2.0265274047851562
20 4.209399223327637
21 3.2375478744506836
22 2.3272814750671387
23 2.0759387016296387
24 1.915008306503296
25 1.8233906030654907
26 0.9560234546661377
27 2.7006871700286865
28 1.526833415031433
29 1.7205851078033447
30 2.0456135272979736
31 0.7602338194847107
32 1.430658221244812
33 1.3150545358657837
34 0.9554349780082703
35 0.7831990718841553
36 0.7151167392730713
37 1.3313449621200562
38 1.6664888858795166
39 0.7805155515670776
40 0.6933687329292297
41 0.7092198729515076
42 0.528247594833374
43 1.7651230096817017
44 1.0681312084197998
45 0.44350484013557434
46 0.89601069688797
47 1.9809393882751465
48 0.7022643089294434
49 0.7873067259788513
50 0.6936647891998291
51 1.886103630065918
52 1.7457603216171265
53 1.1384172439575195
54 2.1334497928619385
55 0.7497928738594055
56 0.8629482984542847
57 1.0107645988464355
58 1.452630877494812
59 1.4873567819595337
60 0.814397394657135
61 1.1190365552902222
62 1.229858160018921
63 1.4167144298553467
64 0.9371778964996338
65 1.8912968635559082
66 0.43511611223220825
67 1.346690058708191
68 1.2474626302719116
69 0.7337719202041626
70 1.0073292255401611
71 1.3309627771377563
72 0.4228271543979645
73 1.3288863897323608
74 1.5244591236114502
75 1.8807340860366821
76 0.6403975486755371
77 0.6502373814582825
78 2.0097150802612305
79 0.7582533359527588
80 2.167128801345825
81 1.2980648279190063
82 0.6313329935073853
83 0.8309402465820312
84 0.3349567651748657
85 0.4741936922073364
86 0.45365390181541443
87 0.27740105986595154
88 0.9491255283355713
89 0.4247226417064667
90 0.28310462832450867
91 1.4876177310943604
92 0.46218258142471313
93 0.3317486345767975
94 1.7229994535446167
95 1.0777099132537842
96 0.5014193058013916
97 0.3593101501464844
98 0.6696552038192749
99 0.969277024269104
100 0.5433992147445679
101 0.910968542098999
102 0.45856931805610657
103 0.5991581678390503
104 0.29517361521720886
105 0.7492055892944336
106 0.40677282214164734
107 1.1723682880401611
108 0.45133572816848755
109 2.174901008605957
110 1.8242440223693848
111 0.515102744102478
112 0.55409836769104
113 0.42229950428009033
114 0.4084882140159607
115 0.3831573724746704
116 1.862133264541626
117 0.5139272809028625
118 0.6816122531890869
119 0.7308026552200317
120 1.9116166830062866
121 2.34899640083313
122 0.9502913355827332
123 1.518542766571045
124 0.849991500377655
125 0.9469587802886963
126 0.23869134485721588
127 0.5930849313735962
128 0.9869492053985596
129 0.791930615901947
130 0.8730441331863403
131 0.4721292555332184
132 0.4662793278694153
133 0.7496172189712524
134 0.23626098036766052
135 0.30972594022750854
136 0.25529101490974426
137 0.690380334854126
138 0.5937402248382568
139 0.8223434686660767
140 0.8157326579093933
141 0.4130043685436249
142 1.911725640296936
143 0.6450744867324829
144 1.9230719804763794
145 0.7202606201171875
146 1.837765097618103
147 0.22288167476654053
148 1.7773956060409546
149 1.273896336555481
150 1.4086847305297852
151 2.004852533340454
152 0.7660835385322571
153 3.017761707305908
154 1.194679856300354
155 0.9511945247650146
156 0.7884831428527832
157 1.0551410913467407
158 0.46839001774787903
159 0.4968644678592682
160 0.3137127459049225
161 1.2881159782409668
162 0.7956585884094238
163 0.689124345779419
164 0.538793683052063
165 0.5474709272384644
166 0.517380952835083
167 1.43949294090271
168 0.27202004194259644
169 0.6666789054870605
170 0.28192102909088135
171 0.39604470133781433
172 1.6922047138214111
173 0.18953746557235718
174 0.24279099702835083
175 0.8387265205383301
176 0.9460816383361816
177 1.237252116203308
178 0.4124450385570526
179 0.34823352098464966
180 0.714779794216156
181 0.372959703207016
182 0.878906786441803
183 0.3606010675430298
184 0.271280437707901
185 1.3943345546722412
186 0.25623491406440735
187 0.8752485513687134
188 0.9935872554779053
189 0.5424596667289734
190 0.24625791609287262
191 0.6053938269615173
192 0.41735318303108215
193 0.4347112476825714
194 0.6604184508323669
195 0.9112059473991394
196 0.6201670169830322
197 1.0204131603240967
198 0.7637944221496582
199 0.17987991869449615
200 0.8010782599449158
201 1.1174516677856445
202 0.6583591103553772
203 1.0020915269851685
204 0.7728822231292725
205 0.9791174530982971
206 0.515247642993927
207 0.2302083969116211
208 0.295955628156662
209 0.7693129181861877
210 1.4023127555847168
211 1.0486980676651
212 1.069894790649414
213 0.5005958676338196
214 0.5874956250190735
215 1.2287399768829346
216 0.5535068511962891
217 0.5043984651565552
218 0.5989785194396973
219 0.8250657320022583
220 0.2929151952266693
221 1.0302528142929077
222 1.2190440893173218
223 0.4411088228225708
224 0.3332245349884033
225 0.41791078448295593
226 0.2836242616176605
227 0.294842392206192
228 0.5825474262237549
229 0.3780393898487091
230 0.5257218480110168
231 0.8301358222961426
232 0.8710089325904846
233 1.0195462703704834
234 0.18835388123989105
235 0.2912328839302063
236 0.8543543815612793
237 0.4956018030643463
238 0.41033273935317993
239 0.7433630228042603
240 0.6178283095359802
241 0.5642504692077637
242 0.7901535630226135
243 0.5765105485916138
244 0.5018466711044312
245 0.7452015280723572
246 0.3143048584461212
247 0.44504836201667786
248 0.4250340461730957
249 0.32911792397499084
250 0.4602993428707123
251 0.6387950778007507
252 0.7702779173851013
253 0.6259610056877136
254 0.4864279329776764
255 0.2754617929458618
256 1.067106008529663
257 0.5667700171470642
258 0.15923038125038147
259 0.38587522506713867
260 0.32424673438072205
261 0.18294723331928253
262 1.3239020109176636
263 1.0501121282577515
264 0.7094311118125916
265 0.9330893754959106
266 0.6585237979888916
267 0.5765047669410706
268 0.6708983182907104
269 0.7717312574386597
270 0.34261354804039
271 0.4020040035247803
272 0.7805273532867432
273 1.2099300622940063
274 0.6243488192558289
275 1.7192919254302979
276 0.5728809237480164
277 1.4723418951034546
278 1.3557347059249878
279 0.980180025100708
280 0.6831218004226685
281 1.393412470817566
282 1.4654110670089722
283 0.24817205965518951
284 0.13349616527557373
285 0.5033898949623108
286 0.3533678352832794
287 0.38663676381111145
288 0.6010465621948242
289 0.8783518075942993
290 0.7139433026313782
291 0.5785567760467529
292 0.7064661383628845
293 0.6637765765190125
294 0.9673895835876465
295 0.4539298117160797
296 0.6513202786445618
297 0.5244380235671997
298 0.664074182510376
299 0.3226149082183838
300 0.6554149389266968
301 0.4804075360298157
302 0.5803574919700623
303 0.27427247166633606
304 0.7195147275924683
305 0.38640880584716797
306 0.6594020128250122
307 0.8730501532554626
308 0.4137537479400635
309 0.36329296231269836
310 0.15839418768882751
311 0.3165583312511444
312 1.2400676012039185
313 0.17916075885295868
314 0.3631344735622406
315 0.7903977632522583
316 0.5617595314979553
317 0.5343997478485107
318 0.6452741026878357
319 0.3711620569229126
320 0.18142083287239075
321 0.22112587094306946
322 0.7535387277603149
323 0.716008186340332
324 0.7893948554992676
325 0.4832993745803833
326 0.7138797044754028
327 0.3017512559890747
328 0.5090521574020386
329 0.5405751466751099
330 0.6899264454841614
331 0.2858569920063019
332 0.28149574995040894
333 0.23173916339874268
334 1.7679498195648193
335 0.21781860291957855
336 0.6215851902961731
337 0.6963517665863037
338 0.6875510811805725
339 0.4430013597011566
340 0.4164479076862335
341 0.3275696337223053
342 0.4962150454521179
343 0.37742242217063904
344 0.26766952872276306
345 0.7834503650665283
346 0.5219985246658325
347 0.2710234522819519
348 0.361601322889328
349 0.8055697679519653
350 0.4268628656864166
351 0.5995593070983887
352 0.4085347354412079
353 0.2300606518983841
354 0.26834192872047424
355 0.22342199087142944
356 0.3695223033428192
357 0.3900783061981201
358 0.5075609087944031
359 0.7910978198051453
360 0.4252948760986328
361 0.26242730021476746
362 0.6368871331214905
363 0.44906753301620483
364 0.6249408721923828
365 0.7075482606887817
366 0.6449206471443176
367 0.3164514899253845
368 0.3220452070236206
369 0.25911828875541687
370 0.7374263405799866
371 0.529189944267273
372 0.5677348375320435
373 0.3400792181491852
374 0.5785258412361145
375 0.2670617401599884
376 0.28358227014541626
377 0.46934738755226135
378 0.13302624225616455
379 0.3298145532608032
380 0.6327856779098511
381 0.28003010153770447
382 0.2914678156375885
383 0.28225696086883545
384 0.6124107837677002
385 0.4467882812023163
386 0.6133958697319031
387 0.2939320206642151
388 0.5068894624710083
389 0.7230581641197205
390 0.33039751648902893
391 0.6940250396728516
392 0.5209757685661316
393 0.6317356824874878
394 0.25209739804267883
395 0.5903472900390625
396 0.5740988850593567
397 0.2706074118614197
398 0.7600142359733582
399 0.6660845875740051
400 0.1391337811946869
401 0.43894290924072266
402 0.824978768825531
403 0.2665947675704956
404 0.4399738311767578
405 0.5510697960853577
406 0.5278031229972839
407 0.7462728023529053
408 0.297627717256546
409 0.6532465219497681
410 0.752776026725769
411 0.7052179574966431
412 0.11908716708421707
413 0.5312851071357727
414 0.3071492910385132
415 0.3296642303466797
416 0.40788888931274414
417 0.28350120782852173
418 0.8120321035385132
419 0.3577232360839844
420 0.294918030500412
421 0.09145232290029526
422 0.1815473884344101
423 0.17978782951831818
424 0.22338680922985077
425 0.4240584373474121
426 0.31737425923347473
427 0.37802278995513916
428 0.18710671365261078
429 0.3016725182533264
430 0.17690102756023407
431 0.6156294941902161
432 1.1617915630340576
433 0.19829615950584412
434 0.9297670722007751
435 1.2807371616363525
436 0.18787649273872375
437 0.5206173658370972
438 0.14085684716701508
439 0.4372924268245697
440 0.2004077285528183
441 0.28246575593948364
442 0.5745550394058228
443 0.6055722236633301
444 0.5905655026435852
445 0.676833987236023
446 0.3970196843147278
447 0.673851728439331
448 0.2647057771682739
449 0.43393900990486145
450 0.2569292187690735
451 0.5614880323410034
452 0.4083079695701599
453 0.13518476486206055
454 0.4044652581214905
455 0.29596439003944397
456 0.47389546036720276
457 0.41912367939949036
458 0.1772293597459793
459 0.2353930026292801
460 0.39196208119392395
461 0.448973149061203
462 0.6104679703712463
463 0.24970218539237976
464 0.12993206083774567
465 0.40968379378318787
466 0.3026435077190399
467 0.7584154009819031
468 0.8325496315956116
469 0.4744878113269806
470 0.561302900314331
471 0.697561502456665
472 0.10517993569374084
473 0.8879754543304443
474 0.6016985177993774
475 0.32108962535858154
476 0.28325924277305603
477 0.6627061367034912
478 0.4847494661808014
479 0.5904825329780579
480 0.37378618121147156
481 0.3315177857875824
482 0.28107357025146484
483 0.5699987411499023
484 0.5219059586524963
485 0.896963894367218
486 0.780876636505127
487 0.381778746843338
488 0.36788177490234375
489 0.28924670815467834
490 0.13358208537101746
491 0.4466265141963959
492 0.7209949493408203
493 0.25635358691215515
494 0.22195009887218475
495 0.13719266653060913
496 0.6627349257469177
497 0.2764747142791748
498 0.2866237163543701
499 0.22302106022834778
500 0.48808273673057556
501 0.3666897118091583
502 0.68629390001297
503 0.39945703744888306
504 0.2780613303184509
505 0.17189764976501465
506 0.39835256338119507
507 0.32558542490005493
508 0.2685648202896118
509 0.7772594690322876
510 0.524059534072876
511 0.6457781195640564
512 0.19661034643650055
513 0.21606020629405975
514 0.4946596026420593
515 0.30147895216941833
516 0.18318630754947662
517 0.5174880623817444
518 0.4000732898712158
519 0.27344703674316406
520 0.22887594997882843
521 0.2894524335861206
522 0.34421733021736145
523 0.22866888344287872
524 0.30660444498062134
525 0.26430976390838623
526 0.5664128065109253
527 0.4040029048919678
528 0.4741571545600891
529 0.28255385160446167
530 0.1914391666650772
531 0.3472793996334076
532 0.2610483467578888
533 0.17631909251213074
534 0.5546830296516418
535 0.8946300148963928
536 0.2564457356929779
537 0.2379945069551468
538 0.2038252353668213
539 0.23067297041416168
540 0.3643721342086792
541 0.32709845900535583
542 0.21535590291023254
543 0.37275853753089905
544 0.5169677138328552
545 0.12571591138839722
546 0.21775417029857635
547 0.4670952260494232
548 0.3970309793949127
549 0.22042818367481232
550 0.20964302122592926
551 0.6923659443855286
552 0.3547682464122772
553 0.4979873597621918
554 0.37302395701408386
555 0.49957066774368286
556 0.5556450486183167
557 0.23253116011619568
558 0.0965510904788971
559 0.3738590478897095
560 0.14689616858959198
561 0.6526651978492737
562 0.3895736336708069
563 0.36785688996315
564 0.43917322158813477
565 0.37309178709983826
566 0.6008321642875671
567 0.2980280816555023
568 0.20158225297927856
569 0.8636850118637085
570 0.4526125490665436
571 0.27674028277397156
572 0.4155921936035156
573 0.32237982749938965
574 0.16243377327919006
575 0.3257297873497009
576 0.4658217132091522
577 0.3537711203098297
578 0.17622190713882446
579 0.23220674693584442
580 0.05708838999271393
581 0.5936117172241211
582 0.5351632237434387
583 0.2725699543952942
584 0.3928234875202179
585 0.10294854640960693
586 0.39855894446372986
587 0.3425498902797699
588 0.12291312217712402
589 0.460801362991333
590 0.18496182560920715
591 0.49534764885902405
592 0.39865392446517944
593 0.24154815077781677
594 0.4301964342594147
595 0.38608744740486145
596 0.509520411491394
597 0.4205995500087738
598 0.3887758255004883
599 0.31716829538345337
600 0.07397244870662689
601 0.4055684208869934
602 0.48850443959236145
603 0.4577106833457947
604 0.47356489300727844
605 0.2191993147134781
606 0.13819818198680878
607 0.2262325882911682
608 0.5395700931549072
609 0.21524140238761902
610 0.4952039420604706
611 0.32643914222717285
612 0.4898374080657959
613 0.34536540508270264
614 0.1604405790567398
615 0.0963086262345314
616 0.10504905134439468
617 0.22212852537631989
618 0.2552785277366638
619 0.32843953371047974
620 0.1942766010761261
621 0.28576961159706116
622 0.221831813454628
623 0.34509825706481934
624 0.23108461499214172
625 0.4328716993331909
626 0.46443668007850647
627 0.1780923455953598
628 0.2493966519832611
629 0.10657599568367004
630 0.22040371596813202
631 0.48566490411758423
632 0.33195197582244873
633 0.43730390071868896
634 0.3199783265590668
635 0.5203197598457336
636 0.46952271461486816
637 0.8378496766090393
638 0.21170827746391296
639 0.6267682313919067
640 0.7539914846420288
641 0.5384933352470398
642 0.28271743655204773
643 0.41600579023361206
644 0.07500176131725311
645 0.3735855519771576
646 0.46933647990226746
647 0.18181942403316498
648 0.633578360080719
649 0.1428513079881668
650 0.35817742347717285
651 0.5601489543914795
652 0.2870795726776123
653 0.16995984315872192
654 0.2392859309911728
655 0.14347107708454132
656 0.11868441104888916
657 0.2790868282318115
658 0.17148779332637787
659 0.2401091307401657
660 0.27945995330810547
661 0.44587597250938416
662 0.2526075541973114
663 0.2999638617038727
664 0.12128560990095139
665 0.2051408737897873
666 0.2310953289270401
667 0.33016544580459595
668 0.23199410736560822
669 0.17485272884368896
670 0.49467799067497253
671 0.19575151801109314
672 0.3864036202430725
673 0.4359682500362396
674 0.08740803599357605
675 1.2729475498199463
676 0.5719788670539856
677 0.49775028228759766
678 0.2611043155193329
679 0.1514682173728943
680 0.29839643836021423
681 0.23643366992473602
682 0.413679838180542
683 0.5644347071647644
684 0.3469221293926239
685 0.258872926235199
686 0.5361580848693848
687 0.4396343231201172
688 0.45219284296035767
689 0.2534330487251282
690 0.09086364507675171
691 0.2667514979839325
692 0.5773378014564514
693 0.8857420682907104
694 0.24014660716056824
695 0.5253766179084778
696 0.4777434468269348
697 0.19355101883411407
698 0.1979874223470688
699 0.1996578574180603
700 0.945249080657959
701 0.4592234492301941
702 0.21435603499412537
703 0.3350200057029724
704 0.11741748452186584
705 0.2853662073612213
706 0.2573185861110687
707 0.24051250517368317
708 0.14506837725639343
709 0.34568092226982117
710 0.20899419486522675
711 0.10972081124782562
712 0.13715218007564545
713 0.33246296644210815
714 0.5656344294548035
715 0.12455499172210693
716 0.20731186866760254
717 0.7375571727752686
718 0.2995113730430603
719 0.21503864228725433
720 0.3168642818927765
721 1.0260859727859497
722 0.18216410279273987
723 0.4356726408004761
724 0.23039127886295319
725 0.3038002550601959
726 0.24059930443763733
727 0.10777629911899567
728 0.11426063627004623
729 0.7671056985855103
730 0.5398604869842529
731 0.2300582081079483
732 0.17092028260231018
733 0.15965431928634644
734 0.19074401259422302
735 0.49812760949134827
736 0.3231666386127472
737 0.4683261811733246
738 0.40205690264701843
739 0.33336013555526733
740 0.21991175413131714
741 0.214768648147583
742 0.14695434272289276
743 0.12274100631475449
744 0.3041209876537323
745 0.16849109530448914
746 0.26558932662010193
747 0.1846270114183426
748 0.38565537333488464
749 0.3027871251106262
750 0.4966385066509247
751 0.48423701524734497
752 0.1669580489397049
753 0.2559916377067566
754 0.15064826607704163
755 0.4408232867717743
756 0.38742542266845703
757 0.23165369033813477
758 0.10251381993293762
759 0.1766679584980011
760 0.19880549609661102
761 0.27051088213920593
762 0.2586698532104492
763 0.18667462468147278
764 0.13830611109733582
765 0.1769479513168335
766 0.2904031574726105
767 0.3810303509235382
768 0.14387328922748566
769 0.37485766410827637
770 0.1173587292432785
771 0.30127599835395813
772 0.2896338999271393
773 0.5359312891960144
774 0.2692328691482544
775 0.4285358488559723
776 0.2966754734516144
777 0.2588002681732178
778 0.19354169070720673
779 0.15494637191295624
780 0.16699953377246857
781 0.22270186245441437
782 0.4925999343395233
783 0.3410174250602722
784 0.1599520444869995
785 0.3347058892250061
786 0.1838722825050354
787 0.5679199695587158
788 0.7061175107955933
789 0.14626480638980865
790 0.1495763659477234
791 0.4394454061985016
792 0.23874814808368683
793 0.60194993019104
794 0.26986873149871826
795 0.2279491424560547
796 0.166597381234169
797 0.35843753814697266
798 0.15690594911575317
799 0.5287548303604126
800 0.6194254159927368
801 0.4431689977645874
802 0.21017080545425415
803 0.157512366771698
804 0.09495534002780914
805 0.6155148148536682
806 0.8159021139144897
807 0.6791666150093079
808 0.1661582738161087
809 0.4502081274986267
810 0.1475761979818344
811 0.19033963978290558
812 0.3301733732223511
813 0.5036801099777222
814 0.6326802372932434
815 0.9672280550003052
816 0.27364879846572876
817 0.2611002027988434
818 0.6006042957305908
819 0.24056945741176605
820 0.47771522402763367
821 0.13080856204032898
822 0.17558202147483826
823 0.7371204495429993
824 0.25520139932632446
825 0.16646920144557953
826 0.21524226665496826
827 0.5610259175300598
828 0.32315176725387573
829 0.41549137234687805
830 0.14848414063453674
831 0.2744005024433136
832 0.2069280743598938
833 0.44765594601631165
834 0.0632123127579689
835 0.10651553422212601
836 0.2247854471206665
837 1.13105309009552
838 0.3830876350402832
839 0.14255058765411377
840 0.5118999481201172
841 0.4500707983970642
842 0.48010677099227905
843 0.4925897717475891
844 0.706123948097229
845 0.27949899435043335
846 0.7008237242698669
847 1.0980865955352783
848 0.5340362787246704
849 0.5935450792312622
850 0.29457852244377136
851 0.12846989929676056
852 0.21103107929229736
853 0.33044254779815674
854 0.5124974846839905
855 0.12772776186466217
856 0.6496106386184692
857 0.3278872072696686
858 0.34783586859703064
859 0.0775393471121788
860 0.16135987639427185
861 0.15738624334335327
862 0.1430375725030899
863 0.1846035271883011
864 0.11035161465406418
865 0.7598508596420288
866 0.18845291435718536
867 0.858598530292511
868 0.8267796635627747
869 0.11788937449455261
870 0.06411560624837875
871 0.5517635345458984
872 0.2649105489253998
873 0.2661316692829132
874 0.24586528539657593
875 0.16202932596206665
876 0.21100056171417236
877 0.2801458537578583
878 0.37181079387664795
879 0.34975868463516235
880 0.1502080261707306
881 0.21539351344108582
882 0.11957170814275742
883 0.1760304719209671
884 0.13995361328125
885 0.09519726783037186
886 0.5399249196052551
887 0.10321401059627533
888 0.16218185424804688
889 0.21266914904117584
890 0.22961761057376862
891 0.30305102467536926
892 0.1381215751171112
893 0.10730168968439102
894 0.05025424808263779
895 0.2842661738395691
896 0.3351594805717468
897 0.3126094341278076
898 0.5159785151481628
899 0.34818390011787415
900 0.25688791275024414
901 0.37237557768821716
902 0.1640724539756775
903 0.2845592796802521
904 0.07109321653842926
905 0.41985201835632324
906 0.11435207724571228
907 0.3594081401824951
908 0.5065644383430481
909 0.394212007522583
910 0.13704083859920502
911 0.39544034004211426
912 0.4309937059879303
913 0.446071982383728
914 0.14316514134407043
915 0.5442256927490234
916 0.28892651200294495
917 0.17035965621471405
918 0.4956667423248291
919 0.47466841340065
920 0.35760265588760376
921 0.19192065298557281
922 0.41164883971214294
923 0.3863302767276764
924 0.6692695021629333
925 0.48491618037223816
926 0.47059258818626404
927 0.19358980655670166
928 0.2160419076681137
929 0.1865142285823822
930 0.3144971430301666
931 0.332227498292923
932 0.20781654119491577
933 0.10442473739385605
934 0.30738937854766846
935 0.11091534793376923
936 0.2904718816280365
937 0.12730593979358673
938 0.18507933616638184
939 0.43251833319664
940 0.11371763795614243
941 0.47870564460754395
942 0.3291424512863159
943 0.4522750675678253
944 0.4666360914707184
945 0.3031965494155884
946 0.1698228418827057
947 0.29636356234550476
948 0.23511046171188354
949 0.2013685703277588
950 0.11094243824481964
951 0.25373944640159607
952 0.09370505064725876
953 0.23497222363948822
954 0.062348902225494385
955 0.4000544846057892
956 0.4876675307750702
957 0.3662368357181549
958 0.1362648457288742
959 0.1251884549856186
960 0.49827420711517334
961 0.1088683232665062
962 0.4584096372127533
963 0.499881386756897
964 0.1167309358716011
965 0.5081076622009277
966 0.23168577253818512
967 0.09307464957237244
968 0.11078391969203949
969 0.21537606418132782
970 0.05684034898877144
971 0.1728493571281433
972 0.23245513439178467
973 0.3937464654445648
974 0.7169597148895264
975 0.5533915758132935
976 0.6622523665428162
977 0.8257914185523987
978 0.5115371346473694
979 0.19970805943012238
980 0.3943818211555481
981 0.10135677456855774
982 0.26204854249954224
983 0.7008674144744873
984 0.7318515181541443
985 0.2618405818939209
986 0.2869715690612793
987 0.4954790771007538
988 0.2113397717475891
989 0.4448394775390625
990 0.36239492893218994
991 0.6562190055847168
992 0.566498875617981
993 0.36971616744995117
994 0.43755003809928894
995 0.30290529131889343
996 0.19790883362293243
997 0.2477259337902069
998 0.11025530099868774
999 0.40195730328559875
