0 13.324620246887207
1 3.7968087196350098
2 2.6499905586242676
3 3.751610279083252
4 5.13329553604126
5 6.263554096221924
6 2.6137161254882812
7 5.281481742858887
8 4.89043664932251
9 3.448028087615967
10 3.475907802581787
11 2.3129448890686035
12 4.7098188400268555
13 4.96726655960083
14 2.3222296237945557
15 4.2141618728637695
16 2.783574104309082
17 2.7168264389038086
18 2.9893884658813477
19 2.249107599258423
20 4.641411304473877
21 1.5455379486083984
22 4.074268341064453
23 1.2360702753067017
24 1.488415241241455
25 1.0827960968017578
26 1.2974131107330322
27 2.71671724319458
28 1.9760457277297974
29 0.7230450510978699
30 3.0467867851257324
31 1.184785008430481
32 0.9814869165420532
33 0.6766549944877625
34 1.534832239151001
35 1.633448839187622
36 3.707543134689331
37 2.8704779148101807
38 2.9638991355895996
39 3.1133861541748047
40 1.0676063299179077
41 1.0449365377426147
42 0.612877607345581
43 1.6655223369598389
44 0.5257300138473511
45 0.3138883709907532
46 0.6356428861618042
47 1.6595295667648315
48 1.2155805826187134
49 0.9950800538063049
50 0.8172987103462219
51 1.1581566333770752
52 0.9923442602157593
53 0.983222246170044
54 0.46690651774406433
55 0.7873682975769043
56 1.0731619596481323
57 0.9502256512641907
58 0.5810481309890747
59 1.2436918020248413
60 1.0581907033920288
61 0.8699396252632141
62 2.9503653049468994
63 0.8491301536560059
64 1.0370590686798096
65 1.6111598014831543
66 1.5380501747131348
67 1.5768046379089355
68 1.5827224254608154
69 1.395076036453247
70 1.0212503671646118
71 0.448259174823761
72 1.2383631467819214
73 1.3199865818023682
74 1.1869133710861206
75 2.9823532104492188
76 2.8720481395721436
77 1.2824946641921997
78 0.8926210999488831
79 2.428532361984253
80 1.5473288297653198
81 1.333540439605713
82 2.386303186416626
83 1.676936388015747
84 0.4240465462207794
85 0.6598146557807922
86 0.6051735281944275
87 0.6542445421218872
88 0.6975023746490479
89 1.399036169052124
90 0.524491548538208
91 0.4631778597831726
92 0.9632662534713745
93 0.8111157417297363
94 4.068129539489746
95 1.628596544265747
96 1.8371869325637817
97 0.807552695274353
98 0.6538371443748474
99 0.7372859716415405
100 0.6123530268669128
101 0.35825416445732117
102 1.019225001335144
103 2.5613417625427246
104 2.2140862941741943
105 1.0022403001785278
106 1.9028111696243286
107 0.27361881732940674
108 2.1496376991271973
109 1.408786416053772
110 1.4798898696899414
111 0.8891487121582031
112 1.5122663974761963
113 0.46952974796295166
114 2.0285110473632812
115 1.17616605758667
116 1.0423474311828613
117 2.3185007572174072
118 2.5976483821868896
119 0.6037137508392334
120 0.9261598587036133
121 0.7499725818634033
122 0.7170085310935974
123 1.6147099733352661
124 0.4204809069633484
125 1.50551176071167
126 0.5276825428009033
127 0.34318357706069946
128 0.1845211386680603
129 1.6956565380096436
130 0.4066862165927887
131 0.9688419699668884
132 0.25512540340423584
133 0.46975892782211304
134 0.40599480271339417
135 1.8722732067108154
136 0.9485262036323547
137 0.4527018368244171
138 2.027867555618286
139 0.7658604979515076
140 0.7460376620292664
141 2.2012054920196533
142 0.8352158665657043
143 1.5992740392684937
144 0.9608880281448364
145 0.7347660660743713
146 0.4720084071159363
147 2.457660675048828
148 0.5262414216995239
149 1.6627812385559082
150 0.21984443068504333
151 0.38862335681915283
152 1.1907405853271484
153 0.6055688858032227
154 1.419551968574524
155 1.3979963064193726
156 0.2915830910205841
157 0.5888709425926208
158 1.622254490852356
159 1.777492880821228
160 1.7921607494354248
161 0.8754152059555054
162 1.041214108467102
163 0.7735337615013123
164 0.6374009251594543
165 0.4251492917537689
166 0.7657785415649414
167 1.3450044393539429
168 0.47958314418792725
169 0.37967461347579956
170 1.2112454175949097
171 0.45057305693626404
172 0.8026109337806702
173 0.4204539358615875
174 0.6758619546890259
175 0.48351967334747314
176 0.7202374339103699
177 0.7361029386520386
178 0.7830313444137573
179 0.7377142310142517
180 0.47481295466423035
181 1.1704717874526978
182 0.9349771738052368
183 0.961301326751709
184 1.0603549480438232
185 0.982795238494873
186 0.7732572555541992
187 0.48901060223579407
188 1.1989505290985107
189 0.7159706354141235
190 0.651787281036377
191 0.4400269687175751
192 1.1500086784362793
193 0.6098499298095703
194 0.5770970582962036
195 0.9303892850875854
196 1.2120270729064941
197 0.8460178971290588
198 0.956468939781189
199 0.6329070329666138
200 0.220953106880188
201 1.217159628868103
202 0.4502772390842438
203 1.4952960014343262
204 0.34840458631515503
205 1.5805039405822754
206 1.7132041454315186
207 0.20774658024311066
208 0.6664097905158997
209 1.7579082250595093
210 0.3613179624080658
211 0.8195314407348633
212 0.7327463626861572
213 0.843548059463501
214 1.2212189435958862
215 0.7943125367164612
216 1.039947748184204
217 1.083750605583191
218 0.8081018328666687
219 0.7808446288108826
220 0.3605632483959198
221 1.192792296409607
222 2.3148739337921143
223 0.3359324634075165
224 0.4514751732349396
225 0.35468998551368713
226 1.1413521766662598
227 0.8160369992256165
228 0.39149701595306396
229 0.6114490032196045
230 0.4210522174835205
231 0.6972811222076416
232 0.5777559280395508
233 0.7763956189155579
234 0.424786776304245
235 0.4338548183441162
236 0.5668371915817261
237 0.8303609490394592
238 0.6247245669364929
239 1.0626657009124756
240 0.9560348987579346
241 1.2627007961273193
242 0.5424782633781433
243 0.23539161682128906
244 1.6560149192810059
245 0.5192200541496277
246 0.4372990131378174
247 0.45997628569602966
248 0.5194498896598816
249 0.6293269991874695
250 0.3128472566604614
251 0.6964757442474365
252 0.864170491695404
253 0.6066741347312927
254 0.44044867157936096
255 0.42124730348587036
256 0.7239381074905396
257 0.4286336600780487
258 0.7840522527694702
259 0.5799828171730042
260 0.34123778343200684
261 1.3647527694702148
262 0.7914248704910278
263 0.8179161548614502
264 2.2895302772521973
265 1.3308014869689941
266 1.1895476579666138
267 1.309407114982605
268 1.7021054029464722
269 0.8695878982543945
270 1.656195044517517
271 1.5356168746948242
272 0.9258928298950195
273 1.3790794610977173
274 2.1905198097229004
275 0.5922931432723999
276 0.3814600706100464
277 0.7488293647766113
278 0.33414164185523987
279 1.3955732583999634
280 1.3200304508209229
281 1.850778579711914
282 0.42532476782798767
283 1.2567894458770752
284 0.8421603441238403
285 0.976629376411438
286 0.20474867522716522
287 0.5864384770393372
288 0.371594101190567
289 0.47018739581108093
290 0.3802317976951599
291 0.9561910033226013
292 0.34625643491744995
293 0.6780285835266113
294 1.2285501956939697
295 0.7328279614448547
296 1.2763304710388184
297 0.36142656207084656
298 0.8076343536376953
299 0.6257597804069519
300 0.49439483880996704
301 0.7246693968772888
302 1.4646533727645874
303 1.3110105991363525
304 0.8092162609100342
305 0.7745735049247742
306 0.7644436955451965
307 0.6834351420402527
308 0.15280233323574066
309 0.7765038013458252
310 1.250177264213562
311 0.7017718553543091
312 0.7132949233055115
313 1.4076731204986572
314 1.4458895921707153
315 0.7311280965805054
316 1.285009741783142
317 0.8753376007080078
318 1.0391619205474854
319 0.49943387508392334
320 0.9109780788421631
321 1.119992733001709
322 0.26106002926826477
323 0.6373557448387146
324 0.5613566637039185
325 0.16869916021823883
326 0.5158104300498962
327 0.529805064201355
328 0.17207562923431396
329 0.46588337421417236
330 0.32265427708625793
331 0.9135581851005554
332 1.1071354150772095
333 1.1145586967468262
334 0.48720136284828186
335 0.7188681960105896
336 0.6178327798843384
337 0.16707992553710938
338 0.6984190940856934
339 0.5797057747840881
340 0.315787672996521
341 0.6088141798973083
342 0.2074313908815384
343 1.0756793022155762
344 0.5310710668563843
345 1.0090082883834839
346 0.6589457392692566
347 0.2614623010158539
348 0.18531769514083862
349 0.8633288741111755
350 0.6364494562149048
351 0.3939626216888428
352 0.8257907032966614
353 0.9222317934036255
354 0.5720890164375305
355 0.8517056703567505
356 0.6510326862335205
357 0.7462546825408936
358 0.6136133074760437
359 0.4559408128261566
360 0.7182214856147766
361 0.4845251441001892
362 1.2843221426010132
363 0.8782961964607239
364 0.4490857720375061
365 1.23325514793396
366 0.9999110698699951
367 0.922050416469574
368 0.965893566608429
369 0.29818832874298096
370 0.6121682524681091
371 0.8472386598587036
372 0.4573948383331299
373 0.25751596689224243
374 0.6389988660812378
375 0.7716500759124756
376 0.5441994667053223
377 0.6168065071105957
378 0.8353225588798523
379 0.6751881241798401
380 0.5120769143104553
381 0.46366608142852783
382 0.4682578146457672
383 0.5126752257347107
384 0.9625933170318604
385 0.5524571537971497
386 0.5844945907592773
387 0.8309842348098755
388 0.9252626895904541
389 0.4106016457080841
390 0.53073650598526
391 0.46854668855667114
392 0.3477507531642914
393 0.28116512298583984
394 0.2736443877220154
395 0.18129275739192963
396 0.23200547695159912
397 0.6806887984275818
398 0.5164842009544373
399 0.5170694589614868
400 0.24925017356872559
401 0.34290122985839844
402 1.5085691213607788
403 0.4091116487979889
404 0.37998080253601074
405 0.3862417936325073
406 0.49503985047340393
407 0.8346172571182251
408 0.46007195115089417
409 0.26149746775627136
410 0.20822161436080933
411 0.858927309513092
412 0.13718287646770477
413 0.9836453199386597
414 0.18247923254966736
415 0.9850773215293884
416 0.5512607097625732
417 0.5963207483291626
418 0.8976868391036987
419 1.118175983428955
420 0.5391424894332886
421 0.3620869815349579
422 0.21734251081943512
423 0.3803137242794037
424 0.177423357963562
425 0.37957876920700073
426 0.2247721552848816
427 1.2170202732086182
428 0.11599545925855637
429 0.8377411365509033
430 0.7120775580406189
431 0.4795995056629181
432 0.8329135179519653
433 0.49579402804374695
434 0.9602251648902893
435 0.2921026349067688
436 0.3126586079597473
437 1.1604164838790894
438 0.24357521533966064
439 0.4089958369731903
440 1.2077999114990234
441 1.1105855703353882
442 0.6389645934104919
443 1.2220531702041626
444 0.3038668930530548
445 0.3963952660560608
446 0.5507307648658752
447 0.29584169387817383
448 0.30856046080589294
449 0.3823417127132416
450 0.46263694763183594
451 0.2074330747127533
452 0.651939332485199
453 0.6768331527709961
454 0.38500654697418213
455 0.6505756974220276
456 0.8634476065635681
457 0.5794727802276611
458 0.22176320850849152
459 0.3891955018043518
460 0.23133566975593567
461 0.4979170858860016
462 0.8783349990844727
463 0.35986146330833435
464 0.9476253986358643
465 0.3582489490509033
466 0.5409924983978271
467 0.19373969733715057
468 1.1452423334121704
469 0.3281945288181305
470 0.3892614543437958
471 0.24678035080432892
472 0.7851951718330383
473 0.7375414967536926
474 0.5237171649932861
475 0.3862452507019043
476 0.2636148929595947
477 0.5011735558509827
478 0.25302717089653015
479 0.5996907353401184
480 0.32045429944992065
481 0.7056810259819031
482 0.49592670798301697
483 0.6064611077308655
484 1.2341701984405518
485 0.44506239891052246
486 1.1903201341629028
487 1.3369901180267334
488 0.27241918444633484
489 0.29936379194259644
490 0.38138481974601746
491 0.8874545097351074
492 0.46519750356674194
493 0.18981929123401642
494 0.46705690026283264
495 0.4959922432899475
496 0.7052436470985413
497 0.9083278775215149
498 0.6605728268623352
499 0.33134180307388306
500 0.5059735178947449
501 0.6126729249954224
502 0.40278249979019165
503 0.4617352783679962
504 0.7294301390647888
505 0.4111354351043701
506 0.2574000358581543
507 0.6683557033538818
508 0.46177688241004944
509 0.3900649845600128
510 1.1106388568878174
511 0.20849213004112244
512 0.3493046462535858
513 0.5768459439277649
514 0.5659719705581665
515 0.5037899613380432
516 0.5422810316085815
517 0.394081711769104
518 0.23178401589393616
519 0.3339169919490814
520 0.8184554576873779
521 0.46966809034347534
522 0.751564621925354
523 0.3859805166721344
524 0.7376285195350647
525 0.9319789409637451
526 0.2159145027399063
527 0.275442898273468
528 0.7452426552772522
529 0.16695410013198853
530 0.6683173179626465
531 0.38617852330207825
532 0.22898326814174652
533 0.5940648317337036
534 0.4146267771720886
535 0.9638137817382812
536 0.5721914172172546
537 0.5194236040115356
538 0.30843648314476013
539 0.414774090051651
540 0.24138997495174408
541 1.1489652395248413
542 0.35650473833084106
543 0.6530196666717529
544 0.7321807742118835
545 0.062261275947093964
546 0.26769760251045227
547 0.1744007021188736
548 0.977613091468811
549 0.8435891270637512
550 0.588376522064209
551 0.2918245494365692
552 0.22749891877174377
553 0.1708076298236847
554 0.21945257484912872
555 0.2815949320793152
556 0.24583104252815247
557 0.5148118734359741
558 0.05835021659731865
559 0.42417722940444946
560 0.2977074682712555
561 0.2889738380908966
562 0.20373499393463135
563 0.35623908042907715
564 0.31481799483299255
565 0.1329578310251236
566 0.23084384202957153
567 0.2592862546443939
568 1.6486643552780151
569 1.2174550294876099
570 0.409633070230484
571 0.5092962384223938
572 0.4468945264816284
573 0.8111622929573059
574 0.7626147270202637
575 0.6354048252105713
576 0.41240158677101135
577 0.08120786398649216
578 0.1823546588420868
579 0.8773360252380371
580 0.6877416968345642
581 0.41656771302223206
582 0.6640235185623169
583 0.10900144279003143
584 0.14772078394889832
585 0.4296620488166809
586 0.6986497640609741
587 0.37272965908050537
588 0.5188533663749695
589 0.4372255802154541
590 0.3711411952972412
591 1.2486284971237183
592 0.26128485798835754
593 0.7804484963417053
594 0.22436514496803284
595 1.0673842430114746
596 1.3895074129104614
597 0.39861974120140076
598 0.8324546813964844
599 1.413299560546875
600 0.395150363445282
601 0.7025647163391113
602 1.3887720108032227
603 0.32426416873931885
604 0.3684334456920624
605 0.1591862440109253
606 0.19312721490859985
607 0.9463839530944824
608 0.7101536393165588
609 0.19586829841136932
610 0.30530789494514465
611 0.670401394367218
612 0.7769850492477417
613 0.2819969952106476
614 0.38807180523872375
615 0.5883379578590393
616 0.23728379607200623
617 0.9349795579910278
618 0.39615511894226074
619 0.5635035037994385
620 0.9874103665351868
621 1.012094259262085
622 0.21840845048427582
623 0.11500860750675201
624 0.9587875604629517
625 1.084956169128418
626 0.33208167552948
627 0.14978352189064026
628 0.7763615250587463
629 0.8156818151473999
630 0.30369842052459717
631 0.5586200952529907
632 0.6914265751838684
633 0.9358212947845459
634 0.7999944090843201
635 1.184787392616272
636 0.3449896574020386
637 0.6004827618598938
638 0.11526693403720856
639 0.3112640976905823
640 0.19251130521297455
641 0.6254993081092834
642 0.4250772297382355
643 1.1602356433868408
644 0.4558035433292389
645 0.4765697717666626
646 0.6448076367378235
647 0.8358539938926697
648 0.57853764295578
649 0.3856434226036072
650 0.24966995418071747
651 1.5652055740356445
652 0.5829671025276184
653 0.15532265603542328
654 0.8354037404060364
655 1.0627388954162598
656 0.24891528487205505
657 0.18573227524757385
658 0.18934017419815063
659 0.1410549432039261
660 0.3324974775314331
661 0.64244145154953
662 0.48761916160583496
663 0.6192787289619446
664 0.18694660067558289
665 1.2974821329116821
666 0.14804469048976898
667 0.8017024993896484
668 1.3389116525650024
669 0.37585878372192383
670 0.4221101403236389
671 0.9974068403244019
672 0.9742507338523865
673 0.6055908799171448
674 0.874675989151001
675 1.3191465139389038
676 0.7420896291732788
677 0.361387699842453
678 0.4496982991695404
679 0.629381537437439
680 0.23103952407836914
681 0.2528480589389801
682 0.9595752954483032
683 0.7205048203468323
684 0.23893888294696808
685 0.42545074224472046
686 0.23632025718688965
687 0.6584866642951965
688 0.3880748748779297
689 0.3951837122440338
690 0.35097599029541016
691 0.21301771700382233
692 0.5581689476966858
693 0.5149325132369995
694 0.5478150844573975
695 0.1584259420633316
696 0.4698880910873413
697 0.5283961892127991
698 0.11229979991912842
699 0.554362416267395
700 0.402374267578125
701 0.15715156495571136
702 0.17004837095737457
703 0.25612014532089233
704 0.12732850015163422
705 0.248735249042511
706 0.21305805444717407
707 0.5945410132408142
708 0.45761165022850037
709 0.394931435585022
710 0.6271530389785767
711 1.0512726306915283
712 0.9174774885177612
713 0.5743772983551025
714 0.2962644696235657
715 0.22649091482162476
716 0.5082562565803528
717 0.5046555995941162
718 0.7377367615699768
719 0.17188596725463867
720 0.3497934937477112
721 0.35796231031417847
722 0.30860695242881775
723 0.17565666139125824
724 0.5182682871818542
725 0.16521820425987244
726 0.24813784658908844
727 0.8968930840492249
728 0.22538883984088898
729 0.21572144329547882
730 0.1781703233718872
731 0.5694524049758911
732 0.15931661427021027
733 0.7500108480453491
734 0.2887508273124695
735 0.6053218841552734
736 1.04302179813385
737 0.5037739872932434
738 0.7040402889251709
739 0.6889820098876953
740 0.3311677575111389
741 0.6133351922035217
742 0.45807573199272156
743 0.6165593266487122
744 0.0787605419754982
745 0.12303666770458221
746 0.9488429427146912
747 0.20891737937927246
748 0.21635833382606506
749 0.46196886897087097
750 0.5126327872276306
751 0.1820300668478012
752 0.08907255530357361
753 0.5069689154624939
754 0.35068202018737793
755 0.34725263714790344
756 0.5674341917037964
757 0.32411229610443115
758 0.5794371366500854
759 0.4157758951187134
760 0.28981295228004456
761 0.18073631823062897
762 0.26766064763069153
763 0.24178332090377808
764 0.12379223108291626
765 0.5222551822662354
766 0.0992235541343689
767 0.3494357168674469
768 0.3897421360015869
769 0.1818688064813614
770 0.12366323173046112
771 0.1897319257259369
772 0.19250912964344025
773 0.5544523000717163
774 0.34796345233917236
775 0.2843351662158966
776 0.6074230670928955
777 0.2836487293243408
778 0.6005018353462219
779 0.3256438374519348
780 0.1622348129749298
781 0.36438465118408203
782 0.6715743541717529
783 0.45727017521858215
784 0.3039598762989044
785 0.6954325437545776
786 0.4721435308456421
787 0.12602679431438446
788 0.5502391457557678
789 0.6017580032348633
790 0.3179786503314972
791 0.6486001014709473
792 1.083672285079956
793 0.32255691289901733
794 0.7097256779670715
795 0.8930433988571167
796 0.5346645712852478
797 0.46980321407318115
798 0.11729717999696732
799 0.4741481840610504
800 0.20094002783298492
801 0.19648520648479462
802 0.3251078426837921
803 0.4579393267631531
804 0.2291025072336197
805 0.1720592975616455
806 0.5856553912162781
807 0.15721383690834045
808 0.5733311772346497
809 0.30797040462493896
810 0.4505622982978821
811 0.7185680866241455
812 0.1475985050201416
813 0.3231583535671234
814 0.1974324882030487
815 0.10170725733041763
816 0.8140667676925659
817 0.15029454231262207
818 0.7550767660140991
819 0.44079989194869995
820 0.45673224329948425
821 0.28692930936813354
822 0.0999118983745575
823 0.42194342613220215
824 0.3778000771999359
825 0.4959088861942291
826 0.44554606080055237
827 0.34456175565719604
828 0.6661678552627563
829 0.3919603228569031
830 0.3334929943084717
831 0.5274668335914612
832 0.1518985778093338
833 0.10141763091087341
834 0.3213520050048828
835 0.13833604753017426
836 0.2761296033859253
837 0.18672236800193787
838 0.11445312947034836
839 0.338972270488739
840 0.12260788679122925
841 0.8057624101638794
842 0.8929948210716248
843 0.4397566020488739
844 0.5035173892974854
845 0.09901906549930573
846 0.6046081781387329
847 0.4745665490627289
848 0.400530606508255
849 0.3683716356754303
850 0.5400652885437012
851 0.46108385920524597
852 0.1703641712665558
853 0.4439851641654968
854 0.45642128586769104
855 0.3657139539718628
856 0.750481903553009
857 0.45861536264419556
858 0.29850584268569946
859 0.27910882234573364
860 0.2195659726858139
861 0.35341477394104004
862 0.4101143777370453
863 0.3527783453464508
864 0.21372316777706146
865 0.49974343180656433
866 0.1852918416261673
867 0.719855546951294
868 0.6116870045661926
869 0.3001524806022644
870 0.5142365097999573
871 0.22039520740509033
872 0.7612481117248535
873 0.2451700121164322
874 0.5774015188217163
875 0.33219316601753235
876 0.6933493614196777
877 0.633518397808075
878 0.21628043055534363
879 0.24902015924453735
880 0.41002950072288513
881 0.41071978211402893
882 0.2738657295703888
883 0.1802755892276764
884 0.3084314465522766
885 0.13489773869514465
886 0.2815340757369995
887 0.14594970643520355
888 0.46538668870925903
889 0.24164104461669922
890 0.2540524899959564
891 0.1595819890499115
892 0.1828659325838089
893 0.11168913543224335
894 0.2518022656440735
895 0.16920721530914307
896 0.24189171195030212
897 0.26679688692092896
898 0.37903064489364624
899 0.361489862203598
900 0.3916401267051697
901 0.8185989856719971
902 0.9100865721702576
903 0.5122888088226318
904 0.5932786464691162
905 1.0127578973770142
906 0.29802757501602173
907 0.6143113374710083
908 0.3498874008655548
909 0.278491348028183
910 0.5255156755447388
911 0.395458459854126
912 0.4338127076625824
913 0.17486286163330078
914 0.6716618537902832
915 0.6793394088745117
916 0.4034082591533661
917 0.80323725938797
918 0.7608124017715454
919 0.5729392170906067
920 0.08130732923746109
921 0.45508939027786255
922 0.3091585338115692
923 0.5821852684020996
924 0.7693241834640503
925 0.25242096185684204
926 0.20362214744091034
927 0.2347770780324936
928 1.0223108530044556
929 0.444550096988678
930 0.5392007231712341
931 0.15890076756477356
932 0.5576021075248718
933 0.2441311776638031
934 0.32960328459739685
935 0.1952919065952301
936 0.4070245027542114
937 0.27761250734329224
938 0.2645048499107361
939 0.2113015353679657
940 0.5092859268188477
941 0.2900274097919464
942 0.5656845569610596
943 0.7841800451278687
944 0.26381760835647583
945 0.0830894410610199
946 0.23379971086978912
947 0.2358894795179367
948 0.1561257392168045
949 0.15030913054943085
950 0.9952531456947327
951 0.3707379996776581
952 0.4325798451900482
953 0.3954700827598572
954 0.20119114220142365
955 0.24849465489387512
956 0.31903472542762756
957 0.2486543357372284
958 0.28401869535446167
959 0.27668023109436035
960 0.19779494404792786
961 0.17353954911231995
962 0.8428471088409424
963 0.19890764355659485
964 0.34592097997665405
965 0.4876320958137512
966 0.35810741782188416
967 0.18622983992099762
968 0.3790561556816101
969 0.2257622927427292
970 0.157706156373024
971 0.327652245759964
972 0.1901804655790329
973 0.6007875204086304
974 0.1962757259607315
975 0.5681354999542236
976 0.12154177576303482
977 0.4866624176502228
978 0.30631616711616516
979 0.13713683187961578
980 0.598629355430603
981 0.43197059631347656
982 0.23932164907455444
983 0.4686022698879242
984 0.22296294569969177
985 0.42064809799194336
986 0.037619806826114655
987 0.40347912907600403
988 0.16344667971134186
989 0.6284005045890808
990 0.47118479013442993
991 0.16566599905490875
992 0.21321913599967957
993 0.5811625123023987
994 0.20488183200359344
995 0.3700708746910095
996 0.8696722984313965
997 0.937087893486023
998 0.2824931740760803
999 0.28826966881752014
