0 23.630496978759766
1 15.956523895263672
2 15.699837684631348
3 13.266010284423828
4 9.870756149291992
5 14.967668533325195
6 7.295806884765625
7 15.506609916687012
8 11.428439140319824
9 6.980215072631836
10 10.147405624389648
11 9.912034034729004
12 11.914793014526367
13 7.716305732727051
14 7.453887939453125
15 9.922340393066406
16 7.871890544891357
17 7.7751078605651855
18 7.089606761932373
19 2.3221802711486816
20 4.903035640716553
21 4.399984836578369
22 2.158263683319092
23 4.898935794830322
24 4.655645370483398
25 2.591449499130249
26 2.7846407890319824
27 1.267703890800476
28 2.907796859741211
29 1.0673820972442627
30 1.2453492879867554
31 1.2077343463897705
32 2.8652217388153076
33 4.136380195617676
34 2.18636417388916
35 3.6469991207122803
36 0.8273190259933472
37 3.137463092803955
38 1.7856773138046265
39 2.7304301261901855
40 2.8697237968444824
41 1.8820194005966187
42 2.2688639163970947
43 1.4001575708389282
44 1.3136961460113525
45 1.362101674079895
46 1.6193753480911255
47 2.4922401905059814
48 1.7614431381225586
49 1.341162919998169
50 1.4192808866500854
51 2.038384199142456
52 0.8930636048316956
53 0.5827003121376038
54 0.7218551635742188
55 1.230485200881958
56 0.6498062610626221
57 0.8541256189346313
58 2.0119259357452393
59 0.8728737235069275
60 1.1203685998916626
61 1.7361093759536743
62 0.6389806866645813
63 1.513654351234436
64 1.3361116647720337
65 1.4644347429275513
66 0.8051504492759705
67 0.5510794520378113
68 1.0623375177383423
69 0.9248926639556885
70 1.1896802186965942
71 1.5559935569763184
72 0.9853733777999878
73 0.9807579517364502
74 1.2426331043243408
75 1.1187002658843994
76 0.815177321434021
77 0.8353783488273621
78 0.8040009140968323
79 1.6442360877990723
80 0.7915237545967102
81 1.2143915891647339
82 1.348085641860962
83 1.111295223236084
84 0.5772286057472229
85 0.7186726331710815
86 1.3347159624099731
87 1.4048019647598267
88 1.0791831016540527
89 0.6945384740829468
90 0.6739521026611328
91 0.856679379940033
92 0.9056658148765564
93 0.6501163840293884
94 2.5134506225585938
95 1.7186509370803833
96 1.0220680236816406
97 1.3423898220062256
98 1.0751701593399048
99 0.7723386883735657
100 0.7315906882286072
101 1.5521208047866821
102 1.0573911666870117
103 1.4725346565246582
104 1.1345980167388916
105 1.6594406366348267
106 0.714137852191925
107 1.4313157796859741
108 1.3481770753860474
109 1.1116646528244019
110 1.1880179643630981
111 0.8464827537536621
112 0.8153008222579956
113 1.0837714672088623
114 1.1023154258728027
115 0.9977119565010071
116 1.1735332012176514
117 1.004473328590393
118 0.5101864337921143
119 0.9447383284568787
120 0.9470897316932678
121 0.8791004419326782
122 1.2762322425842285
123 0.4154819846153259
124 0.8042204976081848
125 0.8883503675460815
126 1.1679424047470093
127 1.2821218967437744
128 0.4334254562854767
129 1.202993631362915
130 0.5859043002128601
131 1.265668272972107
132 1.664947509765625
133 0.9488409757614136
134 1.507930874824524
135 1.1776158809661865
136 1.6008809804916382
137 1.3083000183105469
138 1.1063685417175293
139 0.50358647108078
140 1.78005850315094
141 1.238953709602356
142 0.8226736783981323
143 0.5483086109161377
144 0.4016731083393097
145 1.2335121631622314
146 1.2573668956756592
147 0.638070285320282
148 0.6988857984542847
149 1.15493643283844
150 1.4913718700408936
151 1.4708166122436523
152 1.2976629734039307
153 0.8477768898010254
154 1.023177146911621
155 1.4316139221191406
156 1.098793387413025
157 1.0763120651245117
158 1.0608381032943726
159 0.8307507038116455
160 0.3006223738193512
161 1.3454625606536865
162 0.7004618644714355
163 0.517335057258606
164 0.8846102356910706
165 2.173318386077881
166 1.686400294303894
167 1.3250154256820679
168 0.7908510565757751
169 1.223588228225708
170 0.8557834029197693
171 1.1773054599761963
172 0.5084360241889954
173 1.6677160263061523
174 1.3525454998016357
175 0.7312013506889343
176 0.6162935495376587
177 0.8480231761932373
178 1.2640553712844849
179 1.231705665588379
180 1.290591835975647
181 1.171863317489624
182 1.1400731801986694
183 1.0959898233413696
184 0.9476668238639832
185 1.656188726425171
186 0.9212706089019775
187 0.6205548644065857
188 0.662207305431366
189 0.4287022650241852
190 0.6460468173027039
191 0.48386985063552856
192 0.6047095656394958
193 0.5052057504653931
194 0.6338263750076294
195 0.9153984189033508
196 0.6299746632575989
197 0.7550588250160217
198 1.1029452085494995
199 0.6727216839790344
200 1.018668293952942
201 0.6734999418258667
202 0.6558032631874084
203 0.5656179785728455
204 0.7159590721130371
205 0.7469521164894104
206 0.7880584001541138
207 1.0736054182052612
208 0.5304146409034729
209 1.2040977478027344
210 0.8797974586486816
211 0.8379829525947571
212 0.4853891432285309
213 1.1402865648269653
214 0.5875009298324585
215 1.139063835144043
216 0.9672980308532715
217 1.011873722076416
218 0.6020028591156006
219 0.744858980178833
220 1.074002742767334
221 0.7833453416824341
222 1.05913245677948
223 0.33683690428733826
224 0.3382357358932495
225 0.5020109415054321
226 0.8230862021446228
227 0.6799967288970947
228 0.4613024890422821
229 0.5430064797401428
230 0.47155919671058655
231 0.7133998870849609
232 0.7761678099632263
233 1.8395869731903076
234 0.8496164679527283
235 0.8742479085922241
236 1.26052725315094
237 0.27027618885040283
238 0.4189620316028595
239 0.5110700130462646
240 0.664979875087738
241 1.0501540899276733
242 0.8228157758712769
243 0.16545453667640686
244 0.8023192286491394
245 0.594436526298523
246 1.0948981046676636
247 0.1762211173772812
248 0.6371920108795166
249 0.5637248754501343
250 0.4392327666282654
251 0.3948134481906891
252 0.28032946586608887
253 0.47950494289398193
254 0.681343674659729
255 0.535484254360199
256 0.5108557939529419
257 0.36041924357414246
258 1.0863116979599
259 0.47137922048568726
260 0.572313666343689
261 0.2742818295955658
262 1.4162040948867798
263 1.2555274963378906
264 0.6233296990394592
265 0.4739016890525818
266 0.42773711681365967
267 0.8972052931785583
268 0.2995623052120209
269 0.6530071496963501
270 0.25824636220932007
271 0.5165590047836304
272 0.5946446657180786
273 0.4421863257884979
274 0.5111111402511597
275 0.8981077075004578
276 0.29860955476760864
277 0.6295034289360046
278 0.6926426291465759
279 0.9690366983413696
280 1.1213966608047485
281 0.9607319831848145
282 0.43157532811164856
283 0.44502124190330505
284 0.6855041980743408
285 0.6347178220748901
286 0.5188539624214172
287 0.45908039808273315
288 0.2012549191713333
289 0.38948217034339905
290 0.7280415296554565
291 1.1135061979293823
292 0.8294182419776917
293 0.585138738155365
294 0.6171265840530396
295 0.4208277463912964
296 0.9746238589286804
297 1.207952857017517
298 0.485579252243042
299 0.5900862812995911
300 0.4531698226928711
301 0.9947293400764465
302 0.2718967795372009
303 0.4650508761405945
304 0.8118290901184082
305 0.6781215071678162
306 0.7625358700752258
307 0.6389179825782776
308 0.37068530917167664
309 0.39497125148773193
310 0.4791000783443451
311 0.6761873364448547
312 0.7736078500747681
313 0.5531594753265381
314 0.9439039826393127
315 0.763014554977417
316 0.7364614605903625
317 0.5899137854576111
318 0.4131420850753784
319 0.5327759385108948
320 0.7363798022270203
321 0.4936210811138153
322 0.5013315677642822
323 0.6948192119598389
324 0.950839102268219
325 1.124232530593872
326 0.907609224319458
327 1.258882761001587
328 1.8641966581344604
329 0.7812463641166687
330 0.8564097881317139
331 0.5032650828361511
332 0.6292436718940735
333 0.8009505271911621
334 0.369444876909256
335 0.44685953855514526
336 0.39244344830513
337 0.5738503932952881
338 0.47634243965148926
339 0.37703242897987366
340 0.6089794635772705
341 0.40266183018684387
342 0.4104759693145752
343 0.38325002789497375
344 0.9502869844436646
345 0.5078220367431641
346 0.6064450144767761
347 0.7108010649681091
348 0.938258945941925
349 0.796856701374054
350 0.38591471314430237
351 0.4583887755870819
352 0.3778917193412781
353 0.6012158989906311
354 0.2567768096923828
355 0.8478555083274841
356 0.3964882493019104
357 1.2503752708435059
358 0.8237011432647705
359 0.7695164084434509
360 0.6215630173683167
361 0.39891481399536133
362 0.44873806834220886
363 0.2612345814704895
364 0.3016696572303772
365 0.5636997222900391
366 1.0513808727264404
367 0.6201202273368835
368 0.6127024292945862
369 0.3995978832244873
370 0.7676075100898743
371 0.5880630016326904
372 0.4881969094276428
373 0.4030298888683319
374 0.971979022026062
375 0.6715882420539856
376 0.49976587295532227
377 0.8921408653259277
378 0.7293916940689087
379 1.002130389213562
380 0.37540268898010254
381 0.47520723938941956
382 1.4596196413040161
383 1.5128000974655151
384 1.1155858039855957
385 0.6714040040969849
386 0.42434144020080566
387 0.464201420545578
388 0.38099023699760437
389 0.4558212459087372
390 0.543637216091156
391 0.5690039396286011
392 0.6185821294784546
393 0.7135224342346191
394 0.683186948299408
395 0.4368928074836731
396 0.6521668434143066
397 0.8569843173027039
398 1.2254352569580078
399 0.873813271522522
400 0.7021610140800476
401 0.6270159482955933
402 0.3612576723098755
403 0.8417885899543762
404 0.5746669173240662
405 0.3120768964290619
406 0.6901916265487671
407 0.5061078071594238
408 0.39253419637680054
409 0.5719833374023438
410 0.4933246374130249
411 0.48501837253570557
412 0.45133817195892334
413 0.4839007556438446
414 0.321559339761734
415 0.650852382183075
416 0.67430579662323
417 0.46342045068740845
418 0.4210182726383209
419 0.37338846921920776
420 0.5245460867881775
421 0.40092533826828003
422 0.34486186504364014
423 0.8838987350463867
424 0.7433655858039856
425 0.5852417945861816
426 0.693151593208313
427 0.7008673548698425
428 0.753530740737915
429 0.4088210165500641
430 0.3429429233074188
431 0.29754114151000977
432 0.5017945766448975
433 0.5825923085212708
434 0.6752512454986572
435 1.1167528629302979
436 0.4427414536476135
437 0.8651719093322754
438 0.6505218744277954
439 0.5898192524909973
440 0.5766295790672302
441 0.31356701254844666
442 0.5322942137718201
443 0.3323894739151001
444 0.7614656090736389
445 0.5789127945899963
446 0.4177117943763733
447 0.3789435625076294
448 0.5802717804908752
449 0.2937301695346832
450 0.3180210292339325
451 0.48226815462112427
452 0.6181455850601196
453 0.6199115514755249
454 0.3912317752838135
455 0.5021864771842957
456 0.22485841810703278
457 0.3226968050003052
458 0.5905455350875854
459 0.9054853916168213
460 0.7359664440155029
461 0.8637888431549072
462 0.2965855598449707
463 0.4470783472061157
464 0.2652997672557831
465 0.5180152058601379
466 0.5898463726043701
467 0.9660457372665405
468 1.083884596824646
469 0.6516618728637695
470 0.5875480771064758
471 0.4734066426753998
472 0.5946664810180664
473 0.8332884311676025
474 0.5095738172531128
475 0.20200172066688538
476 0.3467867076396942
477 0.5125637650489807
478 0.33247241377830505
479 0.27099916338920593
480 0.4547681510448456
481 0.30342504382133484
482 0.4695381224155426
483 0.5168957114219666
484 0.47441279888153076
485 0.5724610090255737
486 0.7084448337554932
487 0.4529906213283539
488 0.5231771469116211
489 0.8009518980979919
490 0.48538100719451904
491 0.36777743697166443
492 0.6894118189811707
493 0.4936501681804657
494 0.4071875512599945
495 0.4679381549358368
496 0.2751759886741638
497 0.6949830651283264
498 0.4735264778137207
499 0.3761131763458252
500 0.3809289038181305
501 0.573512077331543
502 0.6071671843528748
503 0.5135605335235596
504 0.4361421465873718
505 0.2744515538215637
506 0.5067335963249207
507 0.383527934551239
508 0.46029597520828247
509 0.35541823506355286
510 0.23143313825130463
511 0.6890320777893066
512 0.42066866159439087
513 0.5509705543518066
514 0.6544178128242493
515 0.39459121227264404
516 0.5339288711547852
517 0.6256739497184753
518 0.42859500646591187
519 0.32361167669296265
520 0.22219780087471008
521 0.44905349612236023
522 0.7211362719535828
523 0.269589364528656
524 0.31716153025627136
525 0.3919200301170349
526 0.507899284362793
527 0.20725366473197937
528 0.3793514370918274
529 0.36491531133651733
530 0.32456955313682556
531 0.2225264608860016
532 0.366559237241745
533 0.33188509941101074
534 0.48329225182533264
535 0.46293172240257263
536 0.326561838388443
537 0.18409040570259094
538 0.33813580870628357
539 0.42462167143821716
540 0.33204957842826843
541 0.48916730284690857
542 0.5593188405036926
543 0.43964171409606934
544 0.3965848684310913
545 0.4999646842479706
546 0.5076941847801208
547 0.5865709185600281
548 0.4351401925086975
549 0.2436816394329071
550 0.321351557970047
551 0.8500326871871948
552 0.5259448289871216
553 0.39615046977996826
554 0.5792368054389954
555 0.5215474963188171
556 0.49008649587631226
557 0.27803993225097656
558 0.3022152781486511
559 0.41108646988868713
560 0.36841607093811035
561 0.2586776316165924
562 0.42922258377075195
563 0.4583984911441803
564 0.34779608249664307
565 0.5466852784156799
566 0.4548916220664978
567 0.35588377714157104
568 0.4456654489040375
569 0.41168004274368286
570 0.3158644437789917
571 0.3639800250530243
572 0.3857303857803345
573 0.6521115303039551
574 0.15228000283241272
575 0.3984760344028473
576 0.4340377151966095
577 0.3587019443511963
578 0.3235640525817871
579 0.5021730065345764
580 0.4468230605125427
581 0.5065355896949768
582 0.19342000782489777
583 0.2581298351287842
584 0.42825666069984436
585 0.26483792066574097
586 0.33477383852005005
587 0.3222403824329376
588 0.2172553837299347
589 0.33556151390075684
590 0.7463632822036743
591 0.33666473627090454
592 0.4609578847885132
593 0.3364439606666565
594 0.37062177062034607
595 0.3786006271839142
596 0.2238946110010147
597 0.1962403506040573
598 0.30705419182777405
599 0.32975491881370544
600 0.2552180290222168
601 0.25531935691833496
602 0.35593029856681824
603 0.3140222728252411
604 0.3551699221134186
605 0.2777717113494873
606 0.322192519903183
607 0.47764158248901367
608 0.4060504734516144
609 0.5218462944030762
610 0.4738299250602722
611 0.42662137746810913
612 0.3822895586490631
613 0.17379701137542725
614 0.2572297155857086
615 0.24379773437976837
616 0.54656982421875
617 0.18536067008972168
618 0.26451507210731506
619 0.2477303445339203
620 0.45847392082214355
621 0.34539440274238586
622 0.26821190118789673
623 0.4640986919403076
624 0.3103824555873871
625 0.6235714554786682
626 0.3205357789993286
627 0.45904627442359924
628 0.5174674391746521
629 0.5000361204147339
630 0.41974782943725586
631 0.5695875287055969
632 0.4565269649028778
633 0.3074286878108978
634 0.34598174691200256
635 0.3921582102775574
636 0.48456010222435
637 0.4200151562690735
638 0.43154221773147583
639 0.587895929813385
640 0.18171019852161407
641 0.22837184369564056
642 0.18857887387275696
643 0.39770182967185974
644 0.18447019159793854
645 0.3123204708099365
646 0.2764115035533905
647 0.4885255694389343
648 0.49701356887817383
649 0.2643725574016571
650 0.2812281847000122
651 0.2452298402786255
652 0.3711496889591217
653 0.5613729953765869
654 0.5690439939498901
655 0.29641324281692505
656 0.47306758165359497
657 0.8245195150375366
658 0.3500058054924011
659 0.28403255343437195
660 0.18070170283317566
661 0.2017553448677063
662 0.19064177572727203
663 0.2822445333003998
664 0.19924378395080566
665 0.264985054731369
666 0.2875362038612366
667 0.3000747263431549
668 0.3179610073566437
669 0.3426928222179413
670 0.3295632302761078
671 0.5127568244934082
672 0.16246366500854492
673 0.35774049162864685
674 0.4690331518650055
675 0.5320988893508911
676 0.964463472366333
677 0.2321654111146927
678 0.31213489174842834
679 0.27186182141304016
680 0.15627945959568024
681 0.25589609146118164
682 0.29412418603897095
683 0.321186363697052
684 0.262077271938324
685 0.22603511810302734
686 0.19115538895130157
687 0.3463000953197479
688 0.44537752866744995
689 0.42063531279563904
690 0.2581457495689392
691 0.2233835905790329
692 0.22191575169563293
693 0.31859055161476135
694 0.192083477973938
695 0.33130550384521484
696 0.1598542183637619
697 0.2485034316778183
698 0.36219343543052673
699 0.37158334255218506
700 0.36794233322143555
701 0.4654802978038788
702 0.31557634472846985
703 0.4122261106967926
704 0.42163729667663574
705 0.24959440529346466
706 0.3074524700641632
707 0.22325614094734192
708 0.249636709690094
709 0.3673558831214905
710 0.3236965537071228
711 0.34576940536499023
712 0.3461037874221802
713 0.3997194170951843
714 0.2839064598083496
715 0.23219531774520874
716 0.21716026961803436
717 0.4271673262119293
718 0.485477477312088
719 0.32213640213012695
720 0.3270633816719055
721 0.27643918991088867
722 0.19077923893928528
723 0.26364263892173767
724 0.4252420961856842
725 0.2952151298522949
726 0.33512526750564575
727 0.44547414779663086
728 0.4555158019065857
729 0.3137050271034241
730 0.33026450872421265
731 0.4225834012031555
732 0.29290032386779785
733 0.25964897871017456
734 0.35925570130348206
735 0.2688981592655182
736 0.19141162931919098
737 0.309597373008728
738 0.3476375639438629
739 0.20692504942417145
740 0.4217278063297272
741 0.4325527250766754
742 0.38028544187545776
743 0.22173336148262024
744 0.11062362045049667
745 0.24756696820259094
746 0.2895606756210327
747 0.4237155020236969
748 0.2573221027851105
749 0.2972588837146759
750 0.19765859842300415
751 0.22245149314403534
752 0.3104129433631897
753 0.39784783124923706
754 0.30312395095825195
755 0.889869749546051
756 0.260210782289505
757 0.4075741767883301
758 0.2928377389907837
759 0.17816303670406342
760 0.4167073369026184
761 0.327607125043869
762 0.29015761613845825
763 0.1907300055027008
764 0.24645166099071503
765 0.21753612160682678
766 0.1955695003271103
767 0.21900197863578796
768 0.15990689396858215
769 0.33968791365623474
770 0.13055649399757385
771 0.1931607574224472
772 0.24397459626197815
773 0.23076437413692474
774 0.32203271985054016
775 0.25831422209739685
776 0.29795995354652405
777 0.23600779473781586
778 0.15363809466362
779 0.2705518305301666
780 0.22514764964580536
781 0.18705938756465912
782 0.24864529073238373
783 0.2207997441291809
784 1.0022763013839722
785 0.1390378624200821
786 0.11762194335460663
787 0.2699620723724365
788 0.19786839187145233
789 0.2828311026096344
790 0.34185609221458435
791 0.439516544342041
792 0.39282548427581787
793 0.29302120208740234
794 0.3458356559276581
795 0.3326892554759979
796 0.19069132208824158
797 0.45495831966400146
798 0.3317689895629883
799 0.3534872233867645
800 0.32462507486343384
801 0.3213392496109009
802 0.14189687371253967
803 0.2815522849559784
804 0.42305028438568115
805 0.5871732234954834
806 0.3091886639595032
807 0.25656357407569885
808 0.24439585208892822
809 0.2481812834739685
810 0.337067186832428
811 0.21135489642620087
812 0.21881069242954254
813 0.2273869663476944
814 0.47357475757598877
815 0.44573143124580383
816 0.28043702244758606
817 0.26302388310432434
818 0.24334114789962769
819 0.23398074507713318
820 0.24106045067310333
821 0.21464037895202637
822 0.2925175130367279
823 0.3137059807777405
824 0.2501562237739563
825 0.3125908672809601
826 0.3403187096118927
827 0.1271675080060959
828 0.37002435326576233
829 0.21212619543075562
830 0.21671995520591736
831 0.20968742668628693
832 0.3490901291370392
833 0.32010775804519653
834 0.34324562549591064
835 0.30524224042892456
836 0.30824345350265503
837 0.24003106355667114
838 0.20497429370880127
839 0.2652219533920288
840 0.14697347581386566
841 0.3956379294395447
842 0.19249959290027618
843 0.3957536220550537
844 0.22979865968227386
845 0.19724039733409882
846 0.12913605570793152
847 0.1790723204612732
848 0.18104538321495056
849 0.15746155381202698
850 0.17927029728889465
851 0.08863825350999832
852 0.23771259188652039
853 0.2657396197319031
854 0.16836300492286682
855 0.12358137220144272
856 0.20143474638462067
857 0.26447781920433044
858 0.2657535672187805
859 0.13397154211997986
860 0.09667286276817322
861 0.1372492015361786
862 0.24430131912231445
863 0.20468738675117493
864 0.42135706543922424
865 0.19047221541404724
866 0.1055990606546402
867 0.20070314407348633
868 0.36334535479545593
869 0.1765405386686325
870 0.2822061777114868
871 0.3404950201511383
872 0.13352753221988678
873 0.116231769323349
874 0.2868669033050537
875 0.18058034777641296
876 0.20688430964946747
877 0.42339158058166504
878 0.2259308099746704
879 0.3103729486465454
880 0.4418541193008423
881 0.40104010701179504
882 0.2126898169517517
883 0.17375659942626953
884 0.28525710105895996
885 0.32464343309402466
886 0.20959681272506714
887 0.18121396005153656
888 0.20785196125507355
889 0.3422033190727234
890 0.24667847156524658
891 0.20357368886470795
892 0.15917548537254333
893 0.19521071016788483
894 0.17600636184215546
895 0.30444756150245667
896 0.15943413972854614
897 0.3309521973133087
898 0.17190153896808624
899 0.21250081062316895
900 0.1755199283361435
901 0.242754727602005
902 0.16172386705875397
903 0.09777095168828964
904 0.15752176940441132
905 0.13167843222618103
906 0.13449305295944214
907 0.1382734328508377
908 0.15501734614372253
909 0.19853630661964417
910 0.12746472656726837
911 0.13418956100940704
912 0.24709266424179077
913 0.12726929783821106
914 0.1345548778772354
915 0.12240801751613617
916 0.18979690968990326
917 0.23344002664089203
918 0.15004447102546692
919 0.29155272245407104
920 0.14526407420635223
921 0.16851073503494263
922 0.15811185538768768
923 0.20881237089633942
924 0.24608896672725677
925 0.18000751733779907
926 0.17182035744190216
927 0.1814497709274292
928 0.3136548101902008
929 0.21829767525196075
930 0.21500857174396515
931 0.2248285561800003
932 0.23160387575626373
933 0.11275747418403625
934 0.27520883083343506
935 0.1984664350748062
936 0.22877758741378784
937 0.23060548305511475
938 0.20079481601715088
939 0.23267033696174622
940 0.20793016254901886
941 0.4714348316192627
942 0.30022725462913513
943 0.5111460089683533
944 0.33847859501838684
945 0.3018209636211395
946 0.2930021584033966
947 0.1279779076576233
948 0.17808498442173004
949 0.24491629004478455
950 0.159241184592247
951 0.3469179570674896
952 0.17571797966957092
953 0.14665302634239197
954 0.14462296664714813
955 0.263472318649292
956 0.20152948796749115
957 0.3190670907497406
958 0.2593223750591278
959 0.1957312971353531
960 0.27878236770629883
961 0.23291082680225372
962 0.3984231948852539
963 0.14567679166793823
964 0.11565923690795898
965 0.3333389461040497
966 0.21322794258594513
967 0.2383878082036972
968 0.25428611040115356
969 0.2839987874031067
970 0.3397027552127838
971 0.15269730985164642
972 0.18656741082668304
973 0.2298755645751953
974 0.213018536567688
975 0.20034314692020416
976 0.4078178405761719
977 0.2264510542154312
978 0.23245114088058472
979 0.26524263620376587
980 0.13094791769981384
981 0.11537624150514603
982 0.336113303899765
983 0.1750423014163971
984 0.27701666951179504
985 0.3199867010116577
986 0.32938528060913086
987 0.3973478078842163
988 0.3002643883228302
989 0.3994014859199524
990 0.22707922756671906
991 0.16527481377124786
992 0.3391880393028259
993 0.1872003674507141
994 0.2216435819864273
995 0.18007546663284302
996 0.26071876287460327
997 0.1855037957429886
998 0.31116554141044617
999 0.28166261315345764
