0 1.468567967414856
1 4.960378170013428
2 4.554616451263428
3 2.4587271213531494
4 2.271017551422119
5 1.2882442474365234
6 2.9043009281158447
7 3.0995092391967773
8 4.0616583824157715
9 3.9378066062927246
10 0.44842517375946045
11 3.817274808883667
12 3.3177127838134766
13 2.076303720474243
14 5.502660751342773
15 4.094872951507568
16 3.1489601135253906
17 1.2750446796417236
18 1.7898870706558228
19 3.376542806625366
20 3.898071765899658
21 2.972177743911743
22 4.249835014343262
23 2.6900057792663574
24 5.340068340301514
25 3.3484089374542236
26 0.40252310037612915
27 2.4050240516662598
28 4.300683498382568
29 2.912156581878662
30 4.9237189292907715
31 2.140058994293213
32 2.4677717685699463
33 2.766324520111084
34 4.700847148895264
35 2.4376087188720703
36 1.3809704780578613
37 4.380256175994873
38 3.6904139518737793
39 0.8295976519584656
40 2.0543107986450195
41 3.751582622528076
42 1.586621642112732
43 2.909489631652832
44 2.8632094860076904
45 1.5026443004608154
46 4.547672271728516
47 3.5021591186523438
48 2.0135536193847656
49 1.9898101091384888
50 5.165372371673584
51 2.660491943359375
52 3.1979763507843018
53 3.8727190494537354
54 5.25669002532959
55 1.6639008522033691
56 3.221997022628784
57 2.8019981384277344
58 2.3469319343566895
59 1.9879759550094604
60 5.408283233642578
61 4.969748497009277
62 1.4508365392684937
63 0.7915992736816406
64 3.406618356704712
65 5.248188495635986
66 2.5493931770324707
67 1.852946162223816
68 1.5003631114959717
69 3.223052740097046
70 1.5953819751739502
71 2.833991527557373
72 2.6556942462921143
73 1.5475072860717773
74 3.985225200653076
75 2.3491578102111816
76 5.641003608703613
77 2.4145889282226562
78 2.721557140350342
79 2.0000016689300537
80 4.128393173217773
81 1.40116286277771
82 2.875725507736206
83 2.548569679260254
84 1.9440001249313354
85 1.7674428224563599
86 1.9538367986679077
87 1.8538824319839478
88 4.392127990722656
89 1.3742544651031494
90 2.045454978942871
91 1.7145978212356567
92 1.6786353588104248
93 2.213346004486084
94 3.2891809940338135
95 4.208535671234131
96 2.4548301696777344
97 4.3434882164001465
98 1.412382960319519
99 1.5091216564178467
100 1.8411308526992798
101 1.8055579662322998
102 0.855417013168335
103 1.4237912893295288
104 3.7780869007110596
105 4.666975021362305
106 3.2584712505340576
107 2.631103515625
108 3.050584316253662
109 2.3805463314056396
110 1.2922842502593994
111 2.986726999282837
112 1.2006633281707764
113 2.1099393367767334
114 1.7636128664016724
115 3.5481069087982178
116 2.4601802825927734
117 2.3657145500183105
118 3.089217185974121
119 1.426983118057251
120 0.958328127861023
121 2.8877570629119873
122 3.364773988723755
123 2.7888190746307373
124 3.8362343311309814
125 3.2905967235565186
126 4.202829837799072
127 6.144803524017334
128 2.384788751602173
129 4.479472637176514
130 2.4275104999542236
131 2.054429292678833
132 2.8537333011627197
133 1.9397646188735962
134 4.445612907409668
135 3.126187324523926
136 1.7807374000549316
137 2.1988580226898193
138 1.4881492853164673
139 1.4877275228500366
140 3.1329641342163086
141 3.776538372039795
142 0.9194713234901428
143 1.078761339187622
144 2.211669683456421
145 1.530159831047058
146 3.0444421768188477
147 0.6113325357437134
148 2.3335673809051514
149 3.3496716022491455
150 3.540475606918335
151 1.3652994632720947
152 3.2286016941070557
153 2.0326950550079346
154 3.2309889793395996
155 3.4819653034210205
156 4.824382781982422
157 3.3750181198120117
158 3.6222124099731445
159 2.118370294570923
160 1.9726494550704956
161 2.217470407485962
162 4.19746732711792
163 1.7114896774291992
164 0.7864456176757812
165 1.4014912843704224
166 1.1247363090515137
167 2.9445583820343018
168 1.6042728424072266
169 2.7380576133728027
170 3.208723545074463
171 2.400778293609619
172 2.1774184703826904
173 2.575099468231201
174 1.7425040006637573
175 1.2088713645935059
176 3.175079345703125
177 1.0767344236373901
178 2.598172187805176
179 3.093668222427368
180 3.3537728786468506
181 1.4964929819107056
182 1.7307744026184082
183 2.4666645526885986
184 1.0938653945922852
185 3.3072350025177
186 3.0231947898864746
187 1.9829782247543335
188 1.1811120510101318
189 3.620694398880005
190 4.217051982879639
191 1.6837679147720337
192 1.43755304813385
193 2.9790353775024414
194 1.740797519683838
195 3.409874439239502
196 1.8843562602996826
197 2.0997068881988525
198 2.470522403717041
199 1.8193981647491455
200 3.23241925239563
201 0.6316704154014587
202 3.630629539489746
203 1.3330848217010498
204 2.726858615875244
205 0.67618727684021
206 2.396538496017456
207 2.1175005435943604
208 1.8770670890808105
209 2.746962547302246
210 1.119870901107788
211 0.7606101632118225
212 2.9012866020202637
213 2.310628890991211
214 2.51177978515625
215 3.399649143218994
216 1.6496846675872803
217 2.663607120513916
218 4.080486297607422
219 3.2180659770965576
220 1.099435567855835
221 2.092414617538452
222 1.2065156698226929
223 1.6165691614151
224 3.702021360397339
225 2.9655864238739014
226 2.7814955711364746
227 2.607546091079712
228 3.204498767852783
229 2.6484060287475586
230 3.1576499938964844
231 3.460453510284424
232 1.9722613096237183
233 1.4999842643737793
234 1.8062793016433716
235 2.115555763244629
236 3.7792749404907227
237 1.4098073244094849
238 4.496835231781006
239 1.2710827589035034
240 1.808420181274414
241 1.04976487159729
242 2.1651721000671387
243 1.8833527565002441
244 2.2054600715637207
245 2.5408363342285156
246 2.7283806800842285
247 2.104405403137207
248 2.140692710876465
249 2.4676899909973145
250 1.2050082683563232
251 0.8495746850967407
252 2.2923636436462402
253 2.1667661666870117
254 1.1576412916183472
255 1.2780907154083252
256 0.3129367232322693
257 2.6437857151031494
258 3.491533041000366
259 1.0187591314315796
260 2.198787212371826
261 2.0332632064819336
262 2.308845043182373
263 2.6860671043395996
264 1.5413180589675903
265 1.3007802963256836
266 0.9355230331420898
267 3.833705425262451
268 2.656203031539917
269 1.8995386362075806
270 3.5918431282043457
271 3.0300416946411133
272 1.7266744375228882
273 2.7681150436401367
274 2.6723239421844482
275 1.7442775964736938
276 0.6316969990730286
277 1.862871527671814
278 3.3395326137542725
279 2.710090160369873
280 1.2347875833511353
281 2.1060917377471924
282 1.9140620231628418
283 3.662480115890503
284 0.6742688417434692
285 2.49410343170166
286 1.5490596294403076
287 2.2242205142974854
288 0.4119306802749634
289 2.5448195934295654
290 1.793088674545288
291 4.175372123718262
292 2.1757290363311768
293 1.6570336818695068
294 2.1106574535369873
295 1.1777312755584717
296 1.3975050449371338
297 1.2620152235031128
298 2.3824496269226074
299 1.4939727783203125
300 4.532765865325928
301 1.1133517026901245
302 2.451659679412842
303 1.6412148475646973
304 3.2972166538238525
305 2.8706085681915283
306 1.519232988357544
307 1.2214857339859009
308 3.3657217025756836
309 1.4357919692993164
310 2.3846466541290283
311 1.8657690286636353
312 0.835419237613678
313 2.293459892272949
314 1.7813324928283691
315 0.9995157122612
316 1.6414706707000732
317 1.606806993484497
318 2.406529426574707
319 2.0442683696746826
320 2.5069708824157715
321 2.4296321868896484
322 1.4237195253372192
323 1.2748253345489502
324 1.2665728330612183
325 3.621742010116577
326 0.8453323245048523
327 1.768193244934082
328 0.8612993359565735
329 2.5810697078704834
330 0.32232972979545593
331 1.96224045753479
332 1.5788277387619019
333 2.151731491088867
334 2.2905070781707764
335 1.5377440452575684
336 0.5227064490318298
337 2.551171064376831
338 3.7413482666015625
339 1.5180387496948242
340 0.940436601638794
341 1.1843712329864502
342 1.2335896492004395
343 3.7086596488952637
344 0.3892960548400879
345 2.5661239624023438
346 2.559311866760254
347 1.0176736116409302
348 1.0956326723098755
349 1.7838613986968994
350 2.04301118850708
351 2.083806276321411
352 2.310445785522461
353 2.1217055320739746
354 1.7514917850494385
355 3.2448694705963135
356 0.8599011301994324
357 2.6433794498443604
358 1.1157258749008179
359 1.6174778938293457
360 1.210121750831604
361 1.0774846076965332
362 2.7043280601501465
363 2.6546545028686523
364 1.5837886333465576
365 0.8070168495178223
366 2.228424549102783
367 1.1943230628967285
368 1.8647263050079346
369 1.9770408868789673
370 1.3449405431747437
371 1.0790046453475952
372 2.8562839031219482
373 1.2530128955841064
374 1.485238790512085
375 2.53267765045166
376 1.8412891626358032
377 1.4330432415008545
378 1.0264928340911865
379 1.0577186346054077
380 1.842199683189392
381 0.6848508715629578
382 1.3633511066436768
383 1.450040578842163
384 1.0845856666564941
385 1.5357190370559692
386 2.7640395164489746
387 2.696002960205078
388 1.7258083820343018
389 1.643269658088684
390 0.7382482290267944
391 2.5106396675109863
392 3.6689019203186035
393 1.9379528760910034
394 1.1269619464874268
395 1.6826515197753906
396 1.0474865436553955
397 1.0020315647125244
398 1.7030609846115112
399 2.1865673065185547
400 2.265338182449341
401 1.0647368431091309
402 1.006231665611267
403 1.505967617034912
404 1.5918781757354736
405 1.106386423110962
406 0.1906242072582245
407 0.7383913993835449
408 0.5853759050369263
409 2.073560953140259
410 1.2001800537109375
411 1.0930755138397217
412 0.484424889087677
413 1.7494288682937622
414 1.4825658798217773
415 1.3899097442626953
416 0.9968172311782837
417 2.392385721206665
418 1.3812960386276245
419 0.8058926463127136
420 0.9371490478515625
421 1.0700889825820923
422 2.0010058879852295
423 0.7099958658218384
424 1.152942180633545
425 1.8077222108840942
426 1.1221586465835571
427 1.3922748565673828
428 1.4938163757324219
429 1.628893256187439
430 2.4759256839752197
431 1.0551785230636597
432 0.1201290711760521
433 1.9188388586044312
434 1.5459777116775513
435 2.0642571449279785
436 0.5147596597671509
437 1.0458810329437256
438 2.047595262527466
439 0.6877984404563904
440 2.139744758605957
441 0.3810948133468628
442 1.4469677209854126
443 2.468503952026367
444 0.950971245765686
445 1.6570872068405151
446 1.5618013143539429
447 0.5908687114715576
448 0.5394633412361145
449 1.2413078546524048
450 0.8897035121917725
451 1.891711711883545
452 1.1312247514724731
453 1.4890458583831787
454 1.4197914600372314
455 0.9742419123649597
456 1.5875777006149292
457 1.28692626953125
458 0.7776059508323669
459 1.4601409435272217
460 1.194890022277832
461 1.0798972845077515
462 0.9219328761100769
463 0.7383096814155579
464 0.6894012689590454
465 1.3625236749649048
466 1.5855066776275635
467 1.0968806743621826
468 1.5558652877807617
469 1.4677330255508423
470 0.264907568693161
471 0.7004418969154358
472 0.38563525676727295
473 1.1305813789367676
474 1.1398813724517822
475 1.6247451305389404
476 0.5584036707878113
477 1.1793982982635498
478 0.5124503970146179
479 0.6837157011032104
480 0.5676894187927246
481 0.5664439797401428
482 2.365772247314453
483 0.5899638533592224
484 1.5457966327667236
485 1.0572199821472168
486 1.1209087371826172
487 0.4577787220478058
488 0.5715987086296082
489 0.208250492811203
490 1.3972276449203491
491 0.9278950691223145
492 0.4534265697002411
493 1.5881661176681519
494 0.5424891710281372
495 1.1641827821731567
496 0.6295860409736633
497 0.9859330654144287
498 0.809488832950592
499 0.49792420864105225
500 0.7290321588516235
501 0.4403451383113861
502 2.313969135284424
503 1.2825350761413574
504 0.8463988900184631
505 0.6602111458778381
506 0.9859879612922668
507 1.2366396188735962
508 1.1111637353897095
509 0.9354794025421143
510 0.9530104398727417
511 0.5716464519500732
512 0.3948994278907776
513 0.8252126574516296
514 1.7005778551101685
515 1.1619471311569214
516 1.5877478122711182
517 0.6934653520584106
518 0.20745176076889038
519 0.31694668531417847
520 1.435440182685852
521 0.7296959757804871
522 0.658728301525116
523 0.7086692452430725
524 0.5777879953384399
525 1.2722612619400024
526 1.3477972745895386
527 0.9095348715782166
528 0.35446035861968994
529 0.8233104348182678
530 0.5350902676582336
531 0.809985339641571
532 1.0639501810073853
533 0.7740285396575928
534 1.095672369003296
535 1.1115401983261108
536 0.3602895736694336
537 1.0167574882507324
538 0.7393748760223389
539 1.307941198348999
540 0.716639518737793
541 0.9556610584259033
542 0.9135469198226929
543 0.9745651483535767
544 0.9336748123168945
545 0.985421895980835
546 0.5830045938491821
547 0.8183723092079163
548 0.8645392060279846
549 0.5261117815971375
550 0.350821316242218
551 0.5258363485336304
552 1.2920056581497192
553 0.22498899698257446
554 0.849462628364563
555 0.5053915977478027
556 0.473300039768219
557 0.7238970398902893
558 0.41387638449668884
559 0.4423061013221741
560 0.6352729797363281
561 0.9057726263999939
562 0.6915419101715088
563 0.3675030469894409
564 0.7780504822731018
565 0.8067943453788757
566 0.6694995164871216
567 0.8785644769668579
568 0.57108074426651
569 0.5135409235954285
570 0.5095654726028442
571 0.2847711443901062
572 0.6853283643722534
573 0.6189990043640137
574 0.27682679891586304
575 0.7120697498321533
576 0.7193629145622253
577 0.14847801625728607
578 0.49674975872039795
579 0.7921432852745056
580 0.4206344187259674
581 0.5516781806945801
582 0.33092591166496277
583 0.28297731280326843
584 0.5379771590232849
585 0.9042275547981262
586 0.3253462314605713
587 0.6930546164512634
588 0.3991208076477051
589 0.842144787311554
590 0.4244513511657715
591 0.2517313063144684
592 0.2150598168373108
593 0.6363300085067749
594 1.3242226839065552
595 0.5176162719726562
596 0.38015758991241455
597 0.4834791123867035
598 0.66401606798172
599 0.9040024876594543
600 0.23605979979038239
601 0.846444845199585
602 0.22629961371421814
603 0.5437732338905334
604 0.33164894580841064
605 0.5493161678314209
606 0.8732994794845581
607 0.6671945452690125
608 0.5727638006210327
609 0.36196479201316833
610 0.5218245387077332
611 0.5520711541175842
612 0.48149043321609497
613 0.4720546305179596
614 0.5098048448562622
615 0.5826224684715271
616 0.5878268480300903
617 0.26238149404525757
618 0.11901929974555969
619 0.3623218536376953
620 0.4039025902748108
621 0.17006739974021912
622 0.3642154633998871
623 0.39509761333465576
624 0.41746994853019714
625 0.7738124132156372
626 0.2321762889623642
627 0.41292446851730347
628 0.28972306847572327
629 0.3083897531032562
630 0.3783484995365143
631 0.3968456983566284
632 0.33191215991973877
633 0.4501827359199524
634 0.4503321945667267
635 0.2063159942626953
636 0.4261915385723114
637 0.3863608241081238
638 0.28192171454429626
639 0.24798913300037384
640 0.2624569833278656
641 0.4204586148262024
642 0.42545247077941895
643 0.4787275195121765
644 0.18312886357307434
645 0.3451744318008423
646 0.5574684739112854
647 0.11493530124425888
648 0.26489517092704773
649 0.33150115609169006
650 0.3631676137447357
651 0.31740546226501465
652 0.28409653902053833
653 0.4469164311885834
654 0.19526837766170502
655 0.2085333913564682
656 0.40016046166419983
657 0.29892781376838684
658 0.32050925493240356
659 0.1431894153356552
660 0.26334530115127563
661 0.4578721821308136
662 0.35814735293388367
663 0.30669286847114563
664 0.511728048324585
665 0.26369932293891907
666 0.15545271337032318
667 0.27057674527168274
668 0.24940912425518036
669 0.1462591141462326
670 0.22442209720611572
671 0.25565361976623535
672 0.371783584356308
673 0.2770780026912689
674 0.19405214488506317
675 0.36264005303382874
676 0.29269981384277344
677 0.14355862140655518
678 0.24458685517311096
679 0.24229861795902252
680 0.33629465103149414
681 0.2205120325088501
682 0.33597078919410706
683 0.23974911868572235
684 0.11078279465436935
685 0.20873837172985077
686 0.21377311646938324
687 0.20354880392551422
688 0.1908867061138153
689 0.4204137623310089
690 0.41756290197372437
691 0.17629899084568024
692 0.30683666467666626
693 0.16250933706760406
694 0.2518157958984375
695 0.19434036314487457
696 0.2124919295310974
697 0.2699844241142273
698 0.22998090088367462
699 0.3102360665798187
700 0.22453296184539795
701 0.24567314982414246
702 0.13120557367801666
703 0.11540684103965759
704 0.290754497051239
705 0.13379274308681488
706 0.19179175794124603
707 0.18320265412330627
708 0.1897374391555786
709 0.2643177807331085
710 0.14838160574436188
711 0.21546348929405212
712 0.1619202047586441
713 0.1183990091085434
714 0.224612757563591
715 0.35790157318115234
716 0.13920184969902039
717 0.2174454927444458
718 0.24904777109622955
719 0.2387675642967224
720 0.10550142079591751
721 0.12785044312477112
722 0.11757289618253708
723 0.19865579903125763
724 0.12654832005500793
725 0.15289922058582306
726 0.16918085515499115
727 0.24255068600177765
728 0.1798858642578125
729 0.1778709441423416
730 0.16850072145462036
731 0.19619034230709076
732 0.1434791088104248
733 0.15393206477165222
734 0.1732199341058731
735 0.21194756031036377
736 0.09842261672019958
737 0.2870935797691345
738 0.14927145838737488
739 0.11505743861198425
740 0.24044296145439148
741 0.14454403519630432
742 0.28041815757751465
743 0.14335477352142334
744 0.12184939533472061
745 0.12674500048160553
746 0.20113351941108704
747 0.09182059019804001
748 0.12330126017332077
749 0.1318741887807846
750 0.19016717374324799
751 0.0955711379647255
752 0.15241998434066772
753 0.17921873927116394
754 0.08426413685083389
755 0.1698164939880371
756 0.1515280157327652
757 0.15753215551376343
758 0.14865657687187195
759 0.11523224413394928
760 0.09525196999311447
761 0.1371079385280609
762 0.1282471865415573
763 0.18777601420879364
764 0.13769516348838806
765 0.1672176718711853
766 0.18337179720401764
767 0.08917544037103653
768 0.1384495496749878
769 0.08347656577825546
770 0.16811473667621613
771 0.1347378045320511
772 0.1320050209760666
773 0.12698021531105042
774 0.056688327342271805
775 0.10834857821464539
776 0.09596394747495651
777 0.15113377571105957
778 0.06380495429039001
779 0.050161462277173996
780 0.10061273723840714
781 0.11920928210020065
782 0.1909281611442566
783 0.11274170130491257
784 0.1305946409702301
785 0.19814907014369965
786 0.09061859548091888
787 0.09394892305135727
788 0.12227983772754669
789 0.056920215487480164
790 0.08733918517827988
791 0.12959836423397064
792 0.07782651484012604
793 0.10435184091329575
794 0.08832532912492752
795 0.09688954800367355
796 0.12300542742013931
797 0.09905431419610977
798 0.0873938575387001
799 0.07477661222219467
800 0.10091523826122284
801 0.07370532304048538
802 0.1420491337776184
803 0.12117500603199005
804 0.0894046351313591
805 0.10276074707508087
806 0.08569059520959854
807 0.08550763130187988
808 0.07708097994327545
809 0.11193721741437912
810 0.12521198391914368
811 0.07371143251657486
812 0.11039990186691284
813 0.06910758465528488
814 0.09330993890762329
815 0.07743534445762634
816 0.08807395398616791
817 0.0823296457529068
818 0.08124734461307526
819 0.10888224840164185
820 0.11292295157909393
821 0.10697313398122787
822 0.09479730576276779
823 0.04593437910079956
824 0.0636989176273346
825 0.08385762572288513
826 0.06035839021205902
827 0.08451396971940994
828 0.044619228690862656
829 0.07834247499704361
830 0.035353146493434906
831 0.06836295127868652
832 0.06501594930887222
833 0.08705917000770569
834 0.08655497431755066
835 0.0651286244392395
836 0.06247972697019577
837 0.09380973130464554
838 0.0910438820719719
839 0.08271820843219757
840 0.04029451683163643
841 0.06816013157367706
842 0.05894684046506882
843 0.08323235809803009
844 0.08778700232505798
845 0.04481563717126846
846 0.05188293755054474
847 0.09039448201656342
848 0.07242555916309357
849 0.03501516580581665
850 0.08439581096172333
851 0.0766376256942749
852 0.07806967943906784
853 0.03331208601593971
854 0.08368565887212753
855 0.04050527885556221
856 0.06436615437269211
857 0.05308656394481659
858 0.03125643730163574
859 0.08549129962921143
860 0.07887233048677444
861 0.08513910323381424
862 0.05881444364786148
863 0.04677232354879379
864 0.02698950096964836
865 0.06416504830121994
866 0.05088653042912483
867 0.06654058396816254
868 0.05162627622485161
869 0.0679829865694046
870 0.055470701307058334
871 0.061452943831682205
872 0.04131082445383072
873 0.06655863672494888
874 0.04852133244276047
875 0.04136345162987709
876 0.06261416524648666
877 0.03206281363964081
878 0.055473729968070984
879 0.036880191415548325
880 0.04687167704105377
881 0.06400957703590393
882 0.03772672265768051
883 0.03451457619667053
884 0.05057784542441368
885 0.054161086678504944
886 0.04926672577857971
887 0.04614579305052757
888 0.054101768881082535
889 0.03329923003911972
890 0.03594125807285309
891 0.03767024353146553
892 0.01128353551030159
893 0.03684965521097183
894 0.032933350652456284
895 0.03865872696042061
896 0.03503335267305374
897 0.03668947517871857
898 0.027830878272652626
899 0.034504979848861694
900 0.03912867605686188
901 0.052321597933769226
902 0.039029888808727264
903 0.05496199056506157
904 0.03196481987833977
905 0.04418926686048508
906 0.041857149451971054
907 0.04607432708144188
908 0.03553400933742523
909 0.04578166827559471
910 0.047087639570236206
911 0.03852231055498123
912 0.040816180408000946
913 0.08462727814912796
914 0.034684229642152786
915 0.04499507695436478
916 0.05516563355922699
917 0.046398863196372986
918 0.045837681740522385
919 0.02635304629802704
920 0.04274267703294754
921 0.04785224422812462
922 0.04768388345837593
923 0.03781326487660408
924 0.039725162088871
925 0.027243057265877724
926 0.03629937767982483
927 0.045374494045972824
928 0.040376488119363785
929 0.03076299838721752
930 0.039585214108228683
931 0.03989546746015549
932 0.0417696051299572
933 0.03550606593489647
934 0.05028793215751648
935 0.024383211508393288
936 0.03279951959848404
937 0.038994401693344116
938 0.04032318666577339
939 0.018864870071411133
940 0.04132085293531418
941 0.025252098217606544
942 0.027958137914538383
943 0.032704561948776245
944 0.010861678048968315
945 0.035153597593307495
946 0.039982765913009644
947 0.032256390899419785
948 0.03750352934002876
949 0.03232914209365845
950 0.023825904354453087
951 0.04592415690422058
952 0.0304081030189991
953 0.037772394716739655
954 0.0384226031601429
955 0.02003675140440464
956 0.039975736290216446
957 0.01973004639148712
958 0.03811382129788399
959 0.03512979671359062
960 0.027658432722091675
961 0.02401616796851158
962 0.039042141288518906
963 0.022469963878393173
964 0.04016397148370743
965 0.029621565714478493
966 0.02998516708612442
967 0.032151032239198685
968 0.03463095799088478
969 0.026112286373972893
970 0.0234327744692564
971 0.012971469201147556
972 0.035182204097509384
973 0.02769109047949314
974 0.02663242258131504
975 0.042422179132699966
976 0.03608221188187599
977 0.0373564288020134
978 0.032576460391283035
979 0.010812899097800255
980 0.02003956027328968
981 0.02425023354589939
982 0.02159523218870163
983 0.023744046688079834
984 0.029663048684597015
985 0.026289332658052444
986 0.018391979858279228
987 0.02577018551528454
988 0.02647022157907486
989 0.019128400832414627
990 0.029603859409689903
991 0.026569070294499397
992 0.02524583786725998
993 0.040877584367990494
994 0.024286581203341484
995 0.026144610717892647
996 0.03801935911178589
997 0.0340886116027832
998 0.029407672584056854
999 0.027520377188920975
