0 12.537593841552734
1 11.536176681518555
2 6.781559944152832
3 3.4443182945251465
4 1.020874261856079
5 7.647314548492432
6 4.617583751678467
7 0.31550535559654236
8 3.3083109855651855
9 3.9056735038757324
10 3.0223608016967773
11 1.6575852632522583
12 0.7132115960121155
13 0.7808841466903687
14 0.26920345425605774
15 0.14372903108596802
16 0.07181047648191452
17 0.026398707181215286
18 0.019841894507408142
19 0.015608955174684525
20 0.014146058820188046
21 0.011814779601991177
22 0.009611856192350388
23 0.0114296218380332
24 0.005386208649724722
25 0.005444617010653019
26 0.00542960362508893
27 0.004524990450590849
28 0.004382523708045483
29 0.004275537561625242
30 0.0035577486269176006
31 0.0032470787409693003
32 0.0028010604437440634
33 0.0027630890253931284
34 0.0026915844064205885
35 0.002780687529593706
36 0.001718014944344759
37 0.0017471646424382925
38 0.0020153673831373453
39 0.0016072256257757545
40 0.0014233574038371444
41 0.0011637581046670675
42 0.00102813181001693
43 0.0016734336968511343
44 0.0014325081137940288
45 0.0013216636143624783
46 0.0011485442519187927
47 0.0009071639506146312
48 0.0005254081333987415
49 0.000999060575850308
50 0.001000960124656558
51 0.0005590311484411359
52 0.0007180524407885969
53 0.0008014061022549868
54 0.0007840675534680486
55 0.0007097046473063529
56 0.0008088930044323206
57 0.0003908323706127703
58 0.0007826148066669703
59 0.00042078670230694115
60 0.00031123595545068383
61 0.00038915497134439647
62 0.0003434513637330383
63 0.00026861618971452117
64 0.00035228097112849355
65 0.0002520015696063638
66 0.00037699303356930614
67 0.0002967157051898539
68 0.0003727837174665183
69 0.0003921219613403082
70 0.00035464492975734174
71 0.000636851298622787
72 0.0003409107739571482
73 0.00022269936744123697
74 0.0004180051328148693
75 0.00032729835947975516
76 0.00023351611162070185
77 0.00025897714658640325
78 0.00031311126076616347
79 0.00023894320474937558
80 0.00017749716062098742
81 0.0003312513290438801
82 0.0003572446294128895
83 0.00043240952072665095
84 0.0003018043644260615
85 0.00020604606834240258
86 0.00024044234305620193
87 0.00019407074432820082
88 0.0004156789218541235
89 0.0001332649844698608
90 0.0003460586885921657
91 8.993003575596958e-05
92 0.0001843165373429656
93 0.00010118343197973445
94 0.00040696319774724543
95 0.0006372382631525397
96 0.00042830206803046167
97 0.0002933979267254472
98 0.00016927323304116726
99 0.00012593812425620854
100 0.0005945857847109437
101 0.00016881462943274528
102 0.0001633161009522155
103 0.00012213301670271903
104 0.00024803445558063686
105 0.0003443251771386713
106 0.00017950285109691322
107 0.00013418958405964077
108 0.00031481304904446006
109 0.00032474700128659606
110 0.0001983649272006005
111 0.00012068874639226124
112 0.00013160904927644879
113 0.00010223032586509362
114 0.00026526060537435114
115 0.00020028671133331954
116 0.0001269719359697774
117 6.522613693960011e-05
118 0.00020415101607795805
119 0.00011124616139568388
120 0.00020666676573455334
121 9.64075734373182e-05
122 0.00014200282748788595
123 6.143039354356006e-05
124 0.0002828132710419595
125 0.00011956255184486508
126 0.0001605286670383066
127 0.00019973207963630557
128 0.00010314702376490459
129 0.00014280110190156847
130 0.00017996456881519407
131 0.00017982804274652153
132 0.00017665592895355076
133 7.025100057944655e-05
134 0.00010768164065666497
135 7.316275150515139e-05
136 8.221056486945599e-05
137 7.123216346371919e-05
138 8.995027747005224e-05
139 0.00011807413829956204
140 0.0001324712939094752
141 0.000110118358861655
142 0.00012303993571549654
143 4.894272206001915e-05
144 7.398988964268938e-05
145 8.282331691589206e-05
146 0.00011904011626029387
147 0.00014908527373336256
148 6.988355016801506e-05
149 5.7678618759382516e-05
150 0.00021434489462990314
151 0.00012094392150174826
152 0.00010483063670108095
153 7.880138582549989e-05
154 8.5307183326222e-05
155 6.099433085182682e-05
156 9.815359953790903e-05
157 3.5087061405647546e-05
158 8.297221938846633e-05
159 6.0566126194316894e-05
160 0.00011027124855900183
161 5.960400449112058e-05
162 8.632723620394245e-05
163 8.157816773746163e-05
164 0.00010849894897546619
165 9.577644232194871e-05
166 6.25707907602191e-05
167 3.3875727240229025e-05
168 1.90943646884989e-05
169 7.483671652153134e-05
170 0.00010515981557546183
171 3.3155134588014334e-05
172 3.801986531470902e-05
173 7.89183031884022e-05
174 8.337159670190886e-05
175 0.00010538601782172918
176 5.599233918474056e-05
177 8.958098624134436e-05
178 5.3856078011449426e-05
179 6.485175981651992e-05
180 8.642828470328823e-05
181 7.469296542694792e-05
182 5.4351949074771255e-05
183 8.505594450980425e-05
184 3.8444832171080634e-05
185 6.287978612817824e-05
186 9.226547263097018e-05
187 6.699286313960329e-05
188 5.4808442655485123e-05
189 6.96464630891569e-05
190 4.879174957750365e-05
191 7.403083145618439e-05
192 4.665740561904386e-05
193 3.351422128616832e-05
194 9.783205314306542e-05
195 5.765497189713642e-05
196 3.066629869863391e-05
197 9.959637827705592e-05
198 6.482251774286851e-05
199 8.378516213269904e-05
200 2.867186594812665e-05
201 4.46057747467421e-05
202 5.942665666225366e-05
203 5.510123082785867e-05
204 3.452651799307205e-05
205 0.00011228070070501417
206 1.3645153558172751e-05
207 3.473228571237996e-05
208 5.6340883020311594e-05
209 7.339136936934665e-05
210 2.523462171666324e-05
211 2.2430038370657712e-05
212 8.340915519511327e-05
213 2.363588282605633e-05
214 2.3908129151095636e-05
215 2.9156115488149226e-05
216 2.2599540898227133e-05
217 7.73673746152781e-05
218 5.063680873718113e-05
219 4.9510625103721395e-05
220 7.382308103842661e-05
221 5.368762504076585e-05
222 8.856763452058658e-05
223 5.6102653616108e-05
224 5.40821893082466e-05
225 2.5382532840012573e-05
226 1.05789849840221e-05
227 6.963192572584376e-05
228 5.100766065879725e-05
229 5.726785457227379e-05
230 2.82968958345009e-05
231 2.7656889869831502e-05
232 3.5660239518620074e-05
233 5.13414888700936e-05
234 1.3702916476177052e-05
235 3.5653447412187234e-05
236 3.3099604479502887e-05
237 4.223209907650016e-05
238 7.553074101451784e-05
239 2.4141201720340177e-05
240 3.1361953006125987e-05
241 3.3975964470300823e-05
242 2.9336677471292205e-05
243 8.391316805500537e-05
244 1.4288762031355873e-05
245 2.8367059712763876e-05
246 2.6563693609205075e-05
247 5.053750646766275e-05
248 7.233606447698548e-05
249 4.531912418315187e-05
250 6.928861694177613e-05
251 7.108790305210277e-05
252 4.967842323821969e-05
253 6.211935397004709e-05
254 3.463400935288519e-05
255 3.354634827701375e-05
256 4.7869732952676713e-05
257 7.987242133822292e-05
258 3.214632670278661e-05
259 6.654659955529496e-05
260 2.905277506215498e-05
261 1.9831128156511113e-05
262 0.00010281240247422829
263 4.992262984160334e-05
264 4.513550447882153e-05
265 9.914543625200167e-05
266 1.827416053856723e-05
267 5.668483208864927e-05
268 1.399678694724571e-05
269 1.950532714545261e-05
270 1.2873648302047513e-05
271 1.741291089274455e-05
272 6.288758595474064e-05
273 3.051996463909745e-05
274 4.388947127154097e-05
275 1.3295312783156987e-05
276 0.00011014629126293585
277 4.467971302801743e-05
278 2.2322416043607518e-05
279 4.268120392225683e-05
280 4.157936928095296e-05
281 3.1528375984635204e-05
282 4.833553248317912e-05
283 5.854359551449306e-05
284 8.96699566510506e-05
285 3.389827179489657e-05
286 5.536332537303679e-05
287 1.4771164387639146e-05
288 1.876960595836863e-05
289 7.360878225881606e-05
290 2.5087118046940304e-05
291 3.741879845620133e-05
292 3.9315320464083925e-05
293 4.412040289025754e-05
294 3.0837552912998945e-05
295 5.942943607806228e-05
296 4.679222183767706e-05
297 4.553215330815874e-05
298 3.252419992350042e-05
299 2.437890179862734e-05
300 2.6678253561840393e-05
301 4.418384560267441e-05
302 3.671900412882678e-05
303 3.445309630478732e-05
304 1.2862798030255362e-05
305 4.105842890567146e-05
306 1.726395021250937e-05
307 6.97212090017274e-05
308 0.00017154932720586658
309 2.696321826078929e-05
310 2.8072052373318e-05
311 7.245381129905581e-05
312 8.729914407012984e-05
313 4.96892498631496e-05
314 5.67687711736653e-05
315 3.3645610528765246e-05
316 5.288841566652991e-05
317 8.657108264742419e-05
318 4.522673771134578e-05
319 4.840222391067073e-05
320 9.455742838326842e-05
321 4.1061954107135534e-05
322 0.00014970959455240518
323 9.959090675693005e-05
324 0.0001254519447684288
325 0.0004960516234859824
326 3.2925807317951694e-05
327 0.000168565587955527
328 0.00040157558396458626
329 0.0033260807394981384
330 0.00034084817161783576
331 0.0007610972388647497
332 0.0001264406309928745
333 0.00011747109238058329
334 0.0002657852310221642
335 0.00013327640772331506
336 0.00014362804358825088
337 0.0010487912222743034
338 0.0008166888146661222
339 6.095572098274715e-05
340 0.0008545681484974921
341 0.008605603128671646
342 0.0012017774861305952
343 0.0031663519330322742
344 0.0003576451272238046
345 0.00274289702065289
346 0.013374118134379387
347 0.0023245264310389757
348 0.0032459746580570936
349 0.0036905028391629457
350 0.0004569144803099334
351 0.0008665605564601719
352 0.0005610495572909713
353 6.916465645190328e-05
354 0.0003279122756794095
355 0.0009105072822421789
356 0.00021817852393724024
357 2.8280230253585614e-05
358 5.283567952574231e-05
359 2.2619362425757572e-05
360 4.028051989735104e-05
361 6.0903366829734296e-05
362 0.00010513488086871803
363 0.0001653481158427894
364 0.00018616746820043772
365 2.713192043302115e-05
366 0.000536551873665303
367 0.0002078639663523063
368 7.355587149504572e-05
369 2.2363334210240282e-05
370 5.356711699278094e-05
371 7.003491919022053e-05
372 3.0362380130100064e-05
373 6.460330041591078e-05
374 1.9526016330928542e-05
375 2.4320812372025102e-05
376 1.5134851309994701e-05
377 3.2949235901469365e-05
378 3.8981455872999504e-05
379 1.3123170901963022e-05
380 2.334586861252319e-05
381 5.381823575589806e-05
382 4.4431180867832154e-05
383 3.186624599038623e-05
384 2.3562408387078904e-05
385 2.9989574613864534e-05
386 1.3655882867169566e-05
387 3.552014459273778e-05
388 4.169105886830948e-05
389 0.00024556671269237995
390 0.00024052034132182598
391 0.00010657220991561189
392 5.0342874601483345e-05
393 0.00010937063052551821
394 0.00011012417962774634
395 2.687068990780972e-05
396 5.6937562476377934e-05
397 0.0009157737367786467
398 0.002425621962174773
399 0.0028634718619287014
400 0.001579793868586421
401 0.0007585110142827034
402 0.00038923314423300326
403 0.011520551517605782
404 0.014695185236632824
405 0.01944894529879093
406 0.001070436555892229
407 0.0002577048435341567
408 0.0006351722404360771
409 0.003420785069465637
410 0.0016001808689907193
411 0.0006940013263374567
412 0.00015412902575917542
413 1.628881182114128e-05
414 2.9486947823897935e-05
415 1.9834980776067823e-05
416 1.0459247278049588e-05
417 0.000282189401332289
418 3.8634469092357904e-05
419 4.278200867702253e-05
420 7.703532901359722e-06
421 2.6176217943429947e-05
422 3.418253982090391e-05
423 9.569811481924262e-06
424 1.691888610366732e-05
425 4.836124207940884e-05
426 3.8038637285353616e-05
427 2.3329641408054158e-05
428 2.636516364873387e-05
429 1.632201747270301e-05
430 9.778360981727019e-05
431 2.165557634725701e-05
432 0.00010266562458127737
433 9.75804723566398e-05
434 0.00016247975872829556
435 5.8012723457068205e-05
436 0.00013354502152651548
437 0.00035512156318873167
438 5.890379907214083e-05
439 6.142522033769637e-05
440 6.146783562144265e-05
441 3.129604738205671e-05
442 0.00018853662186302245
443 5.973783481749706e-05
444 3.742346234503202e-05
445 9.505704656476155e-05
446 2.7807624064735137e-05
447 3.71695714420639e-05
448 4.054317469126545e-05
449 3.49398105754517e-05
450 1.428973519068677e-05
451 4.549588993540965e-05
452 6.671942537650466e-05
453 2.9423397791106254e-05
454 3.243294486310333e-05
455 3.3984044421231374e-05
456 5.7588556956034154e-05
457 5.3836767619941384e-05
458 0.00016967166448011994
459 5.054818757344037e-05
460 4.344091939856298e-05
461 4.798416921403259e-05
462 7.95965243014507e-05
463 0.00014168358757160604
464 0.00022813890245743096
465 0.004827436059713364
466 0.006356460507959127
467 0.034817758947610855
468 0.028845202177762985
469 0.005300875753164291
470 0.004141845740377903
471 0.004570069257169962
472 0.0026709462981671095
473 0.0027016219682991505
474 0.00027903050067834556
475 0.0002402097306912765
476 3.80221608793363e-05
477 5.436535502667539e-05
478 5.8081812312593684e-05
479 3.151653436361812e-05
480 2.29264005611185e-05
481 0.00019459970644675195
482 3.851278961519711e-05
483 1.8839817130356096e-05
484 9.46719228522852e-05
485 3.141668639727868e-05
486 2.8850614398834296e-05
487 3.9753973396727815e-05
488 5.968657569610514e-05
489 2.753334047156386e-05
490 7.623031251569046e-06
491 3.815588206634857e-05
492 3.3674394217086956e-05
493 4.431043271324597e-05
494 2.763538395811338e-05
495 5.568484994000755e-05
496 2.2225587599677965e-05
497 3.167611066601239e-05
498 5.790968134533614e-05
499 1.6284360754070804e-05
500 1.4165833817969542e-05
501 7.234056829474866e-05
502 0.00040571109275333583
503 0.00027062129811383784
504 0.00014301105693448335
505 0.001299372990615666
506 0.00021799810929223895
507 0.0003448334464337677
508 0.0005730016273446381
509 0.001208208967000246
510 0.0004970858572050929
511 0.000489847909193486
512 0.0006558620370924473
513 0.001683710841462016
514 0.0012613453436642885
515 0.0010864632204174995
516 0.0011173553066328168
517 0.0009990191319957376
518 0.00019404443446546793
519 0.000338561600074172
520 0.0035558422096073627
521 0.00985734909772873
522 0.0005580935394391418
523 0.0013286038301885128
524 0.00023158917610999197
525 0.00026531959883868694
526 0.00012025742034893483
527 9.711370512377471e-05
528 0.0002960135752800852
529 0.0001637153618503362
530 7.487869152100757e-05
531 3.366207965882495e-05
532 2.5307186660938896e-05
533 6.671981100225821e-05
534 0.0006035081460140646
535 0.0016972222365438938
536 0.0019784700125455856
537 0.00038260652218014
538 0.0008708026143722236
539 0.09931891411542892
540 0.0034527918323874474
541 0.0031880869064480066
542 0.00040876277489587665
543 0.007594018708914518
544 0.04952365532517433
545 0.00848283153027296
546 0.0002932560455519706
547 0.004954056814312935
548 0.0028899717144668102
549 0.0013293094234541059
550 0.0005521580460481346
551 0.00019442476332187653
552 0.00020678024156950414
553 3.3408177841920406e-05
554 1.927634912135545e-05
555 7.200813706731424e-05
556 9.543462510919198e-05
557 8.766309474594891e-05
558 6.0429563745856285e-05
559 0.00019934159354306757
560 0.0001988650328712538
561 0.00021768166334368289
562 0.00017176270193886012
563 0.00029329449171200395
564 4.816492219106294e-05
565 0.00010736350668594241
566 3.082010880461894e-05
567 7.543469837401062e-05
568 5.2602237701648846e-05
569 2.4567059881519526e-05
570 2.6819527192856185e-05
571 3.824804298346862e-05
572 0.00018264683603774756
573 2.944726475107018e-05
574 0.00026805209927260876
575 0.001527675543911755
576 0.00023686178610660136
577 0.0002342967491131276
578 0.00016311464423779398
579 0.0001922418741742149
580 0.00015456009714398533
581 0.0001536944619147107
582 3.3601605537114665e-05
583 7.834417192498222e-05
584 0.0019753703381866217
585 3.839559212792665e-05
586 0.00038310684612952173
587 0.00039097756962291896
588 0.0032771441619843245
589 0.002528004115447402
590 0.0023500416427850723
591 0.00017370469868183136
592 0.0012619919143617153
593 0.00024103769101202488
594 0.00010918997577391565
595 0.0001445046509616077
596 0.0005538702243939042
597 0.00022866445942781866
598 0.00042049179319292307
599 0.0002436300419503823
600 6.670028960797936e-05
601 5.925513687543571e-05
602 6.234194006538019e-05
603 0.00017287139780819416
604 0.00014765663945581764
605 0.00013311300426721573
606 9.478453284827992e-05
607 0.00012480032455641776
608 0.00011723135685315356
609 0.00021821219706907868
610 0.00011556730169104412
611 2.1744761397712864e-05
612 2.013762787100859e-05
613 7.15363203198649e-05
614 8.843014074955136e-05
615 0.0001625570293981582
616 7.232866482809186e-05
617 7.122075476218015e-05
618 0.0011580600403249264
619 0.0013501836219802499
620 0.0009531124378554523
621 0.00036804797127842903
622 0.0003336660738568753
623 6.724668492097408e-05
624 5.5989290558500215e-05
625 4.193863060208969e-05
626 1.3969502106192522e-05
627 6.506594945676625e-05
628 2.286007656948641e-05
629 2.7034988306695595e-05
630 1.2980900464754086e-05
631 8.236103894887492e-05
632 0.00017208492499776185
633 0.000494811509270221
634 0.0003466148627921939
635 0.0004628635651897639
636 0.0009903450263664126
637 0.0004818440065719187
638 0.000254638260230422
639 0.0003748746821656823
640 0.0007856240263208747
641 0.0001404693757649511
642 0.00021407725580502301
643 0.00015637035539839417
644 0.0006632221047766507
645 0.00011428157449699938
646 0.0003481332096271217
647 0.00037961421185173094
648 7.693126099184155e-05
649 0.0058854082599282265
650 0.0034536924213171005
651 0.03458836302161217
652 0.0064569441601634026
653 0.009474171325564384
654 0.02265285700559616
655 0.006826094351708889
656 0.002350917784497142
657 0.003896725596860051
658 0.00015542676555924118
659 6.848186603747308e-05
660 0.0004719740245491266
661 0.00012350500037427992
662 9.329066233476624e-05
663 0.0011370594147592783
664 0.00044605188304558396
665 0.00036545025068335235
666 0.00016231104382313788
667 0.00043774204095825553
668 0.00038100944948382676
669 0.00033531151711940765
670 0.00013866183871868998
671 6.618870247621089e-05
672 0.00042124290484935045
673 0.0003395057865418494
674 0.00011781998910009861
675 0.0003235144540667534
676 0.00013460942136589438
677 0.0001955739571712911
678 0.00027023075381293893
679 4.202474156045355e-05
680 0.00010875131556531414
681 0.0006480005104094744
682 0.00015684317622799426
683 0.0001926006079884246
684 0.000279708590824157
685 0.0003105824871454388
686 0.00013833687989972532
687 5.403742761700414e-05
688 0.0002639640588313341
689 8.729074761504307e-05
690 4.9359554395778105e-05
691 2.9685597837669775e-05
692 0.0002308569964952767
693 0.00027948300703428686
694 0.0008560675196349621
695 0.00020865057012997568
696 0.002178237773478031
697 0.1772635579109192
698 0.0373413972556591
699 0.01404715795069933
700 0.0011640309821814299
701 0.0016418145969510078
702 0.002194909378886223
703 0.0025350172072649
704 0.0018386219162493944
705 0.0004520248621702194
706 0.00018300821830052882
707 0.00038135654176585376
708 0.00032426236430183053
709 0.0003391988284420222
710 6.836657848907635e-05
711 0.00014500042016152292
712 8.108683687169105e-05
713 0.00012341231922619045
714 0.00012495268310885876
715 0.00026376493042334914
716 0.00013080537610221654
717 8.130326750688255e-05
718 5.289283944875933e-05
719 0.00019964056264143437
720 0.0005737325409427285
721 0.00037568568950518966
722 0.0003049768565688282
723 0.0005962832365185022
724 0.0006387088214978576
725 0.0003591990389395505
726 5.517829049495049e-05
727 6.318763917079195e-05
728 9.973347187042236e-05
729 6.51837617624551e-05
730 0.0001196780867758207
731 0.00018179569451604038
732 0.00015134269779082388
733 9.078201401280239e-05
734 0.0002498355461284518
735 0.0008225997444242239
736 0.0020517457742244005
737 0.0008004900300875306
738 0.0005755166057497263
739 0.00030502479057759047
740 0.0008239251910708845
741 0.0002725080121308565
742 0.0001396982988808304
743 0.00016959779895842075
744 0.00015678816998843104
745 8.299967885250226e-05
746 0.00022648686717730016
747 9.143194620264694e-05
748 9.550836693961173e-05
749 8.587070624344051e-05
750 0.00023601092107128352
751 0.0007167032454162836
752 0.0007984804688021541
753 0.0007920695352368057
754 0.001798176090233028
755 0.0004367023357190192
756 0.0005228957743383944
757 0.00037986182724125683
758 0.00032434845343232155
759 0.0003175039018969983
760 0.002907671732828021
761 0.0017818696796894073
762 0.0006572661804966629
763 0.00043068680679425597
764 0.0002258532476844266
765 0.00031973147997632623
766 0.0005039748502895236
767 0.0004248874029144645
768 0.00017123510770034045
769 0.00032711171661503613
770 0.0005080155096948147
771 0.0002485161821823567
772 0.00021561510220635682
773 8.739779877942055e-05
774 0.00016177409270312637
775 0.0001008054314297624
776 5.361080911825411e-05
777 6.458970892708749e-05
778 7.265013118740171e-05
779 7.832520350348204e-05
780 6.765100988559425e-05
781 4.245909440214746e-05
782 7.452086720149964e-05
783 6.092636613175273e-05
784 1.9735985915758647e-05
785 2.5697561795823276e-05
786 5.611612505163066e-05
787 3.790387199842371e-05
788 3.0784387490712106e-05
789 2.66894403466722e-05
790 2.9882012313464656e-05
791 5.764427987742238e-05
792 9.202834189636633e-05
793 7.692511280765757e-05
794 5.027993756812066e-05
795 6.129888060968369e-05
796 0.00013256148668006063
797 0.00013005745131522417
798 0.0002936767414212227
799 9.965406934497878e-05
800 0.0004026576934847981
801 0.00011221710155950859
802 0.0010643389541655779
803 0.00042530958307906985
804 0.00037837386480532587
805 0.0006733504706062376
806 0.0006077029975131154
807 0.0011670802487060428
808 0.003651179140433669
809 0.0011210807133466005
810 0.0010378336301073432
811 0.0008177043055184186
812 0.00010109702998306602
813 0.00011539049592101946
814 4.993022957933135e-05
815 8.45867907628417e-05
816 4.782390533364378e-05
817 8.865200652508065e-05
818 5.7104993175016716e-05
819 3.5644912713905796e-05
820 3.6570920201484114e-05
821 0.00010929241398116574
822 0.00014494001516140997
823 7.278162956936285e-05
824 0.00014589256898034364
825 6.192238652147353e-05
826 1.5266516129486263e-05
827 6.20623686700128e-05
828 0.0001432498829672113
829 4.283982343622483e-05
830 3.6318411730462685e-05
831 2.327792208234314e-05
832 7.457671745214611e-05
833 0.00019102005171589553
834 0.00020799710182473063
835 4.176125003141351e-05
836 7.180160173447803e-05
837 0.00015711972082499415
838 6.54347168165259e-05
839 0.00020844116806983948
840 0.0013544214889407158
841 0.009243393316864967
842 0.01535406056791544
843 0.025034364312887192
844 0.008724814280867577
845 0.010961579158902168
846 0.0019375861156731844
847 0.004050081130117178
848 0.006096180994063616
849 0.0030445267912000418
850 0.0014652330428361893
851 0.00047448393888771534
852 0.0009599506738595665
853 0.0005831375019624829
854 0.0001267806946998462
855 8.571251237299293e-05
856 0.00019741170399356633
857 6.594551086891443e-05
858 2.557556399551686e-05
859 7.877218740759417e-05
860 0.0006637852056883276
861 0.000145846075611189
862 5.420731758931652e-05
863 0.00011526326125022024
864 4.203281787340529e-05
865 8.675790741108358e-05
866 6.0527770983753726e-05
867 0.0001097215135814622
868 5.2610321290558204e-05
869 2.711921843001619e-05
870 0.00011732531129382551
871 3.541506521287374e-05
872 5.9764635807368904e-05
873 1.0465370905876625e-05
874 7.411468686768785e-05
875 4.245994205120951e-05
876 4.765062112710439e-05
877 5.307510218699463e-05
878 1.2979771781829186e-05
879 2.8290916816331446e-05
880 4.0671497117727995e-05
881 5.901634358451702e-05
882 7.036328315734863e-05
883 9.314031922258437e-05
884 0.00019574232283048332
885 0.00011329015251249075
886 0.00011806013935711235
887 0.0002649483794812113
888 0.00016563879034947604
889 3.3614738640608266e-05
890 2.8185449991724454e-05
891 5.0204736908199266e-05
892 6.719755765516311e-05
893 4.065075336256996e-05
894 0.00010659210965968668
895 7.384689524769783e-05
896 2.303511973877903e-05
897 4.622368578566238e-05
898 8.412460010731593e-05
899 5.650995080941357e-05
900 8.491676999256015e-05
901 0.00015518980217166245
902 0.0002800581860356033
903 5.323751975083724e-05
904 7.570334855699912e-05
905 5.550771675189026e-05
906 6.714979826938361e-05
907 0.00013141363160684705
908 7.770043157506734e-05
909 7.994314364623278e-05
910 5.817697092425078e-05
911 3.7382702430477366e-05
912 3.809934787568636e-05
913 3.9270664274226874e-05
914 1.7563035726197995e-05
915 2.249080171168316e-05
916 6.569769175257534e-05
917 7.183547859312966e-05
918 0.0001400864275638014
919 7.798380102030933e-05
920 0.00016277727263513952
921 0.00033971824450418353
922 0.0001450173294870183
923 9.743301779963076e-05
924 8.503245044266805e-05
925 0.00030697291367687285
926 0.0003108069358859211
927 0.0002456965739838779
928 0.00011245234054513276
929 0.0001286406914005056
930 0.00013752382074017078
931 0.0005880140233784914
932 0.00022304613958112895
933 0.000137904062285088
934 4.1833045543171465e-05
935 5.467090159072541e-05
936 0.00014487213047686964
937 2.9487695428542793e-05
938 7.2309652750846e-05
939 5.5710792366880924e-05
940 0.000384208164177835
941 0.0009842306608334184
942 0.0010857363231480122
943 0.00014150825154501945
944 0.0034267385490238667
945 0.0034560735803097486
946 0.00031782881706021726
947 0.008058031089603901
948 0.00029642696608789265
949 0.001194592216052115
950 0.0015759612433612347
951 0.0003378411929588765
952 0.00021899091370869428
953 8.196297858376056e-05
954 9.024406608659774e-05
955 6.284784467425197e-05
956 0.00019725710444618016
957 0.0010088313138112426
958 0.000644470623228699
959 0.0004655068041756749
960 0.003441073466092348
961 0.007130318321287632
962 0.0027836542576551437
963 0.0008659370359964669
964 0.00020260429300833493
965 0.0002815838379319757
966 7.709906640229747e-05
967 0.00023372269060928375
968 0.00025728167383931577
969 0.0004436187446117401
970 0.0009813231881707907
971 0.0018951622769236565
972 0.0003080328751821071
973 0.0008241112809628248
974 0.00011373174493201077
975 0.0012183262733742595
976 6.800072151236236e-05
977 0.00014969593030400574
978 0.00021504977485165
979 0.0007019758922979236
980 0.0005991248763166368
981 0.0002284761576447636
982 0.0003817253455054015
983 0.00018675733008421957
984 0.0004292520461603999
985 0.0003762787382584065
986 0.001294636749662459
987 0.0008698694873601198
988 8.626255294075236e-05
989 0.00139983172994107
990 0.00837023463100195
991 0.051373858004808426
992 0.0013008120004087687
993 0.0026461738161742687
994 0.0015600116457790136
995 0.0032026725821197033
996 0.001796893891878426
997 0.002004253678023815
998 0.013811759650707245
999 0.0016918941400945187
