0 3.9603829383850098
1 1.1963502168655396
2 2.0500965118408203
3 1.8105919361114502
4 1.155075192451477
5 0.2514094114303589
6 0.9626779556274414
7 0.4603675305843353
8 0.28486204147338867
9 0.3923048973083496
10 0.25551265478134155
11 0.2977248430252075
12 0.23166429996490479
13 0.23351198434829712
14 0.08091720193624496
15 0.16807837784290314
16 0.1108972504734993
17 0.11911527812480927
18 0.0853024497628212
19 0.11850129812955856
20 0.07460267841815948
21 0.05924588069319725
22 0.0670306459069252
23 0.047675926238298416
24 0.043609604239463806
25 0.03270639851689339
26 0.02068113349378109
27 0.04527130350470543
28 0.030468666926026344
29 0.03267249837517738
30 0.020547527819871902
31 0.022887127473950386
32 0.03926975280046463
33 0.01976311020553112
34 0.016887767240405083
35 0.014263181015849113
36 0.034192077815532684
37 0.019599061459302902
38 0.032284874469041824
39 0.026229463517665863
40 0.023541497066617012
41 0.019210511818528175
42 0.015268320217728615
43 0.019584698602557182
44 0.021110817790031433
45 0.01686297543346882
46 0.014115514233708382
47 0.00854664295911789
48 0.016945956274867058
49 0.015778301283717155
50 0.02577013149857521
51 0.023777244612574577
52 0.019382905215024948
53 0.021521184593439102
54 0.021373936906456947
55 0.008194856345653534
56 0.025828221812844276
57 0.007928739301860332
58 0.016913168132305145
59 0.015197995118796825
60 0.012155314907431602
61 0.018417123705148697
62 0.013380455784499645
63 0.019424710422754288
64 0.01168073620647192
65 0.011996567249298096
66 0.01859506219625473
67 0.009036339819431305
68 0.009585147723555565
69 0.02297404780983925
70 0.014100924134254456
71 0.03265994042158127
72 0.010196719318628311
73 0.018984515219926834
74 0.013022400438785553
75 0.015970930457115173
76 0.014077417552471161
77 0.013210589997470379
78 0.005914035253226757
79 0.015304619446396828
80 0.017411429435014725
81 0.011766594834625721
82 0.010942669585347176
83 0.012962132692337036
84 0.00800319854170084
85 0.016498643904924393
86 0.02044318988919258
87 0.006257642060518265
88 0.008848605677485466
89 0.015797089785337448
90 0.008695351891219616
91 0.012587401084601879
92 0.014907239936292171
93 0.01624554954469204
94 0.014250355772674084
95 0.013818969018757343
96 0.009842840023338795
97 0.010969278402626514
98 0.00722068827599287
99 0.0225614532828331
100 0.010909969918429852
101 0.0173274427652359
102 0.01972692273557186
103 0.007768365554511547
104 0.007898775860667229
105 0.010722190141677856
106 0.011546372435986996
107 0.008846394717693329
108 0.007364228367805481
109 0.011489675380289555
110 0.02018255926668644
111 0.01490197516977787
112 0.009634205140173435
113 0.008984856307506561
114 0.014116130769252777
115 0.011830451898276806
116 0.020659714937210083
117 0.015902863815426826
118 0.011979740113019943
119 0.01148051768541336
120 0.007558208424597979
121 0.005121828522533178
122 0.010471967980265617
123 0.011285797692835331
124 0.009499715641140938
125 0.01200661901384592
126 0.012010411359369755
127 0.008626541122794151
128 0.005706857889890671
129 0.012415782548487186
130 0.008385197259485722
131 0.010061544366180897
132 0.00976494885981083
133 0.01418270356953144
134 0.0051841726526618
135 0.00845466647297144
136 0.008644409477710724
137 0.013430912047624588
138 0.011217422783374786
139 0.010755294933915138
140 0.01206983532756567
141 0.007231023628264666
142 0.006905341986566782
143 0.006643255241215229
144 0.005776919424533844
145 0.010285045951604843
146 0.006528880912810564
147 0.008756512776017189
148 0.01385487336665392
149 0.009536921977996826
150 0.014904357492923737
151 0.008765916340053082
152 0.011225232854485512
153 0.011389031074941158
154 0.007167707663029432
155 0.011587227694690228
156 0.011664465069770813
157 0.004629471339285374
158 0.004237580578774214
159 0.0086812824010849
160 0.010313350707292557
161 0.008436672389507294
162 0.014831604436039925
163 0.016641201451420784
164 0.01048346422612667
165 0.008340952917933464
166 0.0051214066334068775
167 0.00695720175281167
168 0.00922390166670084
169 0.008631822653114796
170 0.010370802134275436
171 0.012252623215317726
172 0.012566090561449528
173 0.005739789456129074
174 0.01062588207423687
175 0.010555105283856392
176 0.0065252408385276794
177 0.008818740025162697
178 0.00813846942037344
179 0.00522739440202713
180 0.006768909748643637
181 0.008278004825115204
182 0.00977733638137579
183 0.011064467951655388
184 0.007352178916335106
185 0.006855379324406385
186 0.009377949871122837
187 0.007105207070708275
188 0.007215024437755346
189 0.0065865302458405495
190 0.010211870074272156
191 0.0031943931244313717
192 0.006990108639001846
193 0.006557907443493605
194 0.004115312825888395
195 0.00927212368696928
196 0.009506631642580032
197 0.0071802386082708836
198 0.007742272224277258
199 0.015033098869025707
200 0.014302922412753105
201 0.005423845257610083
202 0.00889418926090002
203 0.005235815886408091
204 0.01187796238809824
205 0.01042115967720747
206 0.00930633582174778
207 0.008728185668587685
208 0.00933853816241026
209 0.005676201079040766
210 0.004684822168201208
211 0.00774737074971199
212 0.0098124323412776
213 0.007564375177025795
214 0.005322733428329229
215 0.0060984063893556595
216 0.008174572139978409
217 0.008864013478159904
218 0.008790787309408188
219 0.004823467694222927
220 0.009039510041475296
221 0.015719793736934662
222 0.0062656523659825325
223 0.0040558092296123505
224 0.00482600275427103
225 0.013103891164064407
226 0.00699376966804266
227 0.005921981763094664
228 0.004825974348932505
229 0.006078988313674927
230 0.0032150873448699713
231 0.0072774579748511314
232 0.0046646473929286
233 0.0033865340519696474
234 0.004583438858389854
235 0.006438808050006628
236 0.006366164889186621
237 0.0076263039372861385
238 0.008046100847423077
239 0.005956915207207203
240 0.00976442638784647
241 0.005266339983791113
242 0.006126835942268372
243 0.007010456640273333
244 0.00821998342871666
245 0.007379300892353058
246 0.005870939232409
247 0.011317169293761253
248 0.004566167946904898
249 0.005521084181964397
250 0.006115684285759926
251 0.00597841152921319
252 0.006630057003349066
253 0.007921124808490276
254 0.008472295477986336
255 0.0030001280829310417
256 0.005376431159675121
257 0.0066165137104690075
258 0.004787529353052378
259 0.006225136108696461
260 0.00804267916828394
261 0.008079183287918568
262 0.0074333553202450275
263 0.006093852687627077
264 0.004461413249373436
265 0.004285700153559446
266 0.006914665922522545
267 0.0029355594888329506
268 0.005357644986361265
269 0.004762560594826937
270 0.006966186687350273
271 0.004674016498029232
272 0.0053784893825650215
273 0.006171096116304398
274 0.006583705544471741
275 0.006955898366868496
276 0.00588776171207428
277 0.005694153252989054
278 0.005142197012901306
279 0.009333699010312557
280 0.004040468018501997
281 0.004782560281455517
282 0.00948971789330244
283 0.005107469856739044
284 0.007251571863889694
285 0.006521374918520451
286 0.0044074892066419125
287 0.007216954603791237
288 0.010488197207450867
289 0.004869744181632996
290 0.006858144886791706
291 0.00423972075805068
292 0.004882491193711758
293 0.006192795466631651
294 0.007669867016375065
295 0.0073196543380618095
296 0.004500510171055794
297 0.005090160761028528
298 0.007960960268974304
299 0.003504314459860325
300 0.004557411186397076
301 0.004022248554974794
302 0.0039368197321891785
303 0.00603944668546319
304 0.004687024280428886
305 0.003748430171981454
306 0.004982203245162964
307 0.003632952691987157
308 0.0037630617152899504
309 0.004496285226196051
310 0.0019672943744808435
311 0.0026256171986460686
312 0.0038012799341231585
313 0.0035090951714664698
314 0.005373032763600349
315 0.002494108397513628
316 0.005466388538479805
317 0.006492664571851492
318 0.003095274092629552
319 0.008281177841126919
320 0.00478164479136467
321 0.004370548762381077
322 0.005411241203546524
323 0.0036330411676317453
324 0.004017084836959839
325 0.004832880571484566
326 0.004521884489804506
327 0.004737092647701502
328 0.0044048200361430645
329 0.006729361601173878
330 0.008343072608113289
331 0.00555438781157136
332 0.0051794471219182014
333 0.007583973463624716
334 0.002923180814832449
335 0.003427281277254224
336 0.007237701676785946
337 0.009541678242385387
338 0.004477150272578001
339 0.004323712084442377
340 0.005341076757758856
341 0.005267705302685499
342 0.004426442552357912
343 0.008057503961026669
344 0.006304664071649313
345 0.007602558471262455
346 0.007172210142016411
347 0.005519297905266285
348 0.005689496174454689
349 0.003452267497777939
350 0.004500148817896843
351 0.003825180931016803
352 0.007246971596032381
353 0.005160624627023935
354 0.005552814342081547
355 0.0025668260641396046
356 0.004381239414215088
357 0.004386709071695805
358 0.005826327484101057
359 0.004598983097821474
360 0.0025784517638385296
361 0.0037986019160598516
362 0.0049385977908968925
363 0.002850942313671112
364 0.005699705332517624
365 0.005641982890665531
366 0.007232283242046833
367 0.006709720008075237
368 0.005786652211099863
369 0.007514831610023975
370 0.005731716752052307
371 0.00396521482616663
372 0.0045226686634123325
373 0.0027152770198881626
374 0.004596141632646322
375 0.005445323418825865
376 0.005957219749689102
377 0.005010262597352266
378 0.0031882263720035553
379 0.005543516017496586
380 0.0055123320780694485
381 0.007761897053569555
382 0.0033527633640915155
383 0.0038611902855336666
384 0.005201763939112425
385 0.004016305785626173
386 0.0065031819976866245
387 0.004220291040837765
388 0.0040474943816661835
389 0.004401915241032839
390 0.006670024245977402
391 0.004581684246659279
392 0.003191978670656681
393 0.004884817637503147
394 0.004667808301746845
395 0.004201644100248814
396 0.003907461185008287
397 0.0024675503373146057
398 0.005624504294246435
399 0.0026421858929097652
400 0.008005271665751934
401 0.005320670083165169
402 0.00276691815815866
403 0.005594730842858553
404 0.004667048342525959
405 0.0065424563363194466
406 0.004110120236873627
407 0.004679913632571697
408 0.004264182411134243
409 0.004243120551109314
410 0.004561604931950569
411 0.004066250286996365
412 0.007342685479670763
413 0.004225112032145262
414 0.003983402159065008
415 0.002547056647017598
416 0.006467713974416256
417 0.004993582610040903
418 0.003628314007073641
419 0.0026316186413168907
420 0.004087993875145912
421 0.004380637779831886
422 0.005297614261507988
423 0.004555247724056244
424 0.004222146701067686
425 0.006555644795298576
426 0.00416572717949748
427 0.0025672598276287317
428 0.0036392302718013525
429 0.0042487746104598045
430 0.004742715507745743
431 0.004536690656095743
432 0.0047086370177567005
433 0.006196176633238792
434 0.002690735971555114
435 0.004959492012858391
436 0.005189143121242523
437 0.004927848000079393
438 0.004404964856803417
439 0.003938688896596432
440 0.0038900980725884438
441 0.003970634192228317
442 0.0034572319127619267
443 0.004206467419862747
444 0.00246460922062397
445 0.00412864750251174
446 0.0023240423761308193
447 0.0072324019856750965
448 0.003894653171300888
449 0.0026741649489849806
450 0.0022568730637431145
451 0.0031578904017806053
452 0.004849041346460581
453 0.0034427240025252104
454 0.004793621599674225
455 0.004399081226438284
456 0.00532413087785244
457 0.0029777423478662968
458 0.0026173933874815702
459 0.003911852370947599
460 0.0031196807976812124
461 0.002540143206715584
462 0.003343435935676098
463 0.003869038773700595
464 0.002639472484588623
465 0.0051868511363863945
466 0.002962953643873334
467 0.004294982645660639
468 0.0022994433529675007
469 0.0029868402052670717
470 0.004266075789928436
471 0.004389280453324318
472 0.004733552224934101
473 0.002715837908908725
474 0.0028870149981230497
475 0.0041415998712182045
476 0.003970498219132423
477 0.0031825469341129065
478 0.004898753482848406
479 0.0053228531032800674
480 0.00413272250443697
481 0.004013695288449526
482 0.006184082478284836
483 0.004147005267441273
484 0.003337031463161111
485 0.003086624899879098
486 0.003998880740255117
487 0.003990149591118097
488 0.0019320441642776132
489 0.004237134009599686
490 0.005531982518732548
491 0.003548607463017106
492 0.00401140796020627
493 0.0033874530345201492
494 0.002173597691580653
495 0.0019525124225765467
496 0.0028230580501258373
497 0.004696166608482599
498 0.005156851373612881
499 0.0017404091777279973
500 0.004565872251987457
501 0.004279875196516514
502 0.0034502095077186823
503 0.0024369964376091957
504 0.002519194968044758
505 0.00574578158557415
506 0.004710694309324026
507 0.003744409652426839
508 0.0031994422897696495
509 0.003299030242487788
510 0.005134505685418844
511 0.006062469910830259
512 0.0026845287065953016
513 0.0028703499119728804
514 0.0034902412444353104
515 0.0028907463420182467
516 0.004317339509725571
517 0.0033588160295039415
518 0.0014333291910588741
519 0.003701312467455864
520 0.002724742516875267
521 0.0031237700022757053
522 0.003097774926573038
523 0.0027710488066077232
524 0.0033621888142079115
525 0.005091924220323563
526 0.004572529345750809
527 0.005393619649112225
528 0.002476462861523032
529 0.006182753015309572
530 0.0023698664736002684
531 0.004218907095491886
532 0.0030251406133174896
533 0.0033337140921503305
534 0.0031115973833948374
535 0.002439061878249049
536 0.0027552107349038124
537 0.002091086469590664
538 0.005070107989013195
539 0.005048235412687063
540 0.002621831139549613
541 0.002176963724195957
542 0.0028363093733787537
543 0.0027915462851524353
544 0.0030899366829544306
545 0.0027400748804211617
546 0.002600777894258499
547 0.0016255811788141727
548 0.003995390608906746
549 0.0017577274702489376
550 0.0017365600215271115
551 0.0027317556086927652
552 0.004245216958224773
553 0.003762222593650222
554 0.0039880117401480675
555 0.003943823743611574
556 0.002695938339456916
557 0.0019887990783900023
558 0.0032782475464046
559 0.003755523357540369
560 0.0038221317809075117
561 0.005286651197820902
562 0.0024732474703341722
563 0.0026970114558935165
564 0.0033375273924320936
565 0.00460759038105607
566 0.0020859851501882076
567 0.0025660735554993153
568 0.0037304232828319073
569 0.0028351647779345512
570 0.0030204695649445057
571 0.005117304157465696
572 0.003788670292124152
573 0.002283184789121151
574 0.002527589211240411
575 0.0026934687048196793
576 0.004151937551796436
577 0.0027004198636859655
578 0.002207426121458411
579 0.0027476230170577765
580 0.004781619645655155
581 0.003984489478170872
582 0.004388043656945229
583 0.003517056116834283
584 0.0019277267856523395
585 0.004080998245626688
586 0.0019996175542473793
587 0.0036881256382912397
588 0.004289709497243166
589 0.005808369722217321
590 0.0027827760204672813
591 0.0027011323254555464
592 0.0035268503706902266
593 0.0039791204035282135
594 0.003931163810193539
595 0.0029097029473632574
596 0.0037241093814373016
597 0.0049483999609947205
598 0.0018728877184912562
599 0.004062210209667683
600 0.002779230708256364
601 0.003167823888361454
602 0.002556515857577324
603 0.0030406678561121225
604 0.0035255220718681812
605 0.0028334110975265503
606 0.0024726581759750843
607 0.0018922298913821578
608 0.0038853806909173727
609 0.0037155544850975275
610 0.0033601720351725817
611 0.0019734730012714863
612 0.0020830777939409018
613 0.0024713340681046247
614 0.0020531925838440657
615 0.004104738123714924
616 0.003748821560293436
617 0.0032983701676130295
618 0.002508709905669093
619 0.0024903242010623217
620 0.0034356992691755295
621 0.004348495043814182
622 0.0020197913981974125
623 0.002647836459800601
624 0.003571213223040104
625 0.003033578861504793
626 0.0027502570301294327
627 0.002071384573355317
628 0.0022941341158002615
629 0.0040831658989191055
630 0.002654872601851821
631 0.0042747571133077145
632 0.002800658578053117
633 0.004728350322693586
634 0.0013408479280769825
635 0.002921172883361578
636 0.0032042430248111486
637 0.0022317981347441673
638 0.0021836371161043644
639 0.005386463366448879
640 0.0043632942251861095
641 0.0018216068856418133
642 0.0031168207060545683
643 0.0030844665598124266
644 0.0036673967260867357
645 0.0037957169115543365
646 0.004192528314888477
647 0.0022383956238627434
648 0.0023936880752444267
649 0.002541841007769108
650 0.0021710258442908525
651 0.0028104190714657307
652 0.003527869936078787
653 0.00380515749566257
654 0.0031936224550008774
655 0.002844574861228466
656 0.003152185119688511
657 0.00263421842828393
658 0.003282183315604925
659 0.0029563666321337223
660 0.0018427935428917408
661 0.0034948824904859066
662 0.002913996111601591
663 0.0034105898812413216
664 0.001998098334297538
665 0.002125630620867014
666 0.002132160123437643
667 0.0037884670309722424
668 0.0019152848981320858
669 0.0035581043921411037
670 0.002605575369670987
671 0.0019325920147821307
672 0.0027731861919164658
673 0.00263264705426991
674 0.0024938422720879316
675 0.0021272380836308002
676 0.0031846449710428715
677 0.002187856240198016
678 0.001980546396225691
679 0.0017901326064020395
680 0.002659474266692996
681 0.004174999892711639
682 0.0019537012558430433
683 0.0028599633369594812
684 0.0013756563421338797
685 0.0026993178762495518
686 0.002128159161657095
687 0.003626675810664892
688 0.002714708214625716
689 0.001224986044690013
690 0.0022223934065550566
691 0.002251580124720931
692 0.002519609872251749
693 0.004528384190052748
694 0.0014959732070565224
695 0.00246143015101552
696 0.002675839001312852
697 0.0032847176771610975
698 0.002771876286715269
699 0.0025348940398544073
700 0.0028504296205937862
701 0.0016813648398965597
702 0.002159619703888893
703 0.0022810089867562056
704 0.0034088606480509043
705 0.0015193228609859943
706 0.0027998052537441254
707 0.0021128556691110134
708 0.004003570880740881
709 0.0011971740750595927
710 0.0042816270142793655
711 0.002875551115721464
712 0.00318624684587121
713 0.003900266718119383
714 0.0019723144359886646
715 0.0043423715978860855
716 0.004064346197992563
717 0.002476314315572381
718 0.00365625973790884
719 0.0029304984491318464
720 0.0028400542214512825
721 0.0025498755276203156
722 0.001984754577279091
723 0.004523485898971558
724 0.0017668975051492453
725 0.0031885455828160048
726 0.0023284913040697575
727 0.002456404035910964
728 0.002583858324214816
729 0.0013208163436502218
730 0.0030514239333570004
731 0.0025040083564817905
732 0.003307048697024584
733 0.002222350100055337
734 0.0019892058335244656
735 0.0027819909155368805
736 0.0027435175143182278
737 0.002477339468896389
738 0.0023352366406470537
739 0.0010753804817795753
740 0.0020188598427921534
741 0.002972643356770277
742 0.002446028171107173
743 0.0023618238046765327
744 0.0038469843566417694
745 0.0028676700312644243
746 0.0027302163653075695
747 0.0013014255091547966
748 0.001393894082866609
749 0.0017959227552637458
750 0.001052923034876585
751 0.0022932339925318956
752 0.0025514550507068634
753 0.0032893805764615536
754 0.0018752412870526314
755 0.0027884813025593758
756 0.0027990618254989386
757 0.002554671373218298
758 0.0031198328360915184
759 0.002379854442551732
760 0.0030622021295130253
761 0.0016227319138124585
762 0.0018255910836160183
763 0.0022289047483354807
764 0.0028252031188458204
765 0.0018281276570633054
766 0.0022483565844595432
767 0.0031750702764838934
768 0.002221614820882678
769 0.0013557282509282231
770 0.0025516024325042963
771 0.003430189099162817
772 0.0029297713190317154
773 0.0018808468012139201
774 0.002995017683133483
775 0.0012802802957594395
776 0.001804912113584578
777 0.0027418246027082205
778 0.0014384568203240633
779 0.0036067089531570673
780 0.0015735042979940772
781 0.0014073023339733481
782 0.002091100439429283
783 0.0020984704606235027
784 0.002761018695309758
785 0.003064732998609543
786 0.003478569909930229
787 0.0019804034382104874
788 0.0025586194824427366
789 0.0018702546367421746
790 0.0022805475164204836
791 0.0026096098590642214
792 0.0025961995124816895
793 0.0033698498737066984
794 0.002616140292957425
795 0.0031976860482245684
796 0.002034897683188319
797 0.002446013269945979
798 0.002044626045972109
799 0.0027211690321564674
800 0.0020298066083341837
801 0.002200923627242446
802 0.003987894859164953
803 0.0026407656259834766
804 0.0012926311464980245
805 0.001806194195523858
806 0.0011505659203976393
807 0.003084670752286911
808 0.002849122043699026
809 0.002192259067669511
810 0.0010846804361790419
811 0.0018213315634056926
812 0.0019449472893029451
813 0.001399213564582169
814 0.0021205462981015444
815 0.0022204353008419275
816 0.0014470722526311874
817 0.001817540731281042
818 0.0037346675526350737
819 0.0015200881753116846
820 0.0026165032759308815
821 0.002942258957773447
822 0.0008968916954472661
823 0.002429413376376033
824 0.0025230608880519867
825 0.0029956793878227472
826 0.0023600179702043533
827 0.0023084646090865135
828 0.0021101224701851606
829 0.0017338827019557357
830 0.0019452597480267286
831 0.002896624617278576
832 0.0019110526191070676
833 0.0024136537685990334
834 0.0027483354788273573
835 0.0030214416328817606
836 0.0017325934022665024
837 0.0025709709152579308
838 0.001038731774315238
839 0.0010898831533268094
840 0.0017123413272202015
841 0.002700996585190296
842 0.0019408819498494267
843 0.0015120144234970212
844 0.0025251670740544796
845 0.003404456190764904
846 0.00337251671589911
847 0.0019611474126577377
848 0.002264781389385462
849 0.0012263726675882936
850 0.002998075680807233
851 0.0014774235896766186
852 0.002212683204561472
853 0.0020172239746898413
854 0.0018343653064221144
855 0.0016367895295843482
856 0.0023606522008776665
857 0.0015361274126917124
858 0.001335520064458251
859 0.0012521042954176664
860 0.0016244536964222789
861 0.0015041220467537642
862 0.0029284281190484762
863 0.0016055249143391848
864 0.001867917482741177
865 0.0019352675881236792
866 0.0026816981844604015
867 0.001804266357794404
868 0.002681692596524954
869 0.0026581070851534605
870 0.0013639661483466625
871 0.0018162254709750414
872 0.0018999468302354217
873 0.0025567342527210712
874 0.0010702686849981546
875 0.0021179933100938797
876 0.002453981665894389
877 0.0015056902775540948
878 0.0019898517057299614
879 0.0014447381254285574
880 0.003455950180068612
881 0.0016440560575574636
882 0.001834794646129012
883 0.002197462599724531
884 0.002014498459175229
885 0.003224905114620924
886 0.0022266367450356483
887 0.0018627927638590336
888 0.0019225452560931444
889 0.0013168153818696737
890 0.0017364928498864174
891 0.002339862519875169
892 0.00205432390794158
893 0.0018272475572302938
894 0.0021791760809719563
895 0.0009649915737099946
896 0.0010559007059782743
897 0.002154767978936434
898 0.0012033277889713645
899 0.00255630468018353
900 0.0033072999212890863
901 0.0020441608503460884
902 0.0013453885912895203
903 0.0033989655785262585
904 0.0024399086833000183
905 0.0012416320387274027
906 0.002022824250161648
907 0.0015504190232604742
908 0.0017458762740716338
909 0.0024740914814174175
910 0.003210959956049919
911 0.0026861238293349743
912 0.0018689522985368967
913 0.002276153303682804
914 0.0017529574688524008
915 0.0023477263748645782
916 0.0030764653347432613
917 0.0014571323990821838
918 0.0010291836224496365
919 0.002629810944199562
920 0.00181683711707592
921 0.0020248412620276213
922 0.0032133839558809996
923 0.0016399947926402092
924 0.0019187539583072066
925 0.002451719483360648
926 0.0013346114428713918
927 0.0012676515616476536
928 0.0020929283928126097
929 0.002801960799843073
930 0.0017557275714352727
931 0.0017158524133265018
932 0.0013134449254721403
933 0.0013678388204425573
934 0.0016082042129710317
935 0.0012147893430665135
936 0.0025452598929405212
937 0.0017416448099538684
938 0.001997266197577119
939 0.001429000054486096
940 0.001480021164752543
941 0.0019160956144332886
942 0.0014590529026463628
943 0.001125350478105247
944 0.0024518135469406843
945 0.0013200631365180016
946 0.0017905689310282469
947 0.002019892679527402
948 0.0025973720476031303
949 0.0020468339789658785
950 0.0011314504081383348
951 0.0026166457682847977
952 0.0015687309205532074
953 0.002449563704431057
954 0.0010056538740172982
955 0.0008887241710908711
956 0.002312727738171816
957 0.0025053767021745443
958 0.001086644479073584
959 0.002259267494082451
960 0.001581989461556077
961 0.001980980159714818
962 0.0028875337447971106
963 0.0017530382610857487
964 0.00155047292355448
965 0.0010679296683520079
966 0.0011466413270682096
967 0.0016396032879129052
968 0.0019059055484831333
969 0.0020019926596432924
970 0.0015558490995317698
971 0.0015252307057380676
972 0.0019512706203386188
973 0.0018444795859977603
974 0.00201984541490674
975 0.0017569103511050344
976 0.0013516700128093362
977 0.001400204375386238
978 0.001948705641552806
979 0.0011976818786934018
980 0.0028397932182997465
981 0.0017305737128481269
982 0.0023711824323982
983 0.001987393945455551
984 0.0018285327823832631
985 0.0021514776162803173
986 0.001682451693341136
987 0.0015805549919605255
988 0.0015233645681291819
989 0.002117723925039172
990 0.0010122496169060469
991 0.0012188925174996257
992 0.0023902058601379395
993 0.0016659492393955588
994 0.0012808953179046512
995 0.0014184844912961125
996 0.0015241083456203341
997 0.0010597719810903072
998 0.0022856935393065214
999 0.0010140234371647239
