0 41.53586959838867
1 4.540613651275635
2 3.1149401664733887
3 4.900322914123535
4 4.097066402435303
5 4.961471080780029
6 5.552251815795898
7 2.3844754695892334
8 5.0720672607421875
9 4.03366756439209
10 4.050274848937988
11 2.524613618850708
12 2.6426854133605957
13 2.725254774093628
14 2.7420973777770996
15 0.4466937482357025
16 0.4334868788719177
17 0.35548824071884155
18 0.1774989515542984
19 1.2857511043548584
20 0.25510281324386597
21 0.2064015120267868
22 0.04581890255212784
23 0.11141497641801834
24 0.02973254956305027
25 0.021140916272997856
26 0.03528633341193199
27 0.3645862638950348
28 0.03985972702503204
29 0.01737588830292225
30 0.07303040474653244
31 0.026482652872800827
32 0.01296418346464634
33 0.007400815840810537
34 0.012351232580840588
35 0.009780624881386757
36 0.004543649964034557
37 0.15917782485485077
38 2.556973934173584
39 0.4542199373245239
40 0.2705458700656891
41 0.3298262059688568
42 0.9220210313796997
43 0.828084409236908
44 0.5988495945930481
45 4.25837516784668
46 0.3338508903980255
47 0.053575508296489716
48 0.1171206533908844
49 0.24452164769172668
50 0.08395368605852127
51 0.05474063381552696
52 1.2233307361602783
53 10.27068042755127
54 0.11997578293085098
55 0.17958101630210876
56 0.014210477471351624
57 0.011970124207437038
58 0.0045217121951282024
59 0.003652724903076887
60 0.07565679401159286
61 4.846700668334961
62 1.6161680221557617
63 0.7456706762313843
64 0.15165963768959045
65 0.02739615924656391
66 0.013563904911279678
67 0.013339843600988388
68 0.0475345179438591
69 0.03367886692285538
70 0.012767437845468521
71 0.0742405354976654
72 0.2257901430130005
73 0.08224444836378098
74 0.05509335175156593
75 0.03820323944091797
76 0.09235938638448715
77 0.06625482439994812
78 0.023802228271961212
79 0.0364176444709301
80 0.3093816637992859
81 0.024870123714208603
82 0.019092896953225136
83 0.017266348004341125
84 0.3645594120025635
85 0.8202729821205139
86 14.105477333068848
87 5.201175689697266
88 24.73854637145996
89 0.6229004263877869
90 0.9474008083343506
91 0.30395349860191345
92 0.2734133005142212
93 0.7900694012641907
94 0.5702930092811584
95 0.9365035891532898
96 0.19083154201507568
97 0.1503617763519287
98 0.15240034461021423
99 0.05808668211102486
100 0.16702166199684143
101 0.281940758228302
102 0.05517477169632912
103 0.1851251870393753
104 0.08515223860740662
105 0.06402598321437836
106 0.19413654506206512
107 0.11803030967712402
108 0.17610087990760803
109 2.6725189685821533
110 1.413331151008606
111 0.05467299371957779
112 1.0777744054794312
113 15.498141288757324
114 1.3514134883880615
115 0.3160887658596039
116 0.5621897578239441
117 0.03339988738298416
118 0.06331656873226166
119 0.01801982894539833
120 0.015296044759452343
121 0.16094151139259338
122 0.6533225774765015
123 16.89356803894043
124 0.8396807312965393
125 0.2749158442020416
126 0.04127857834100723
127 0.021302711218595505
128 0.054401468485593796
129 0.09226703643798828
130 0.1941007524728775
131 0.46945255994796753
132 14.389049530029297
133 5.999895095825195
134 1.5518771409988403
135 0.13785476982593536
136 0.5257935523986816
137 0.011747000738978386
138 0.06216613948345184
139 0.09788905084133148
140 0.04074430465698242
141 0.2690904140472412
142 0.5607331395149231
143 17.85598373413086
144 0.7168383598327637
145 0.12705446779727936
146 0.16723446547985077
147 0.09913517534732819
148 0.027238208800554276
149 0.009001961909234524
150 0.015809863805770874
151 0.005883575417101383
152 0.08054999262094498
153 1.5405102968215942
154 1.7896031141281128
155 0.1260560303926468
156 0.172566756606102
157 0.07284781336784363
158 0.20727190375328064
159 0.21141913533210754
160 0.021102678030729294
161 0.12241233885288239
162 0.6227344274520874
163 0.2131813019514084
164 0.36185774207115173
165 0.36241045594215393
166 0.36290982365608215
167 0.08147291839122772
168 0.138743594288826
169 0.25459766387939453
170 0.038250409066677094
171 17.56582260131836
172 4.763329982757568
173 0.32877814769744873
174 0.26746922731399536
175 0.08607341349124908
176 0.3908575773239136
177 0.14031165838241577
178 0.055558864027261734
179 0.031901951879262924
180 0.026821928098797798
181 0.0694836676120758
182 0.06592322140932083
183 0.04638814926147461
184 0.0817585214972496
185 0.03175497055053711
186 0.07178116589784622
187 0.024879399687051773
188 0.06471865624189377
189 0.011043005622923374
190 0.2263309508562088
191 0.05260081589221954
192 0.008134868927299976
193 0.06764356791973114
194 0.0413772314786911
195 0.3575255870819092
196 0.04610379785299301
197 0.24126926064491272
198 2.7922232151031494
199 7.162195682525635
200 3.9778599739074707
201 0.979202926158905
202 0.7828496694564819
203 4.242878437042236
204 4.743699073791504
205 0.3938634395599365
206 0.08886200934648514
207 0.07763347029685974
208 0.0803440660238266
209 0.029351428151130676
210 0.03413534164428711
211 0.016048511490225792
212 0.026713911443948746
213 0.03716662898659706
214 0.11659813672304153
215 0.23897336423397064
216 0.5785952806472778
217 0.657305896282196
218 1.5712714195251465
219 0.2960774898529053
220 0.5844151973724365
221 0.11562950164079666
222 0.16973094642162323
223 0.11355167627334595
224 0.25995224714279175
225 1.619924783706665
226 105.10203552246094
227 20.719118118286133
228 4.000412940979004
229 1.0927766561508179
230 1.9566867351531982
231 1.6003199815750122
232 1.103380799293518
233 0.17008596658706665
234 0.254230260848999
235 0.37501785159111023
236 0.09517398476600647
237 0.037343524396419525
238 0.060783594846725464
239 0.012870012782514095
240 0.03910255432128906
241 0.026343612000346184
242 0.03221624344587326
243 0.11162013560533524
244 0.016952205449342728
245 0.011984162032604218
246 0.07276832312345505
247 0.02311698906123638
248 0.005607911851257086
249 0.030420932918787003
250 0.010713992640376091
251 0.056287094950675964
252 0.013646344654262066
253 0.02488911710679531
254 0.015841569751501083
255 0.008073137141764164
256 0.03742970898747444
257 0.04644040763378143
258 0.012989863753318787
259 0.019275348633527756
260 0.24305695295333862
261 0.03652336448431015
262 0.04249754920601845
263 0.06923392415046692
264 2.4843621253967285
265 22.936786651611328
266 4.942098140716553
267 0.3472326695919037
268 1.0228397846221924
269 0.16426828503608704
270 0.06264449656009674
271 0.013370513916015625
272 0.07265356928110123
273 0.016528692096471786
274 0.32484036684036255
275 0.05244261026382446
276 0.014498654752969742
277 0.45468994975090027
278 0.3120359182357788
279 0.19927416741847992
280 0.07162301987409592
281 1.8741910457611084
282 10.900357246398926
283 0.9724637866020203
284 1.248128890991211
285 0.16044679284095764
286 1.2862714529037476
287 3.796607732772827
288 0.29540348052978516
289 0.39460134506225586
290 0.6084412336349487
291 0.4072108268737793
292 0.6270009875297546
293 0.04080275446176529
294 0.9107538461685181
295 0.22033418715000153
296 3.906979560852051
297 0.4686874747276306
298 0.7817500829696655
299 1.9141002893447876
300 1.0301069021224976
301 2.7511343955993652
302 25.72662925720215
303 1.6090327501296997
304 0.47146251797676086
305 0.6088411808013916
306 0.21904638409614563
307 1.28447425365448
308 0.054452504962682724
309 0.1564951092004776
310 0.6569094061851501
311 2.8202645778656006
312 0.3887026906013489
313 3.2838122844696045
314 1.0749270915985107
315 0.1905052363872528
316 0.08620832860469818
317 0.3188497722148895
318 0.014331395737826824
319 0.03911630064249039
320 0.030612103641033173
321 0.06678532063961029
322 0.17072364687919617
323 0.15436968207359314
324 0.29977768659591675
325 1.001691222190857
326 0.1564428210258484
327 0.11913546919822693
328 0.06907021999359131
329 0.2811296880245209
330 0.9490957856178284
331 0.202607661485672
332 0.11240890622138977
333 0.10890179872512817
334 0.01382958609610796
335 0.06384308636188507
336 2.5074169635772705
337 5.850975513458252
338 2.091364622116089
339 0.16764740645885468
340 0.10615374147891998
341 0.05316610261797905
342 0.19376130402088165
343 1.507807970046997
344 1.982712984085083
345 1.6673552989959717
346 1.4881198406219482
347 0.7150207757949829
348 0.47020357847213745
349 0.43890100717544556
350 0.8040399551391602
351 0.7686514854431152
352 4.0097479820251465
353 11.228901863098145
354 8.520848274230957
355 1.1588916778564453
356 0.2851319909095764
357 0.4445348083972931
358 7.683345794677734
359 0.921478271484375
360 0.6123415231704712
361 0.31237179040908813
362 0.45333489775657654
363 0.09976344555616379
364 0.06832635402679443
365 0.23726022243499756
366 0.5278612971305847
367 0.849197506904602
368 1.4860671758651733
369 0.781862735748291
370 0.5654677152633667
371 0.34629276394844055
372 0.05709090828895569
373 0.10336404293775558
374 0.042314499616622925
375 0.11071030050516129
376 0.267787367105484
377 3.184284210205078
378 2.2475876808166504
379 23.842056274414062
380 5.569252967834473
381 0.3237875998020172
382 0.4603770077228546
383 0.434661328792572
384 0.48462241888046265
385 0.3905448913574219
386 0.6596141457557678
387 0.15993642807006836
388 0.2230839878320694
389 0.3192651569843292
390 0.026998847723007202
391 0.1996740847826004
392 0.31633487343788147
393 0.8862429857254028
394 0.8497017621994019
395 0.19864322245121002
396 1.2121541500091553
397 13.315126419067383
398 2.108705759048462
399 1.0630236864089966
400 0.3005524277687073
401 0.14758767187595367
402 0.15032632648944855
403 0.878848671913147
404 0.20597565174102783
405 2.421661376953125
406 0.7039278745651245
407 0.4382666349411011
408 0.21216852962970734
409 0.38501614332199097
410 1.7857238054275513
411 1.8829188346862793
412 0.7675653696060181
413 1.2760406732559204
414 0.5203386545181274
415 4.092569351196289
416 2.345465660095215
417 2.1815989017486572
418 0.6430731415748596
419 0.30479535460472107
420 0.35283344984054565
421 0.9274659156799316
422 0.9531933069229126
423 0.6447780132293701
424 0.7077171802520752
425 1.5709394216537476
426 5.177071571350098
427 1.112009882926941
428 1.5111584663391113
429 4.36879825592041
430 1.494452953338623
431 0.33771347999572754
432 0.1864158660173416
433 2.1213252544403076
434 0.6411789059638977
435 0.5949998497962952
436 0.37915781140327454
437 5.590618133544922
438 0.24409180879592896
439 0.4004615247249603
440 0.14341428875923157
441 0.44947871565818787
442 0.11266680061817169
443 0.2606792449951172
444 2.942892551422119
445 1.5090110301971436
446 0.7152722477912903
447 0.4912501573562622
448 4.509827136993408
449 5.268174171447754
450 2.399902582168579
451 1.0643268823623657
452 0.324863076210022
453 0.4096006155014038
454 1.7618637084960938
455 0.653886079788208
456 1.3663707971572876
457 0.25632718205451965
458 3.2044386863708496
459 1.2343263626098633
460 0.9259912371635437
461 0.5480006337165833
462 0.3591378629207611
463 0.20244146883487701
464 0.7193207740783691
465 0.912600040435791
466 7.086721420288086
467 3.5812888145446777
468 1.6531366109848022
469 0.4558219909667969
470 0.343604177236557
471 2.798286199569702
472 1.0939208269119263
473 2.1591744422912598
474 34.07597732543945
475 2.494687795639038
476 3.4987361431121826
477 0.20182141661643982
478 0.27497029304504395
479 0.27162107825279236
480 0.10182532668113708
481 0.31372007727622986
482 0.31655970215797424
483 0.5828123688697815
484 0.25604957342147827
485 0.10102829337120056
486 0.08937716484069824
487 0.16307315230369568
488 0.3859003186225891
489 13.177099227905273
490 1.1444799900054932
491 0.34429508447647095
492 0.51645827293396
493 0.12862752377986908
494 0.5187602043151855
495 0.46361345052719116
496 2.319122314453125
497 45.135807037353516
498 5.487511157989502
499 4.158969402313232
500 5.381275177001953
501 9.96767807006836
502 0.8010236024856567
503 0.4915831387042999
504 0.5449013710021973
505 1.4883861541748047
506 0.7988284826278687
507 0.9920613765716553
508 0.894646167755127
509 1.9805680513381958
510 1.1416996717453003
511 1.1486194133758545
512 0.11558237671852112
513 0.29053711891174316
514 0.13850903511047363
515 0.1201440691947937
516 0.1533491313457489
517 0.08681456744670868
518 0.190901979804039
519 0.10831356793642044
520 0.06771747767925262
521 0.04579632729291916
522 0.05608141049742699
523 0.18790164589881897
524 0.05755631625652313
525 0.11094237864017487
526 0.1390884816646576
527 0.12289664149284363
528 0.1962975412607193
529 0.08275267481803894
530 0.18171259760856628
531 0.31957048177719116
532 0.07516349852085114
533 0.17771945893764496
534 0.3813440799713135
535 0.1812436878681183
536 0.22528588771820068
537 0.20049171149730682
538 0.078102245926857
539 0.16160985827445984
540 0.1300310641527176
541 0.2024393379688263
542 0.2853033244609833
543 0.24995556473731995
544 0.1377939134836197
545 0.16874133050441742
546 0.18040606379508972
547 0.23894603550434113
548 0.16226676106452942
549 0.15441583096981049
550 0.2634707987308502
551 0.2358473837375641
552 0.14711754024028778
553 0.21980129182338715
554 0.07849769294261932
555 0.18889258801937103
556 0.19714832305908203
557 0.15714429318904877
558 1.0641095638275146
559 1.1857515573501587
560 0.2864864766597748
561 1.8577907085418701
562 2.2622320652008057
563 0.3394094407558441
564 0.7891950607299805
565 0.4725072383880615
566 9.544936180114746
567 6.369141578674316
568 7.424956321716309
569 2.9022836685180664
570 0.33159035444259644
571 0.49727270007133484
572 0.39016401767730713
573 0.08311278373003006
574 0.3633478581905365
575 0.11859936267137527
576 0.1511228084564209
577 0.28824225068092346
578 0.06397555768489838
579 0.9975640773773193
580 2.1693267822265625
581 2.1411705017089844
582 1.2859807014465332
583 0.1027122288942337
584 0.40147486329078674
585 0.30948883295059204
586 0.4299830198287964
587 7.594395160675049
588 4.786932468414307
589 0.3349403440952301
590 0.21715380251407623
591 0.17612257599830627
592 0.42932218313217163
593 1.2502626180648804
594 0.16038475930690765
595 0.23654530942440033
596 0.31879517436027527
597 16.947856903076172
598 5.114702224731445
599 0.5896909832954407
600 0.35300707817077637
601 0.1272450089454651
602 0.16756707429885864
603 0.4879685640335083
604 0.7411295175552368
605 0.21809081733226776
606 0.07781972736120224
607 0.11617560684680939
608 0.17954924702644348
609 0.390585720539093
610 0.21751920878887177
611 0.0742112472653389
612 0.08755393326282501
613 0.16392681002616882
614 0.29919224977493286
615 1.042900562286377
616 4.137772560119629
617 1.0595319271087646
618 0.1092783510684967
619 0.21593306958675385
620 0.1322956681251526
621 0.08116453886032104
622 0.2375892847776413
623 0.41839808225631714
624 0.9516885280609131
625 0.3677622079849243
626 0.38170376420021057
627 9.247475624084473
628 29.431795120239258
629 2.878343343734741
630 1.762300968170166
631 0.5607225894927979
632 0.18978933990001678
633 0.10768153518438339
634 0.18341611325740814
635 0.3958737552165985
636 0.40263354778289795
637 0.15741567313671112
638 0.6664409041404724
639 1.5315887928009033
640 0.9668330550193787
641 0.15848106145858765
642 0.17943327128887177
643 0.19610297679901123
644 0.14001649618148804
645 0.3192308843135834
646 1.2079265117645264
647 2.825894594192505
648 3.0336697101593018
649 0.5823881030082703
650 0.470271497964859
651 3.0513365268707275
652 7.772756099700928
653 0.4835444986820221
654 0.11827442049980164
655 0.1632279008626938
656 0.4446914792060852
657 0.239699125289917
658 0.5979572534561157
659 3.8835954666137695
660 1.7865840196609497
661 14.234954833984375
662 7.446027755737305
663 1.8331948518753052
664 0.34626132249832153
665 0.39233648777008057
666 0.2841265797615051
667 0.4168558120727539
668 0.1554744690656662
669 0.13538677990436554
670 0.2441120743751526
671 0.11029873043298721
672 0.19970254600048065
673 0.38061124086380005
674 0.39142054319381714
675 0.3431238532066345
676 1.9761570692062378
677 5.548544406890869
678 0.17054742574691772
679 0.7691876292228699
680 0.6544560194015503
681 7.8477044105529785
682 4.319725036621094
683 2.1663944721221924
684 0.6605457663536072
685 0.41629284620285034
686 0.4132756292819977
687 0.4780600368976593
688 0.4018940031528473
689 0.9454055428504944
690 0.7710810303688049
691 0.13126008212566376
692 0.7225911617279053
693 0.8930109739303589
694 0.6323822736740112
695 1.9105910062789917
696 4.292826175689697
697 2.6456339359283447
698 14.543251037597656
699 10.714005470275879
700 22.966087341308594
701 10.769125938415527
702 2.173388957977295
703 1.5522390604019165
704 1.660404920578003
705 1.4837602376937866
706 1.4332143068313599
707 0.25149983167648315
708 0.3039640784263611
709 0.5102644562721252
710 0.4002998471260071
711 0.8869039416313171
712 0.24121111631393433
713 0.2321203649044037
714 0.2460753619670868
715 0.1864679902791977
716 0.09922706335783005
717 0.3250703811645508
718 0.28198757767677307
719 0.3084425926208496
720 0.34717586636543274
721 0.41679203510284424
722 0.13921211659908295
723 0.08705125749111176
724 0.358476847410202
725 0.26438701152801514
726 0.40343034267425537
727 0.7224512100219727
728 0.7859739065170288
729 0.3657383322715759
730 0.47328391671180725
731 0.3575085997581482
732 0.38054877519607544
733 0.5810673236846924
734 1.8430854082107544
735 1.12595796585083
736 0.401059627532959
737 0.9650136232376099
738 0.39277663826942444
739 0.11072726547718048
740 0.1934046745300293
741 0.25691479444503784
742 0.10295233130455017
743 0.3301350772380829
744 0.564834475517273
745 0.34804609417915344
746 5.041365146636963
747 4.7330169677734375
748 2.517550230026245
749 0.49295443296432495
750 0.2655792236328125
751 4.598986625671387
752 0.5891581773757935
753 0.8973371982574463
754 0.27881374955177307
755 0.5138306617736816
756 5.868741512298584
757 4.3801164627075195
758 1.5279715061187744
759 2.3668465614318848
760 1.7973029613494873
761 0.8342872262001038
762 0.3521767258644104
763 1.1130168437957764
764 0.5444901585578918
765 1.657922625541687
766 1.611625075340271
767 1.1741480827331543
768 1.6375173330307007
769 2.007633924484253
770 1.1170727014541626
771 0.6542804837226868
772 9.612146377563477
773 0.8233644962310791
774 0.9653432965278625
775 0.4044923782348633
776 0.5066270232200623
777 0.8505309224128723
778 1.2821147441864014
779 0.22638633847236633
780 0.4269835352897644
781 2.696521759033203
782 1.8318525552749634
783 0.5858050584793091
784 0.6115453243255615
785 0.2048710435628891
786 0.9794026613235474
787 0.3799684941768646
788 0.3989477753639221
789 0.6143303513526917
790 0.7677370309829712
791 1.5912585258483887
792 1.9337588548660278
793 0.598531186580658
794 4.862774848937988
795 1.5404356718063354
796 1.6631847620010376
797 0.8651922941207886
798 1.708284616470337
799 2.0814805030822754
800 2.7758846282958984
801 2.162755250930786
802 0.8829203248023987
803 0.27074864506721497
804 0.1771322339773178
805 0.3417162299156189
806 2.273711681365967
807 0.670109748840332
808 2.505333423614502
809 5.761839389801025
810 0.6390355825424194
811 0.2936951518058777
812 0.2564474046230316
813 0.2789499759674072
814 1.528728723526001
815 0.3243556022644043
816 0.9438034892082214
817 0.46283015608787537
818 2.415757894515991
819 3.8965322971343994
820 0.2784210443496704
821 0.215194433927536
822 0.8024506568908691
823 2.010551929473877
824 1.0703461170196533
825 2.288687229156494
826 0.8578184247016907
827 1.1931240558624268
828 1.789041519165039
829 0.8806666731834412
830 0.3122728168964386
831 2.932210683822632
832 2.2764892578125
833 10.788676261901855
834 0.63275545835495
835 0.4737113416194916
836 0.5954123735427856
837 0.5169603824615479
838 0.035382166504859924
839 2.547273635864258
840 1.1612664461135864
841 3.0032193660736084
842 0.4487466812133789
843 0.5401995182037354
844 0.7794104814529419
845 0.8628792762756348
846 1.042726993560791
847 0.9342400431632996
848 4.251245498657227
849 0.7291747331619263
850 1.5463311672210693
851 0.8577680587768555
852 1.9207167625427246
853 1.6186820268630981
854 1.9644213914871216
855 0.8807387351989746
856 2.431483268737793
857 1.0052175521850586
858 0.6869232654571533
859 0.4041288197040558
860 4.019795894622803
861 8.849111557006836
862 1.1141585111618042
863 1.1955444812774658
864 1.2729569673538208
865 1.6159731149673462
866 2.811610460281372
867 1.2153842449188232
868 0.4059007465839386
869 1.5276825428009033
870 0.5083703994750977
871 2.266007423400879
872 6.845612049102783
873 1.8532054424285889
874 1.3931467533111572
875 1.072688341140747
876 1.3158189058303833
877 0.6266334652900696
878 2.4032137393951416
879 1.1238337755203247
880 1.5662962198257446
881 0.5847004055976868
882 0.6467087864875793
883 5.242742538452148
884 1.7017487287521362
885 1.3031799793243408
886 4.631628513336182
887 5.552463531494141
888 7.730745792388916
889 32.701087951660156
890 2.623732566833496
891 1.2917308807373047
892 0.625187873840332
893 1.998587965965271
894 1.2420578002929688
895 2.0222198963165283
896 1.116949439048767
897 0.9787625074386597
898 1.684699535369873
899 2.9930686950683594
900 1.2173640727996826
901 1.5655272006988525
902 1.015773057937622
903 0.9307656288146973
904 0.9896486401557922
905 0.38225147128105164
906 0.31842154264450073
907 1.7808208465576172
908 0.6386699676513672
909 1.2278594970703125
910 0.9816698431968689
911 1.1623462438583374
912 0.6894574165344238
913 4.8063154220581055
914 2.740543842315674
915 0.5984780788421631
916 1.557150959968567
917 2.4063827991485596
918 1.7888225317001343
919 1.9266629219055176
920 6.451183795928955
921 0.21204903721809387
922 0.20935523509979248
923 3.5936880111694336
924 1.5422072410583496
925 2.613656997680664
926 1.6813147068023682
927 11.992460250854492
928 2.366926670074463
929 3.3160252571105957
930 1.2789247035980225
931 0.6002306342124939
932 5.623015403747559
933 1.4740575551986694
934 1.4863018989562988
935 2.3908133506774902
936 4.663148403167725
937 1.7568933963775635
938 3.435762405395508
939 2.80119252204895
940 2.8930253982543945
941 0.9058049917221069
942 0.7889621257781982
943 0.7469266057014465
944 0.4904118478298187
945 2.4457271099090576
946 11.009366989135742
947 3.519558906555176
948 1.3278130292892456
949 11.95449447631836
950 4.1850972175598145
951 1.1037883758544922
952 1.3691325187683105
953 0.8555248975753784
954 1.511530876159668
955 1.709519863128662
956 1.0525888204574585
957 2.9884872436523438
958 3.017805576324463
959 0.2898401618003845
960 1.7408162355422974
961 1.3425661325454712
962 0.9068273901939392
963 2.395674705505371
964 1.0133908987045288
965 1.1749162673950195
966 1.2981237173080444
967 1.065714716911316
968 1.7056090831756592
969 2.508679151535034
970 1.705354928970337
971 5.011316776275635
972 2.12165904045105
973 0.7910964488983154
974 5.367486953735352
975 2.599731683731079
976 3.2895090579986572
977 1.8902349472045898
978 1.8777060508728027
979 2.457785129547119
980 5.123138427734375
981 3.2714264392852783
982 4.0613627433776855
983 3.481574058532715
984 1.7535936832427979
985 1.9071534872055054
986 1.1459521055221558
987 0.7123616933822632
988 0.17401349544525146
989 0.6216989159584045
990 1.8883308172225952
991 1.0171738862991333
992 1.721068024635315
993 1.3757699728012085
994 1.4708045721054077
995 0.40523719787597656
996 1.1349085569381714
997 0.5577825307846069
998 3.1250734329223633
999 2.203902006149292
