0 28.033416748046875
1 8.801779747009277
2 2.8021881580352783
3 0.7349522113800049
4 3.248642683029175
5 4.6375732421875
6 2.974644660949707
7 5.15103006362915
8 2.6341075897216797
9 1.6879891157150269
10 2.5003480911254883
11 3.1627278327941895
12 2.748223066329956
13 2.497718095779419
14 2.7861828804016113
15 1.1836910247802734
16 0.9622181057929993
17 0.45842501521110535
18 0.1422802358865738
19 0.7876415848731995
20 0.39651036262512207
21 0.43261048197746277
22 0.0732501670718193
23 0.1292821615934372
24 0.04750056192278862
25 0.020655931904911995
26 0.07991894334554672
27 0.11511586606502533
28 0.08268176019191742
29 0.020932208746671677
30 0.013639688491821289
31 0.08839447796344757
32 0.020316850394010544
33 0.2688148617744446
34 0.013401621952652931
35 0.07366659492254257
36 0.07521160691976547
37 0.005515219643712044
38 0.9272551536560059
39 0.7681273818016052
40 0.050740644335746765
41 0.23436827957630157
42 0.1367378830909729
43 0.3546353876590729
44 0.06843921542167664
45 1.4313856363296509
46 6.0511088371276855
47 1.233947515487671
48 0.16433696448802948
49 0.016211261972784996
50 0.02043614536523819
51 0.003371375147253275
52 0.04622878134250641
53 0.8400144577026367
54 6.456147193908691
55 0.5702866315841675
56 0.404691606760025
57 0.042741354554891586
58 0.026698514819145203
59 1.3206528425216675
60 63.607173919677734
61 18.301090240478516
62 0.19979245960712433
63 0.4000231921672821
64 0.019402792677283287
65 0.21635662019252777
66 0.007804836146533489
67 0.005903016775846481
68 0.0041585746221244335
69 0.006748329848051071
70 0.059145912528038025
71 0.08148413896560669
72 0.1453857123851776
73 0.1803217977285385
74 0.06621713191270828
75 2.03814959526062
76 0.8057138323783875
77 0.09830929338932037
78 0.8243064880371094
79 0.6173201203346252
80 15.052873611450195
81 1.6597293615341187
82 0.6418271660804749
83 0.2942996621131897
84 3.6874639987945557
85 3.734633445739746
86 76.76051330566406
87 46.668548583984375
88 46.358299255371094
89 6.971035003662109
90 0.7951838374137878
91 0.40725210309028625
92 0.1723393201828003
93 0.20991088449954987
94 0.17143480479717255
95 0.3792889416217804
96 0.2734130322933197
97 0.29480355978012085
98 0.13828618824481964
99 0.097683846950531
100 0.273798406124115
101 0.12230846285820007
102 0.06801827251911163
103 0.019813237711787224
104 0.054844051599502563
105 0.04223378002643585
106 0.01561900693923235
107 0.032627206295728683
108 0.026555880904197693
109 0.008194129914045334
110 0.07235193997621536
111 0.02815089002251625
112 0.015368013642728329
113 0.02011185698211193
114 0.015811225399374962
115 0.09059584140777588
116 0.11052963137626648
117 0.012928992509841919
118 0.020187627524137497
119 0.08934254944324493
120 0.01099893357604742
121 0.02510594204068184
122 0.04121993109583855
123 0.2442089170217514
124 1.242793083190918
125 1.0859395265579224
126 0.32967132329940796
127 0.17840337753295898
128 1.1276724338531494
129 3.4849398136138916
130 0.4284588098526001
131 4.524781227111816
132 0.6567938327789307
133 0.034839700907468796
134 0.03476705029606819
135 0.017889857292175293
136 0.0060465894639492035
137 2.2556846141815186
138 13.662774085998535
139 4.4761061668396
140 0.062529057264328
141 0.041277430951595306
142 0.041396886110305786
143 0.24813875555992126
144 0.14613750576972961
145 0.022888796404004097
146 0.01675276830792427
147 0.013691499829292297
148 0.17447355389595032
149 0.2166123241186142
150 0.014964289031922817
151 0.017004940658807755
152 1.001564621925354
153 10.054262161254883
154 2.3407702445983887
155 0.17410488426685333
156 0.05525222793221474
157 0.03796777129173279
158 0.07028807699680328
159 0.33240506052970886
160 0.0872795432806015
161 0.04806283116340637
162 0.04681018739938736
163 0.061222143471241
164 0.029832014814019203
165 0.024155134335160255
166 0.07619166374206543
167 0.03592998534440994
168 0.11296984553337097
169 0.06927093863487244
170 0.036866024136543274
171 0.6676111221313477
172 2.550874710083008
173 0.48816341161727905
174 1.0346035957336426
175 0.7834078669548035
176 0.6133370995521545
177 0.08632279932498932
178 0.12638038396835327
179 0.12177366018295288
180 0.013856067322194576
181 0.08535570651292801
182 0.0877041444182396
183 0.19790278375148773
184 0.12155190855264664
185 0.07772993296384811
186 0.07923787832260132
187 0.026262803003191948
188 0.1320892721414566
189 0.07330717891454697
190 0.1561969369649887
191 0.484754741191864
192 0.48364192247390747
193 0.2272973656654358
194 0.11507571488618851
195 1.0636978149414062
196 0.09758201986551285
197 0.3027246296405792
198 0.46873408555984497
199 0.077784463763237
200 0.2666948735713959
201 3.246997356414795
202 4.913753032684326
203 6.263275623321533
204 0.5367868542671204
205 0.38543373346328735
206 0.1225837767124176
207 0.06317701935768127
208 0.019469421356916428
209 0.011060846969485283
210 0.004721741657704115
211 0.08002740144729614
212 0.6766529679298401
213 0.416360467672348
214 0.7492465972900391
215 0.3600136637687683
216 1.0360349416732788
217 3.6568171977996826
218 2.555081367492676
219 3.2367453575134277
220 0.5638407468795776
221 0.13602924346923828
222 0.39424487948417664
223 1.2515594959259033
224 1.7677793502807617
225 4.945430755615234
226 186.6846160888672
227 121.03865051269531
228 2.918194055557251
229 2.733553886413574
230 2.5485808849334717
231 0.4941529333591461
232 0.8057940602302551
233 0.17851975560188293
234 0.41848793625831604
235 0.19710496068000793
236 0.061709437519311905
237 0.03850669413805008
238 0.03169247508049011
239 0.01578420214354992
240 0.011470559984445572
241 0.06288029253482819
242 0.027632184326648712
243 0.004441007040441036
244 0.004953476600348949
245 0.00995993334800005
246 0.026702914386987686
247 0.03775455430150032
248 0.020507942885160446
249 0.02455860935151577
250 0.03605838492512703
251 0.03525765612721443
252 0.0057709794491529465
253 0.022553319111466408
254 0.027155861258506775
255 0.013027533888816833
256 0.004200995899736881
257 0.005088800098747015
258 0.0037792420480400324
259 0.012378665618598461
260 0.01911785639822483
261 0.020142611116170883
262 0.0068412162363529205
263 0.017483370378613472
264 0.02228756994009018
265 0.14709806442260742
266 0.19402916729450226
267 0.2649646997451782
268 0.07542020082473755
269 0.06578020006418228
270 0.016267508268356323
271 0.06703294068574905
272 0.06092448532581329
273 0.021931767463684082
274 0.03407656028866768
275 0.043329861015081406
276 0.03159038722515106
277 0.019889820367097855
278 0.020238637924194336
279 0.1573377102613449
280 0.034585341811180115
281 0.3574904799461365
282 0.3530530631542206
283 0.5677251219749451
284 0.23308196663856506
285 0.06728018820285797
286 0.4240671992301941
287 0.336911141872406
288 0.13129185140132904
289 0.05032241344451904
290 0.39117974042892456
291 0.4567030370235443
292 0.43782177567481995
293 0.30828821659088135
294 2.8841257095336914
295 0.3424574136734009
296 0.20154023170471191
297 8.476923942565918
298 0.4785856604576111
299 1.2032004594802856
300 0.21805691719055176
301 0.2688295245170593
302 0.301128625869751
303 0.5875536203384399
304 0.6084608435630798
305 3.8637752532958984
306 8.010400772094727
307 1.177750587463379
308 6.362715244293213
309 0.4699825048446655
310 0.347086638212204
311 2.0216355323791504
312 2.067519187927246
313 2.5163700580596924
314 9.070796966552734
315 13.184944152832031
316 6.139785289764404
317 1.0653880834579468
318 0.26094844937324524
319 0.3778570890426636
320 0.11891473084688187
321 0.12697026133537292
322 0.09252385795116425
323 0.5569271445274353
324 0.6200783252716064
325 0.15049411356449127
326 0.0442800372838974
327 0.1413678377866745
328 0.2640441060066223
329 2.242077112197876
330 0.03665791451931
331 0.39041540026664734
332 0.22516478598117828
333 0.06692057847976685
334 1.2436063289642334
335 1.0652042627334595
336 0.4686112105846405
337 0.7868802547454834
338 0.10911044478416443
339 0.27915894985198975
340 3.3540098667144775
341 4.717739582061768
342 0.10321776568889618
343 0.06983895599842072
344 0.22365006804466248
345 0.5213424563407898
346 1.3246674537658691
347 0.1004292368888855
348 0.4318774342536926
349 0.07179533690214157
350 2.1352779865264893
351 20.33699607849121
352 1.185173511505127
353 1.8390846252441406
354 1.008779764175415
355 0.7881048321723938
356 0.5967147350311279
357 3.2952535152435303
358 5.581080436706543
359 1.1677607297897339
360 1.4958384037017822
361 1.6458308696746826
362 0.5257347822189331
363 2.8035054206848145
364 0.2508639097213745
365 0.5817420482635498
366 0.25599515438079834
367 0.14222818613052368
368 0.15793201327323914
369 0.17686541378498077
370 0.06357301026582718
371 0.18490397930145264
372 0.21333569288253784
373 0.020372934639453888
374 0.19169774651527405
375 0.5524657964706421
376 0.08154068142175674
377 0.4364375174045563
378 0.28270354866981506
379 0.6979547739028931
380 43.465667724609375
381 0.22356495261192322
382 1.91123628616333
383 0.35187864303588867
384 1.097460389137268
385 0.1912873536348343
386 1.5940890312194824
387 0.4817142188549042
388 0.3024566173553467
389 0.1874876618385315
390 0.20278316736221313
391 1.2296446561813354
392 0.79392409324646
393 0.17435167729854584
394 6.188207149505615
395 0.6196792721748352
396 1.5050870180130005
397 6.717586517333984
398 12.976764678955078
399 16.098899841308594
400 2.174078941345215
401 0.3090876042842865
402 0.33496594429016113
403 0.5917128920555115
404 0.21601803600788116
405 0.32821711897850037
406 0.44543910026550293
407 0.14563733339309692
408 0.47670385241508484
409 0.2149125337600708
410 0.09669361263513565
411 0.4060165584087372
412 0.15350119769573212
413 0.15268881618976593
414 0.8024184107780457
415 0.9401938915252686
416 31.38312530517578
417 16.72193717956543
418 1.8812170028686523
419 2.7092854976654053
420 0.5261009931564331
421 0.4814561605453491
422 0.32909753918647766
423 0.09071201086044312
424 0.17226405441761017
425 0.1875162124633789
426 0.0938570573925972
427 1.2991536855697632
428 1.1530252695083618
429 0.21229173243045807
430 1.4170610904693604
431 0.12989401817321777
432 0.12686750292778015
433 0.08195006847381592
434 0.9713895916938782
435 10.113256454467773
436 14.521564483642578
437 0.547473132610321
438 0.7729030251502991
439 0.2965236008167267
440 0.18304717540740967
441 0.07487210631370544
442 0.21996654570102692
443 0.9893797039985657
444 1.519734501838684
445 0.4607123136520386
446 3.583008050918579
447 1.6359912157058716
448 1.7871085405349731
449 1.1176961660385132
450 1.3633148670196533
451 0.6241384148597717
452 0.6372672915458679
453 0.2698437571525574
454 0.19588595628738403
455 0.34282249212265015
456 0.051443085074424744
457 0.6057751774787903
458 0.16165614128112793
459 1.3353915214538574
460 0.663899302482605
461 1.586255669593811
462 1.2686562538146973
463 0.27848201990127563
464 0.7443029880523682
465 1.1418447494506836
466 12.464332580566406
467 6.047114372253418
468 3.114459276199341
469 0.20108190178871155
470 0.7549045085906982
471 0.4516184628009796
472 1.0145353078842163
473 0.9470365047454834
474 0.19818411767482758
475 0.5914628505706787
476 0.24418212473392487
477 0.10332638025283813
478 0.16534607112407684
479 0.26193752884864807
480 0.2919256091117859
481 0.1961459219455719
482 0.4401489198207855
483 0.2732870876789093
484 0.08966350555419922
485 0.04097122699022293
486 0.2744579315185547
487 0.21564698219299316
488 0.08333209902048111
489 0.15448357164859772
490 0.2174377292394638
491 1.7069884538650513
492 4.017578125
493 1.5586597919464111
494 0.5078209638595581
495 1.4165277481079102
496 36.731624603271484
497 351.0833435058594
498 18.21413803100586
499 6.487410068511963
500 2.7081458568573
501 3.9051074981689453
502 0.7034136056900024
503 0.2590513527393341
504 0.4825592041015625
505 0.775888204574585
506 0.9748570322990417
507 1.088242769241333
508 0.9980746507644653
509 1.6399734020233154
510 0.626130223274231
511 1.23308527469635
512 0.3601972162723541
513 0.17763322591781616
514 0.08403079211711884
515 0.08424102514982224
516 0.1353730857372284
517 0.10630031675100327
518 0.1421307623386383
519 0.08753755688667297
520 0.07256276905536652
521 0.11783064156770706
522 0.0471876859664917
523 0.14822931587696075
524 0.13458023965358734
525 0.18499843776226044
526 0.22227361798286438
527 0.22611017525196075
528 0.11386413127183914
529 0.04793546348810196
530 0.12144584208726883
531 0.06490462273359299
532 0.060510288923978806
533 0.07030399143695831
534 0.022456759586930275
535 0.14472807943820953
536 0.18483905494213104
537 0.09222854673862457
538 0.16521139442920685
539 0.06596751511096954
540 0.14223743975162506
541 0.09702858328819275
542 0.060830291360616684
543 0.04267047718167305
544 0.0625733956694603
545 0.051007095724344254
546 0.04926452785730362
547 0.11624939739704132
548 0.13481421768665314
549 0.15284989774227142
550 0.07371450960636139
551 0.15262548625469208
552 0.08727458119392395
553 0.03068655915558338
554 0.041540078818798065
555 0.04851066693663597
556 0.08924903720617294
557 0.05516305938363075
558 0.07344041019678116
559 0.12413447350263596
560 0.16178855299949646
561 0.11007758975028992
562 0.14133650064468384
563 0.23969972133636475
564 0.09894008189439774
565 0.2457578182220459
566 0.19435402750968933
567 0.28016719222068787
568 1.3897186517715454
569 1.691574215888977
570 0.4697330594062805
571 0.06811052560806274
572 0.20436516404151917
573 0.12559349834918976
574 0.5477461814880371
575 2.8025894165039062
576 0.460867702960968
577 0.28998371958732605
578 1.9925503730773926
579 0.375329852104187
580 0.3756425976753235
581 0.15932166576385498
582 0.22234515845775604
583 7.799459457397461
584 2.5785021781921387
585 0.3876616954803467
586 0.5770772695541382
587 0.46469151973724365
588 0.32998016476631165
589 0.15735313296318054
590 0.4574654996395111
591 0.6287887692451477
592 0.7513108849525452
593 0.15906551480293274
594 0.8299209475517273
595 2.0242650508880615
596 1.2289584875106812
597 11.055397033691406
598 2.54421067237854
599 0.46962568163871765
600 0.286173015832901
601 0.21298980712890625
602 0.21352633833885193
603 0.9715201258659363
604 0.31597980856895447
605 0.6560165882110596
606 0.09066765010356903
607 0.2832542359828949
608 2.947636365890503
609 14.858007431030273
610 0.7510296106338501
611 0.27720725536346436
612 0.23343831300735474
613 0.26158156991004944
614 0.15276145935058594
615 0.16424168646335602
616 0.13725785911083221
617 0.15458185970783234
618 0.12977011501789093
619 0.17920076847076416
620 0.16881008446216583
621 0.18721142411231995
622 0.1542881578207016
623 0.05425839498639107
624 0.2056666612625122
625 0.2551248073577881
626 1.1698495149612427
627 0.1684008538722992
628 0.10918772965669632
629 0.7385739684104919
630 0.16717512905597687
631 0.6988980174064636
632 0.5749654769897461
633 0.9977126121520996
634 1.4867254495620728
635 3.2134668827056885
636 1.1935539245605469
637 1.1341116428375244
638 0.6618064641952515
639 0.8504900932312012
640 1.660642147064209
641 0.41047781705856323
642 1.3914214372634888
643 0.9928267002105713
644 19.465856552124023
645 1.7619032859802246
646 0.8115731477737427
647 0.3452971577644348
648 0.2675269544124603
649 0.14297783374786377
650 0.4672155976295471
651 0.21101132035255432
652 0.1591096669435501
653 0.11867254227399826
654 0.28349769115448
655 0.3320631980895996
656 0.5203881859779358
657 0.23049792647361755
658 0.7116091847419739
659 1.0062143802642822
660 1.1512531042099
661 1.6993908882141113
662 16.46813201904297
663 5.965365409851074
664 3.3656435012817383
665 1.421230673789978
666 0.7312813997268677
667 0.24425391852855682
668 0.22358790040016174
669 0.13871891796588898
670 0.21067781746387482
671 0.8191052675247192
672 8.363548278808594
673 0.7004512548446655
674 0.27379485964775085
675 0.3309646248817444
676 0.293648362159729
677 0.19450218975543976
678 0.23542827367782593
679 2.11686372756958
680 3.2608706951141357
681 0.23669646680355072
682 0.13559533655643463
683 0.2835007309913635
684 0.31655922532081604
685 0.1548493653535843
686 0.5050450563430786
687 0.42871561646461487
688 2.425801992416382
689 2.761448621749878
690 1.9882320165634155
691 1.5038444995880127
692 0.5353288650512695
693 7.697904109954834
694 3.991572380065918
695 0.77878338098526
696 0.2110481858253479
697 0.2418001890182495
698 16.372129440307617
699 9.860124588012695
700 49.88098907470703
701 0.9142321944236755
702 1.6138873100280762
703 2.874626398086548
704 2.5862441062927246
705 1.019659161567688
706 0.9486358761787415
707 0.23214738070964813
708 0.1983838677406311
709 0.277986079454422
710 0.43259814381599426
711 0.41501492261886597
712 0.14205807447433472
713 0.5671259164810181
714 0.20822739601135254
715 0.28014907240867615
716 0.3303675353527069
717 0.1862078607082367
718 0.15630802512168884
719 0.27030515670776367
720 0.3581163287162781
721 0.17797815799713135
722 0.03950698301196098
723 0.3677796721458435
724 0.21441738307476044
725 0.5481870770454407
726 0.6206284165382385
727 0.221329003572464
728 0.3572789132595062
729 0.30688759684562683
730 0.35040587186813354
731 0.3978603780269623
732 0.1785208284854889
733 0.47095271944999695
734 0.36641690135002136
735 0.22510553896427155
736 0.5933244824409485
737 0.5479892492294312
738 0.22997784614562988
739 0.4979795813560486
740 0.2483207732439041
741 0.38438618183135986
742 2.6332032680511475
743 1.4223127365112305
744 1.3801683187484741
745 0.6368997097015381
746 0.3347345292568207
747 1.6372977495193481
748 0.5997230410575867
749 0.8582442402839661
750 0.31555891036987305
751 1.3537827730178833
752 0.4439728856086731
753 1.5046569108963013
754 1.1800482273101807
755 7.339349269866943
756 0.7477776408195496
757 1.4030916690826416
758 1.3166792392730713
759 0.7653491497039795
760 0.6080939769744873
761 0.34186363220214844
762 14.107414245605469
763 3.2769784927368164
764 8.732060432434082
765 2.3641207218170166
766 1.7984968423843384
767 1.3729971647262573
768 0.6355729103088379
769 0.5265390872955322
770 0.4091717600822449
771 0.7367072105407715
772 0.48073428869247437
773 0.7348554730415344
774 0.6852968335151672
775 0.5556350946426392
776 2.119506359100342
777 1.185910701751709
778 0.6523861289024353
779 1.0484240055084229
780 0.9060300588607788
781 0.5983524322509766
782 2.868222713470459
783 2.3588168621063232
784 1.6488581895828247
785 1.511291265487671
786 1.3675777912139893
787 5.138667583465576
788 3.6893606185913086
789 2.568821907043457
790 2.530045747756958
791 0.35081931948661804
792 1.5575932264328003
793 1.274104356765747
794 0.47334522008895874
795 0.2873274087905884
796 0.18581363558769226
797 0.3222988545894623
798 1.8659738302230835
799 6.035016059875488
800 4.796463966369629
801 0.5082595944404602
802 0.20673196017742157
803 1.1298798322677612
804 0.9335393905639648
805 0.42748042941093445
806 0.8930983543395996
807 0.8605091571807861
808 0.898167610168457
809 3.179730176925659
810 2.701167345046997
811 1.3309013843536377
812 1.997084140777588
813 3.2434229850769043
814 3.45003604888916
815 1.0070130825042725
816 0.8170135617256165
817 0.8045641183853149
818 0.9622304439544678
819 1.1099375486373901
820 0.6392738819122314
821 1.5950796604156494
822 1.166538953781128
823 1.3522539138793945
824 1.3330718278884888
825 0.13183973729610443
826 0.8980390429496765
827 0.24113218486309052
828 1.1965296268463135
829 6.2480854988098145
830 1.8445407152175903
831 8.017605781555176
832 0.8188669681549072
833 6.025765895843506
834 0.6375726461410522
835 0.6436785459518433
836 0.4877602458000183
837 3.573068857192993
838 39.11813735961914
839 2.8215389251708984
840 1.7462836503982544
841 0.9840714931488037
842 0.9224439263343811
843 0.5901481509208679
844 0.5562660694122314
845 0.6608245372772217
846 0.4906584322452545
847 0.3410455584526062
848 0.7812172174453735
849 0.7611352205276489
850 0.3530680537223816
851 0.862368643283844
852 0.6532555818557739
853 0.46392714977264404
854 1.2582252025604248
855 1.4718995094299316
856 0.9028644561767578
857 0.976130485534668
858 0.5116190314292908
859 1.081876277923584
860 1.3706045150756836
861 0.11701543629169464
862 1.4331389665603638
863 1.2242257595062256
864 1.9658637046813965
865 5.81310510635376
866 1.43380868434906
867 3.134215831756592
868 3.0252907276153564
869 0.6201232671737671
870 0.6644313931465149
871 0.9029415249824524
872 2.4134340286254883
873 9.369440078735352
874 3.5791003704071045
875 0.11690162122249603
876 1.554254412651062
877 2.137207508087158
878 1.8987106084823608
879 1.1698369979858398
880 2.1703641414642334
881 0.6526288986206055
882 1.079835057258606
883 2.1163547039031982
884 2.592209815979004
885 1.4339067935943604
886 2.724841594696045
887 1.9016680717468262
888 3.3551642894744873
889 0.930080771446228
890 0.9031440019607544
891 2.5721237659454346
892 1.031662940979004
893 3.165921926498413
894 0.7741640210151672
895 3.8243188858032227
896 4.435267448425293
897 1.4217886924743652
898 0.8772248029708862
899 1.3941619396209717
900 0.11292490363121033
901 6.345451831817627
902 4.151368618011475
903 2.2392475605010986
904 3.7033019065856934
905 1.8149479627609253
906 1.978394865989685
907 0.7575080394744873
908 1.4851219654083252
909 0.4182524085044861
910 0.8343116044998169
911 1.441626787185669
912 0.8193632364273071
913 0.38024741411209106
914 3.5940351486206055
915 0.8017061352729797
916 1.0692945718765259
917 1.867321252822876
918 3.0818164348602295
919 1.2873843908309937
920 0.12447800487279892
921 0.9511078000068665
922 1.639726161956787
923 2.5344743728637695
924 0.8532015681266785
925 3.166555404663086
926 4.395803928375244
927 1.369476556777954
928 5.926209449768066
929 1.8141140937805176
930 1.6719932556152344
931 2.9322052001953125
932 4.931529521942139
933 2.456320285797119
934 1.9351004362106323
935 1.0378841161727905
936 1.9876244068145752
937 5.265190124511719
938 1.2713297605514526
939 1.7232671976089478
940 1.5648211240768433
941 1.4464484453201294
942 0.7569805383682251
943 2.0655405521392822
944 0.9665625691413879
945 1.2845547199249268
946 3.2175512313842773
947 0.7942416667938232
948 1.5346769094467163
949 1.2588248252868652
950 2.2096996307373047
951 1.8882522583007812
952 0.8948817253112793
953 4.8570637702941895
954 5.605766296386719
955 1.6018608808517456
956 1.4370667934417725
957 1.0337764024734497
958 0.6818852424621582
959 2.123793601989746
960 1.148202657699585
961 0.7285740375518799
962 1.5646692514419556
963 5.8650689125061035
964 0.9479341506958008
965 0.5461441874504089
966 5.810160160064697
967 4.279590606689453
968 0.32576972246170044
969 1.47622811794281
970 1.5360755920410156
971 1.2045167684555054
972 2.6754307746887207
973 0.8629396557807922
974 0.3392910063266754
975 19.746437072753906
976 4.498595714569092
977 3.3250317573547363
978 1.4628342390060425
979 1.4897847175598145
980 1.1804780960083008
981 3.868720531463623
982 3.9306600093841553
983 1.3650847673416138
984 1.9845408201217651
985 1.5265939235687256
986 0.07603663206100464
987 1.0961980819702148
988 1.2195887565612793
989 1.0160449743270874
990 1.0500080585479736
991 2.305553436279297
992 2.2310187816619873
993 1.5770479440689087
994 1.2495167255401611
995 4.0266947746276855
996 11.696123123168945
997 4.692332744598389
998 0.9364845156669617
999 1.2316774129867554
