0 -21.383636474609375
1 -49.15058898925781
2 -90.73181915283203
3 -165.6967315673828
4 -281.1720275878906
5 -412.02783203125
6 -532.1569213867188
7 -621.6795654296875
8 -691.9862060546875
9 -758.5236206054688
10 -820.0582885742188
11 -873.8601684570312
12 -929.302734375
13 -974.82666015625
14 -1022.7788696289062
15 -1061.21630859375
16 -1105.70166015625
17 -1142.4144287109375
18 -1181.36474609375
19 -1219.8350830078125
20 -1256.918701171875
21 -1294.761474609375
22 -1328.4986572265625
23 -1364.127197265625
24 -1399.531982421875
25 -1432.9293212890625
26 -1465.135009765625
27 -1504.5081787109375
28 -1532.06494140625
29 -1568.5570068359375
30 -1601.5098876953125
31 -1637.66357421875
32 -1665.342529296875
33 -1699.4364013671875
34 -1728.51611328125
35 -1763.6826171875
36 -1797.9788818359375
37 -1826.50634765625
38 -1859.0205078125
39 -1891.2130126953125
40 -1924.409912109375
41 -1954.7431640625
42 -1987.084716796875
43 -2021.969970703125
44 -2049.880859375
45 -2084.345703125
46 -2111.865234375
47 -2146.225830078125
48 -2175.61376953125
49 -2204.3447265625
50 -2241.6337890625
51 -2268.459716796875
52 -2301.582275390625
53 -2330.316650390625
54 -2360.979736328125
55 -2393.176513671875
56 -2422.074951171875
57 -2456.481689453125
58 -2485.0537109375
59 -2515.96044921875
60 -2551.7705078125
61 -2580.951416015625
62 -2609.782470703125
63 -2638.8671875
64 -2668.870849609375
65 -2700.425537109375
66 -2731.146728515625
67 -2760.51611328125
68 -2792.76611328125
69 -2824.47509765625
70 -2857.465576171875
71 -2885.452880859375
72 -2910.541015625
73 -2943.17431640625
74 -2974.004638671875
75 -3002.488525390625
76 -3035.5185546875
77 -3065.585693359375
78 -3096.612548828125
79 -3129.6171875
80 -3156.55029296875
81 -3185.663818359375
82 -3218.986083984375
83 -3247.1171875
84 -3274.677001953125
85 -3308.72509765625
86 -3339.57421875
87 -3368.64013671875
88 -3398.817138671875
89 -3429.418212890625
90 -3456.59521484375
91 -3491.711669921875
92 -3518.749267578125
93 -3549.444580078125
94 -3580.4443359375
95 -3608.259033203125
96 -3640.150634765625
97 -3670.34912109375
98 -3703.6357421875
99 -3729.108642578125
100 -3759.94287109375
101 -3788.224853515625
102 -3819.962158203125
103 -3849.331298828125
104 -3879.417724609375
105 -3910.1259765625
106 -3939.021484375
107 -3970.7216796875
108 -3999.232177734375
109 -4031.115478515625
110 -4060.966552734375
111 -4088.79296875
112 -4119.43212890625
113 -4150.306640625
114 -4184.8251953125
115 -4210.28955078125
116 -4237.52880859375
117 -4270.75146484375
118 -4303.79736328125
119 -4328.94287109375
120 -4358.86181640625
121 -4390.34423828125
122 -4420.93701171875
123 -4450.18701171875
124 -4478.162109375
125 -4507.6376953125
126 -4539.67431640625
127 -4569.423828125
128 -4600.3291015625
129 -4631.11328125
130 -4657.0849609375
131 -4690.51025390625
132 -4719.67822265625
133 -4752.57666015625
134 -4778.998046875
135 -4808.5185546875
136 -4840.64990234375
137 -4870.43212890625
138 -4896.873046875
139 -4928.8271484375
140 -4958.47607421875
141 -4990.3505859375
142 -5018.17041015625
143 -5045.04345703125
144 -5076.22216796875
145 -5106.55126953125
146 -5136.875
147 -5170.57958984375
148 -5193.466796875
149 -5229.10546875
150 -5254.49072265625
151 -5287.23486328125
152 -5313.54541015625
153 -5345.02392578125
154 -5374.14697265625
155 -5405.33203125
156 -5436.05322265625
157 -5464.1962890625
158 -5497.63671875
159 -5524.794921875
160 -5551.9365234375
161 -5586.38916015625
162 -5613.935546875
163 -5642.2880859375
164 -5670.427734375
165 -5704.21337890625
166 -5732.9130859375
167 -5764.0244140625
168 -5794.00341796875
169 -5820.75634765625
170 -5850.1826171875
171 -5882.6396484375
172 -5909.67626953125
173 -5940.81591796875
174 -5972.392578125
175 -5999.7041015625
176 -6028.87255859375
177 -6063.78173828125
178 -6091.17041015625
179 -6121.7880859375
180 -6149.1396484375
181 -6176.1201171875
182 -6207.31689453125
183 -6239.87548828125
184 -6269.0302734375
185 -6296.25634765625
186 -6325.04296875
187 -6356.83251953125
188 -6389.24169921875
189 -6415.5185546875
190 -6447.828125
191 -6477.763671875
192 -6506.04296875
193 -6537.439453125
194 -6570.86083984375
195 -6594.25927734375
196 -6626.71923828125
197 -6653.50146484375
198 -6683.56201171875
199 -6712.15869140625
200 -6744.20703125
201 -6774.16162109375
202 -6805.0419921875
203 -6833.32080078125
204 -6861.205078125
205 -6893.76708984375
206 -6920.1845703125
207 -6952.0244140625
208 -6980.3046875
209 -7010.865234375
210 -7041.45361328125
211 -7070.11767578125
212 -7106.05029296875
213 -7130.650390625
214 -7159.03125
215 -7190.017578125
216 -7225.52783203125
217 -7252.869140625
218 -7281.1162109375
219 -7309.7578125
220 -7337.9677734375
221 -7366.26318359375
222 -7396.62646484375
223 -7429.73583984375
224 -7459.41455078125
225 -7486.91455078125
226 -7519.31201171875
227 -7546.5693359375
228 -7575.81591796875
229 -7607.06298828125
230 -7637.66259765625
231 -7666.30419921875
232 -7696.98046875
233 -7726.63525390625
234 -7754.29052734375
235 -7783.1357421875
236 -7816.990234375
237 -7844.0703125
238 -7875.8466796875
239 -7904.35595703125
240 -7934.72802734375
241 -7962.6806640625
242 -7989.70751953125
243 -8024.8291015625
244 -8054.78125
245 -8082.2783203125
246 -8110.4189453125
247 -8138.4375
248 -8171.0341796875
249 -8199.904296875
250 -8230.1435546875
251 -8261.8671875
252 -8291.2548828125
253 -8321.3173828125
254 -8352.14453125
255 -8379.6279296875
256 -8409.5302734375
257 -8436.208984375
258 -8465.275390625
259 -8498.8544921875
260 -8525.00390625
261 -8557.75
262 -8585.3115234375
263 -8616.4697265625
264 -8645.326171875
265 -8678.931640625
266 -8706.521484375
267 -8735.5625
268 -8765.9912109375
269 -8793.1279296875
270 -8827.248046875
271 -8852.38671875
272 -8885.4853515625
273 -8912.6953125
274 -8943.453125
275 -8972.400390625
276 -9005.3955078125
277 -9031.7529296875
278 -9065.8095703125
279 -9090.1171875
280 -9123.6201171875
281 -9150.041015625
282 -9182.162109375
283 -9211.7880859375
284 -9242.3095703125
285 -9268.88671875
286 -9305.91015625
287 -9329.5107421875
288 -9361.4140625
289 -9389.244140625
290 -9419.81640625
291 -9449.01953125
292 -9480.09375
293 -9506.03515625
294 -9539.0419921875
295 -9567.2724609375
296 -9597.818359375
297 -9627.564453125
298 -9655.2861328125
299 -9686.17578125
300 -9713.8798828125
301 -9747.1455078125
302 -9776.6259765625
303 -9804.6845703125
304 -9837.880859375
305 -9866.6796875
306 -9891.8779296875
307 -9923.7177734375
308 -9953.955078125
309 -9980.294921875
310 -10013.66015625
311 -10043.0849609375
312 -10073.73828125
313 -10102.830078125
314 -10132.943359375
315 -10165.14453125
316 -10193.9755859375
317 -10222.6484375
318 -10248.638671875
319 -10280.80078125
320 -10312.0107421875
321 -10337.5966796875
322 -10365.9697265625
323 -10398.01953125
324 -10426.8095703125
325 -10457.6767578125
326 -10487.1240234375
327 -10519.55078125
328 -10546.4013671875
329 -10576.498046875
330 -10604.2744140625
331 -10635.892578125
332 -10664.0947265625
333 -10695.912109375
334 -10724.634765625
335 -10754.4345703125
336 -10786.791015625
337 -10814.8388671875
338 -10845.0400390625
339 -10875.29296875
340 -10901.755859375
341 -10935.94140625
342 -10963.919921875
343 -10992.98828125
344 -11025.205078125
345 -11051.8681640625
346 -11080.2314453125
347 -11111.92578125
348 -11139.673828125
349 -11172.4609375
350 -11198.4609375
351 -11229.4443359375
352 -11263.3623046875
353 -11292.5712890625
354 -11323.7646484375
355 -11347.6103515625
356 -11380.236328125
357 -11408.60546875
358 -11437.197265625
359 -11469.337890625
360 -11496.595703125
361 -11526.162109375
362 -11556.912109375
363 -11587.4609375
364 -11616.638671875
365 -11651.8681640625
366 -11675.900390625
367 -11705.859375
368 -11738.5693359375
369 -11765.7509765625
370 -11795.3955078125
371 -11822.96875
372 -11852.9736328125
373 -11883.0
374 -11916.71484375
375 -11944.3134765625
376 -11973.65234375
377 -12003.8076171875
378 -12031.177734375
379 -12059.7080078125
380 -12090.6083984375
381 -12124.0537109375
382 -12153.962890625
383 -12182.419921875
384 -12213.939453125
385 -12240.478515625
386 -12270.94140625
387 -12299.8193359375
388 -12326.525390625
389 -12358.6005859375
390 -12390.7041015625
391 -12418.7626953125
392 -12446.7431640625
393 -12480.07421875
394 -12506.8984375
395 -12538.76171875
396 -12568.263671875
397 -12594.90625
398 -12625.244140625
399 -12655.5107421875
400 -12684.58203125
401 -12716.064453125
402 -12746.62109375
403 -12772.3056640625
404 -12805.4921875
405 -12834.23046875
406 -12863.611328125
407 -12893.1318359375
408 -12922.5283203125
409 -12953.1025390625
410 -12982.490234375
411 -13010.802734375
412 -13042.794921875
413 -13072.8857421875
414 -13100.41796875
415 -13130.365234375
416 -13159.736328125
417 -13190.048828125
418 -13219.75390625
419 -13249.12109375
420 -13278.734375
421 -13307.71875
422 -13340.4541015625
423 -13369.150390625
424 -13398.373046875
425 -13428.4248046875
426 -13455.3837890625
427 -13488.625
428 -13520.587890625
429 -13548.978515625
430 -13574.162109375
431 -13606.9150390625
432 -13639.8984375
433 -13666.3212890625
434 -13696.796875
435 -13722.1357421875
436 -13751.4609375
437 -13783.0107421875
438 -13812.59765625
439 -13843.5126953125
440 -13871.935546875
441 -13903.17578125
442 -13931.65234375
443 -13961.373046875
444 -13991.7939453125
445 -14023.5126953125
446 -14050.0302734375
447 -14079.0859375
448 -14112.6484375
449 -14141.634765625
450 -14169.181640625
451 -14199.8740234375
452 -14229.275390625
453 -14261.490234375
454 -14289.048828125
455 -14319.5302734375
456 -14349.951171875
457 -14376.8740234375
458 -14406.1064453125
459 -14440.90625
460 -14465.21484375
461 -14496.35546875
462 -14527.783203125
463 -14555.642578125
464 -14585.8984375
465 -14615.2763671875
466 -14644.189453125
467 -14673.72265625
468 -14709.58203125
469 -14734.31640625
470 -14764.005859375
471 -14795.4453125
472 -14825.30859375
473 -14851.505859375
474 -14880.96484375
475 -14912.8154296875
476 -14941.33203125
477 -14975.421875
478 -15002.978515625
479 -15029.0595703125
480 -15062.599609375
481 -15089.7626953125
482 -15119.5234375
483 -15149.4931640625
484 -15178.935546875
485 -15210.443359375
486 -15239.03515625
487 -15272.046875
488 -15299.021484375
489 -15327.27734375
490 -15358.5927734375
491 -15387.3564453125
492 -15415.4970703125
493 -15447.4892578125
494 -15474.9619140625
495 -15505.896484375
496 -15533.77734375
497 -15569.671875
498 -15594.125
499 -15625.2314453125
500 -15655.77734375
501 -15684.0498046875
502 -15712.724609375
503 -15745.9755859375
504 -15775.66796875
505 -15804.5390625
506 -15833.796875
507 -15862.5439453125
508 -15894.0439453125
509 -15921.8447265625
510 -15954.345703125
511 -15982.169921875
512 -16010.013671875
513 -16040.671875
514 -16069.875
515 -16102.4931640625
516 -16130.048828125
517 -16157.51953125
518 -16190.40234375
519 -16218.48828125
520 -16249.373046875
521 -16277.3671875
522 -16307.18359375
523 -16336.2626953125
524 -16368.0927734375
525 -16396.302734375
526 -16429.142578125
527 -16455.65234375
528 -16486.10546875
529 -16514.55078125
530 -16549.32421875
531 -16577.142578125
532 -16602.015625
533 -16634.861328125
534 -16665.017578125
535 -16696.078125
536 -16721.73828125
537 -16753.51953125
538 -16781.576171875
539 -16811.619140625
540 -16843.08203125
541 -16869.541015625
542 -16899.64453125
543 -16931.876953125
544 -16961.4375
545 -16989.6015625
546 -17018.65234375
547 -17050.70703125
548 -17078.96875
549 -17110.822265625
550 -17138.92578125
551 -17167.40625
552 -17198.099609375
553 -17230.8359375
554 -17259.556640625
555 -17286.783203125
556 -17315.328125
557 -17351.029296875
558 -17378.66796875
559 -17405.78125
560 -17436.4296875
561 -17465.513671875
562 -17493.203125
563 -17525.166015625
564 -17562.70703125
565 -17586.98828125
566 -17614.9921875
567 -17645.70703125
568 -17673.1875
569 -17702.0859375
570 -17738.126953125
571 -17761.9296875
572 -17792.724609375
573 -17820.197265625
574 -17855.2734375
575 -17880.029296875
576 -17910.708984375
577 -17943.103515625
578 -17972.583984375
579 -17999.80078125
580 -18029.17578125
581 -18059.197265625
582 -18090.7109375
583 -18120.8515625
584 -18148.556640625
585 -18175.736328125
586 -18210.669921875
587 -18239.109375
588 -18269.076171875
589 -18298.548828125
590 -18326.529296875
591 -18360.7734375
592 -18386.296875
593 -18414.341796875
594 -18446.90625
595 -18475.90625
596 -18505.439453125
597 -18537.32421875
598 -18565.33984375
599 -18594.353515625
600 -18623.943359375
601 -18653.369140625
602 -18687.078125
603 -18712.095703125
604 -18742.318359375
605 -18774.228515625
606 -18801.408203125
607 -18831.712890625
608 -18863.580078125
609 -18893.302734375
610 -18923.1953125
611 -18951.888671875
612 -18980.1640625
613 -19012.6484375
614 -19039.6484375
615 -19069.20703125
616 -19099.271484375
617 -19128.716796875
618 -19161.564453125
619 -19188.333984375
620 -19217.689453125
621 -19250.1484375
622 -19276.349609375
623 -19307.431640625
624 -19337.751953125
625 -19367.076171875
626 -19397.939453125
627 -19428.298828125
628 -19454.8671875
629 -19486.171875
630 -19519.103515625
631 -19544.685546875
632 -19575.71875
633 -19605.794921875
634 -19633.634765625
635 -19662.830078125
636 -19694.791015625
637 -19725.0390625
638 -19753.623046875
639 -19781.6015625
640 -19810.140625
641 -19849.5078125
642 -19868.681640625
643 -19903.025390625
644 -19934.802734375
645 -19959.80078125
646 -19991.486328125
647 -20020.515625
648 -20050.4375
649 -20078.0703125
650 -20106.583984375
651 -20138.9375
652 -20166.71875
653 -20199.6875
654 -20228.3515625
655 -20258.9609375
656 -20289.005859375
657 -20318.923828125
658 -20345.94921875
659 -20375.57421875
660 -20404.205078125
661 -20435.17578125
662 -20467.455078125
663 -20495.83984375
664 -20523.48828125
665 -20555.93359375
666 -20585.251953125
667 -20619.623046875
668 -20644.767578125
669 -20675.390625
670 -20701.4765625
671 -20731.181640625
672 -20760.892578125
673 -20793.259765625
674 -20823.185546875
675 -20853.91796875
676 -20881.865234375
677 -20908.990234375
678 -20941.21484375
679 -20972.025390625
680 -20999.62109375
681 -21031.8671875
682 -21057.125
683 -21090.0546875
684 -21122.0234375
685 -21152.28125
686 -21177.150390625
687 -21206.08203125
688 -21236.869140625
689 -21270.607421875
690 -21298.9140625
691 -21325.876953125
692 -21358.267578125
693 -21386.958984375
694 -21418.822265625
695 -21448.1171875
696 -21476.26953125
697 -21504.337890625
698 -21532.921875
699 -21564.798828125
700 -21595.146484375
701 -21624.4765625
702 -21653.51953125
703 -21682.056640625
704 -21710.40625
705 -21743.208984375
706 -21772.4140625
707 -21804.4140625
708 -21832.88671875
709 -21864.36328125
710 -21890.71484375
711 -21923.671875
712 -21950.728515625
713 -21979.40625
714 -22009.125
715 -22040.875
716 -22068.45703125
717 -22102.541015625
718 -22129.412109375
719 -22159.62890625
720 -22192.662109375
721 -22215.921875
722 -22246.0703125
723 -22277.341796875
724 -22308.8515625
725 -22339.658203125
726 -22366.427734375
727 -22395.953125
728 -22428.4609375
729 -22455.33203125
730 -22488.38671875
731 -22519.51171875
732 -22544.70703125
733 -22574.302734375
734 -22606.708984375
735 -22632.0234375
736 -22666.12890625
737 -22691.935546875
738 -22723.189453125
739 -22751.185546875
740 -22781.638671875
741 -22813.91796875
742 -22840.337890625
743 -22873.416015625
744 -22900.908203125
745 -22931.517578125
746 -22960.138671875
747 -22988.841796875
748 -23016.759765625
749 -23050.0234375
750 -23079.951171875
751 -23108.33203125
752 -23138.88671875
753 -23165.626953125
754 -23202.125
755 -23227.892578125
756 -23255.521484375
757 -23288.369140625
758 -23318.078125
759 -23352.142578125
760 -23377.31640625
761 -23409.42578125
762 -23435.671875
763 -23463.931640625
764 -23497.40625
765 -23524.849609375
766 -23553.37109375
767 -23585.279296875
768 -23613.41015625
769 -23648.42578125
770 -23674.2734375
771 -23704.212890625
772 -23732.130859375
773 -23762.15625
774 -23791.74609375
775 -23822.49609375
776 -23853.28125
777 -23881.306640625
778 -23912.0390625
779 -23940.0
780 -23971.83984375
781 -24001.068359375
782 -24027.3046875
783 -24057.625
784 -24091.71484375
785 -24121.490234375
786 -24147.43359375
787 -24179.140625
788 -24209.56640625
789 -24237.814453125
790 -24267.423828125
791 -24298.357421875
792 -24324.490234375
793 -24356.54296875
794 -24385.44921875
795 -24413.40625
796 -24444.126953125
797 -24474.416015625
798 -24508.509765625
799 -24533.962890625
800 -24563.29296875
801 -24593.529296875
802 -24621.453125
803 -24652.916015625
804 -24685.1875
805 -24713.611328125
806 -24740.931640625
807 -24770.359375
808 -24803.822265625
809 -24833.447265625
810 -24859.306640625
811 -24889.32421875
812 -24920.33203125
813 -24950.091796875
814 -24982.021484375
815 -25009.1796875
816 -25043.3515625
817 -25071.056640625
818 -25099.046875
819 -25131.0078125
820 -25158.712890625
821 -25189.76171875
822 -25218.935546875
823 -25247.328125
824 -25276.40625
825 -25306.4296875
826 -25336.740234375
827 -25365.166015625
828 -25395.966796875
829 -25427.478515625
830 -25455.4296875
831 -25484.2578125
832 -25516.83203125
833 -25545.439453125
834 -25574.91015625
835 -25606.490234375
836 -25633.287109375
837 -25663.822265625
838 -25692.779296875
839 -25722.25
840 -25752.85546875
841 -25784.5234375
842 -25808.857421875
843 -25842.29296875
844 -25872.638671875
845 -25899.21484375
846 -25929.5078125
847 -25962.6484375
848 -25989.572265625
849 -26019.783203125
850 -26049.126953125
851 -26079.140625
852 -26108.1015625
853 -26141.458984375
854 -26166.12109375
855 -26199.08203125
856 -26229.119140625
857 -26256.701171875
858 -26285.927734375
859 -26318.55859375
860 -26345.205078125
861 -26376.16015625
862 -26404.416015625
863 -26433.177734375
864 -26464.42578125
865 -26493.16015625
866 -26522.26171875
867 -26552.94140625
868 -26582.796875
869 -26612.9296875
870 -26642.505859375
871 -26671.40625
872 -26703.53125
873 -26731.30859375
874 -26762.166015625
875 -26789.26171875
876 -26821.3515625
877 -26853.609375
878 -26879.6015625
879 -26908.59765625
880 -26937.66796875
881 -26968.513671875
882 -26999.49609375
883 -27027.376953125
884 -27055.943359375
885 -27087.318359375
886 -27118.546875
887 -27146.4921875
888 -27178.216796875
889 -27207.875
890 -27237.46875
891 -27265.16796875
892 -27294.66015625
893 -27324.5390625
894 -27355.900390625
895 -27385.796875
896 -27414.0625
897 -27441.8046875
898 -27473.3515625
899 -27503.869140625
900 -27532.548828125
901 -27563.48828125
902 -27594.4453125
903 -27622.185546875
904 -27649.947265625
905 -27682.6796875
906 -27709.994140625
907 -27741.794921875
908 -27768.380859375
909 -27798.671875
910 -27832.1640625
911 -27861.0546875
912 -27890.189453125
913 -27918.83984375
914 -27948.173828125
915 -27980.080078125
916 -28009.533203125
917 -28034.9375
918 -28065.955078125
919 -28097.28125
920 -28126.044921875
921 -28157.17578125
922 -28188.666015625
923 -28217.076171875
924 -28245.205078125
925 -28273.890625
926 -28305.3125
927 -28336.7421875
928 -28365.98828125
929 -28393.5859375
930 -28424.271484375
931 -28453.640625
932 -28483.05859375
933 -28510.845703125
934 -28544.462890625
935 -28575.107421875
936 -28600.783203125
937 -28629.552734375
938 -28659.57421875
939 -28692.513671875
940 -28721.251953125
941 -28749.220703125
942 -28779.74609375
943 -28809.451171875
944 -28839.400390625
945 -28868.48046875
946 -28896.67578125
947 -28927.033203125
948 -28956.357421875
949 -28988.13671875
950 -29015.619140625
951 -29048.16015625
952 -29078.25
953 -29107.703125
954 -29133.439453125
955 -29165.90625
956 -29194.59765625
957 -29225.96875
958 -29256.626953125
959 -29287.455078125
960 -29318.037109375
961 -29345.349609375
962 -29375.361328125
963 -29402.7734375
964 -29433.833984375
965 -29460.30859375
966 -29491.990234375
967 -29521.619140625
968 -29550.75390625
969 -29582.537109375
970 -29611.4765625
971 -29642.697265625
972 -29672.2578125
973 -29698.646484375
974 -29730.322265625
975 -29760.923828125
976 -29788.599609375
977 -29821.099609375
978 -29845.37109375
979 -29877.69140625
980 -29906.6875
981 -29937.548828125
982 -29966.74609375
983 -29996.29296875
984 -30026.982421875
985 -30058.47265625
986 -30086.53515625
987 -30115.0234375
988 -30146.5703125
989 -30172.69140625
990 -30203.25390625
991 -30234.171875
992 -30262.41796875
993 -30293.6171875
994 -30324.533203125
995 -30351.9296875
996 -30380.390625
997 -30411.68359375
998 -30442.1015625
999 -30473.111328125
