0 9.716516494750977
1 5.799825191497803
2 4.642074108123779
3 8.808276176452637
4 5.63068151473999
5 5.110499858856201
6 2.492729663848877
7 4.1259846687316895
8 6.6358513832092285
9 5.670018196105957
10 3.1750497817993164
11 6.583593845367432
12 5.9762420654296875
13 5.164778232574463
14 8.03687858581543
15 5.256383895874023
16 5.7990875244140625
17 5.280827522277832
18 4.632477283477783
19 1.6937631368637085
20 1.9210152626037598
21 4.526824951171875
22 3.3155875205993652
23 4.7824788093566895
24 5.583017349243164
25 6.07056188583374
26 4.487351417541504
27 6.862876892089844
28 3.832042694091797
29 5.8446221351623535
30 2.200395345687866
31 4.0690436363220215
32 2.952155113220215
33 4.665078163146973
34 3.9917216300964355
35 4.393433570861816
36 8.204710006713867
37 1.6221991777420044
38 4.214162349700928
39 5.732864856719971
40 7.565525054931641
41 1.9220837354660034
42 6.820367813110352
43 6.520902633666992
44 2.6765761375427246
45 3.060196876525879
46 4.382503509521484
47 3.9838974475860596
48 7.839101314544678
49 2.8900647163391113
50 2.7174227237701416
51 5.846270561218262
52 2.2099978923797607
53 6.222907066345215
54 3.4525811672210693
55 1.9892667531967163
56 6.337374687194824
57 3.4163451194763184
58 5.5855278968811035
59 1.8372429609298706
60 4.981840133666992
61 3.8671905994415283
62 5.023465633392334
63 4.030335903167725
64 2.07464599609375
65 3.3840765953063965
66 2.6542673110961914
67 3.2437140941619873
68 2.4429709911346436
69 4.0816144943237305
70 3.7271809577941895
71 4.263107776641846
72 5.876119136810303
73 3.4850962162017822
74 2.533973217010498
75 4.632617950439453
76 3.9459455013275146
77 1.9456367492675781
78 4.635732650756836
79 3.2011194229125977
80 2.7744369506835938
81 1.527138113975525
82 4.391820907592773
83 4.126966953277588
84 3.5355160236358643
85 3.265773057937622
86 3.6800670623779297
87 3.0463314056396484
88 4.263911247253418
89 2.532738447189331
90 2.3597118854522705
91 1.4281063079833984
92 3.1623759269714355
93 1.4196423292160034
94 0.95999675989151
95 2.696352005004883
96 1.8708677291870117
97 3.7064754962921143
98 3.033132791519165
99 3.034494638442993
100 3.4869415760040283
101 1.0873355865478516
102 2.524784803390503
103 1.7485249042510986
104 4.348565578460693
105 2.00933837890625
106 1.3415346145629883
107 2.7825710773468018
108 1.5481374263763428
109 2.085606098175049
110 0.5537086725234985
111 2.2071919441223145
112 2.5753400325775146
113 2.397362470626831
114 2.0151724815368652
115 1.4154202938079834
116 1.8112989664077759
117 1.5187032222747803
118 2.0384268760681152
119 2.4608418941497803
120 1.2589669227600098
121 0.961519718170166
122 0.7890058159828186
123 2.4751017093658447
124 2.1646924018859863
125 1.4954851865768433
126 2.0438942909240723
127 2.2001049518585205
128 1.7616517543792725
129 1.5807055234909058
130 1.1047484874725342
131 1.1811591386795044
132 1.7743979692459106
133 1.2705981731414795
134 0.8233674168586731
135 0.4948103129863739
136 0.9242743253707886
137 0.8319802284240723
138 0.6047089695930481
139 0.8588497638702393
140 0.7805967926979065
141 0.5927193760871887
142 0.6995373964309692
143 0.9335282444953918
144 0.679117739200592
145 1.3297560214996338
146 0.9601280093193054
147 0.299798846244812
148 0.317287802696228
149 0.7127758264541626
150 0.5669943690299988
151 0.4212944507598877
152 0.523337185382843
153 0.6937111020088196
154 0.6625733375549316
155 0.39269721508026123
156 1.2704849243164062
157 0.6710262894630432
158 0.6163448691368103
159 0.4573642909526825
160 0.40469595789909363
161 0.5257848501205444
162 0.39134883880615234
163 0.7060777544975281
164 0.5297980904579163
165 0.36190682649612427
166 0.4966934025287628
167 0.3000597059726715
168 0.47822219133377075
169 0.4605959951877594
170 0.39996767044067383
171 0.1983964592218399
172 0.3489956855773926
173 0.21359799802303314
174 0.2989293932914734
175 0.27676868438720703
176 0.28944385051727295
177 0.21773281693458557
178 0.25855347514152527
179 0.3159419298171997
180 0.3129763901233673
181 0.25737351179122925
182 0.3703712821006775
183 0.2724319100379944
184 0.1585197001695633
185 0.3379388153553009
186 0.17481400072574615
187 0.13090257346630096
188 0.08735407888889313
189 0.11941080540418625
190 0.165489062666893
191 0.13676436245441437
192 0.2188204526901245
193 0.18507449328899384
194 0.11612582951784134
195 0.09783800691366196
196 0.28578808903694153
197 0.10957072675228119
198 0.06827352941036224
199 0.14066022634506226
200 0.15340828895568848
201 0.10986658185720444
202 0.08454522490501404
203 0.14401516318321228
204 0.08189139515161514
205 0.08568058907985687
206 0.05447669327259064
207 0.12341058254241943
208 0.10826412588357925
209 0.13283619284629822
210 0.090350441634655
211 0.06263457238674164
212 0.0721200481057167
213 0.07063736021518707
214 0.04939350113272667
215 0.08486168086528778
216 0.05956763029098511
217 0.0592489130795002
218 0.04820771887898445
219 0.11762144416570663
220 0.06647244840860367
221 0.04009206220507622
222 0.048057783395051956
223 0.06463123112916946
224 0.046862512826919556
225 0.03144538775086403
226 0.04949278011918068
227 0.06024691089987755
228 0.05276798456907272
229 0.05004442110657692
230 0.032107312232255936
231 0.043759774416685104
232 0.04076255485415459
233 0.03431917354464531
234 0.029511665925383568
235 0.024503476917743683
236 0.05467921495437622
237 0.02524450235068798
238 0.029490219429135323
239 0.05055950582027435
240 0.038418594747781754
241 0.018721289932727814
242 0.015353075228631496
243 0.027490168809890747
244 0.04013190418481827
245 0.026368457823991776
246 0.05033288151025772
247 0.01822088286280632
248 0.017335914075374603
249 0.027166737243533134
250 0.025143640115857124
251 0.02988026663661003
252 0.014727727510035038
253 0.036869246512651443
254 0.02089138887822628
255 0.02080909162759781
256 0.01764959841966629
257 0.03602439910173416
258 0.016890764236450195
259 0.016466185450553894
260 0.030121007934212685
261 0.025110816583037376
262 0.017131343483924866
263 0.024768084287643433
264 0.019408758729696274
265 0.024315012618899345
266 0.0319734551012516
267 0.020707404240965843
268 0.024742906913161278
269 0.017945077270269394
270 0.013213167898356915
271 0.015190720558166504
272 0.008840076625347137
273 0.013313530012965202
274 0.015597163699567318
275 0.01088979933410883
276 0.0076056974940001965
277 0.012648725882172585
278 0.01020082738250494
279 0.005596916191279888
280 0.02013693004846573
281 0.012703132815659046
282 0.013886075466871262
283 0.012475227005779743
284 0.010430735535919666
285 0.013871071860194206
286 0.014039876870810986
287 0.011317739263176918
288 0.007900170981884003
289 0.011579398065805435
290 0.007631584536284208
291 0.011509394273161888
292 0.13523398339748383
293 0.09610819071531296
294 0.02528802491724491
295 0.07700957357883453
296 0.053481325507164
297 0.012739180587232113
298 0.02777104079723358
299 0.007795567624270916
300 0.01009949017316103
301 0.010962102562189102
302 0.006761508993804455
303 0.008951699361205101
304 0.006396869197487831
305 0.008953413926064968
306 0.005509284324944019
307 0.005483116954565048
308 0.0074011581018567085
309 0.005639236886054277
310 0.008847804740071297
311 0.005732631776481867
312 0.0047227260656654835
313 0.004564740229398012
314 0.005561369936913252
315 0.004384398926049471
316 0.0070694671012461185
317 0.007790423929691315
318 0.005602231249213219
319 0.004683701787143946
320 0.0036618737503886223
321 0.006166733335703611
322 0.006439007353037596
323 0.005313740111887455
324 0.005402660463005304
325 0.004248801618814468
326 0.006066452711820602
327 0.005571404471993446
328 0.005602532532066107
329 0.005300670862197876
330 0.0034217052161693573
331 0.0036129283253103495
332 0.002730173757299781
333 0.004112471826374531
334 0.002952625509351492
335 0.0033409378957003355
336 0.0026637029368430376
337 0.00663281325250864
338 0.0019610815215855837
339 0.001957816304638982
340 0.0028435317799448967
341 0.002977086463943124
342 0.0048774294555187225
343 0.0019397281575948
344 0.0032260676380246878
345 0.0038495026528835297
346 0.00463497219607234
347 0.007151045836508274
348 0.0038839452899992466
349 0.0035781196784228086
350 0.007549138739705086
351 0.009373455308377743
352 0.00839789304882288
353 0.0040914034470915794
354 0.0026389777194708586
355 0.005913495551794767
356 0.003753788536414504
357 0.006158504169434309
358 0.009370124898850918
359 0.02311151847243309
360 0.08418392390012741
361 0.01366235502064228
362 0.004955820273607969
363 0.0028506990056484938
364 0.00643979711458087
365 0.0015354325296357274
366 0.0032040439546108246
367 0.0063459379598498344
368 0.008237306028604507
369 0.0073439558036625385
370 0.0032932860776782036
371 0.0022956053726375103
372 0.0036345473490655422
373 0.0026845980901271105
374 0.002570087555795908
375 0.003682199167087674
376 0.001988181844353676
377 0.0021649848204106092
378 0.0015893576201051474
379 0.0017894651973620057
380 0.001021514181047678
381 0.001973285572603345
382 0.0017711666878312826
383 0.0020126313902437687
384 0.0009667844278737903
385 0.0016726783942431211
386 0.0014699241146445274
387 0.0006619947962462902
388 0.00125932099763304
389 0.0018534029368311167
390 0.003207592526450753
391 0.002894052304327488
392 0.0028022220358252525
393 0.001430706586688757
394 0.007704358082264662
395 0.004063161555677652
396 0.0020606466569006443
397 0.001367788529023528
398 0.00171530747320503
399 0.0015140376053750515
400 0.0014602391747757792
401 0.001187100075185299
402 0.001327076810412109
403 0.0016279850387945771
404 0.003085234435275197
405 0.001376470783725381
406 0.001275617629289627
407 0.0059003992937505245
408 0.0022001881152391434
409 0.005028941668570042
410 0.010147549211978912
411 0.004575857426971197
412 0.004989197012037039
413 0.011549749411642551
414 0.004932450130581856
415 0.011725984513759613
416 0.0011727485107257962
417 0.0009276260971091688
418 0.001863128156401217
419 0.0011519899126142263
420 0.0010799330193549395
421 0.0010473744478076696
422 0.0012955258134752512
423 0.0004565567651297897
424 0.0012078412109985948
425 0.0015169858234003186
426 0.0021771956235170364
427 0.00279896124266088
428 0.0005528400652110577
429 0.0015274127945303917
430 0.007245245855301619
431 0.016649726778268814
432 0.005924563389271498
433 0.003916647285223007
434 0.008787829428911209
435 0.017512641847133636
436 0.012760017067193985
437 0.0005092803039588034
438 0.0007469467236660421
439 0.0014211505185812712
440 0.004706086125224829
441 0.03238470107316971
442 0.005780874285846949
443 0.01070595532655716
444 0.005738310050219297
445 0.0043531968258321285
446 0.004952956456691027
447 0.008819721639156342
448 0.006282262038439512
449 0.006928843911737204
450 0.0024497886188328266
451 0.004962071776390076
452 0.0024472158402204514
453 0.008714340627193451
454 0.005919444840401411
455 0.002767070196568966
456 0.0012512776302173734
457 0.001133108977228403
458 0.0019458287861198187
459 0.0009911713423207402
460 0.0008083557477220893
461 0.0008945218287408352
462 0.0014591387007385492
463 0.0030748997814953327
464 0.0014064103597775102
465 0.0010710584465414286
466 0.0005077022360637784
467 0.0007692908984608948
468 0.0007169851451180875
469 0.0011788686970248818
470 0.0011526175076141953
471 0.0013041410129517317
472 0.009569292888045311
473 0.008114514872431755
474 0.00500198220834136
475 0.0024074739776551723
476 0.001127357711084187
477 0.0015923506580293179
478 0.00041014893213286996
479 0.0003810816560871899
480 0.0005182504537515342
481 0.0006373121286742389
482 0.0043122670613229275
483 0.003033091314136982
484 0.0017932840855792165
485 0.001958280336111784
486 0.0022299534175544977
487 0.0027872968930751085
488 0.0012938791187480092
489 0.003104402683675289
490 0.002298267325386405
491 0.001507559441961348
492 0.007010263856500387
493 0.0022613792680203915
494 0.0025122384540736675
495 0.004385499283671379
496 0.0018226542742922902
497 0.0014269192470237613
498 0.009332522749900818
499 0.01408822275698185
500 0.0035692104138433933
501 0.0026397868059575558
502 0.0015787308802828193
503 0.0009785984875634313
504 0.0010773541871458292
505 0.0008858615765348077
506 0.0005887929000891745
507 0.0005066540325060487
508 0.0008086522575467825
509 0.0008949185139499605
510 0.001249760389328003
511 0.0008194209658540785
512 0.004572301171720028
513 0.016411472111940384
514 0.0004514305619522929
515 0.0009457414853386581
516 0.0024696115870028734
517 0.0011778457555919886
518 0.0018494059331715107
519 0.0008990991045720875
520 0.0003375704400241375
521 0.003155977465212345
522 0.0008370619034394622
523 0.0022246181033551693
524 0.002755550667643547
525 0.020806128159165382
526 0.000888088543433696
527 0.005352735053747892
528 0.012479790486395359
529 0.009813985787332058
530 0.006898865569382906
531 0.02586011402308941
532 0.15466929972171783
533 0.06630197167396545
534 0.011419296264648438
535 0.010132186114788055
536 0.00431709922850132
537 0.003721589222550392
538 0.012990700080990791
539 0.0048797279596328735
540 0.010702601633965969
541 0.00305510894395411
542 0.0034191440790891647
543 0.002200189046561718
544 0.0007923365337774158
545 0.0009151947451755404
546 0.00018667175027076155
547 0.00032393092988058925
548 0.0003640117065515369
549 0.0002667249063961208
550 0.00045723342918790877
551 0.000683443620800972
552 0.0003125679795630276
553 0.0005364837124943733
554 0.0009292366448789835
555 0.0015000109560787678
556 0.00039387017022818327
557 0.0002507754834368825
558 0.0005615410045720637
559 0.00040718194213695824
560 0.0007985896663740277
561 0.0004564409900922328
562 0.0009347541490569711
563 0.0003748259332496673
564 0.0002836017811205238
565 0.0007608273299410939
566 0.00038664601743221283
567 0.0007457055617123842
568 0.0003968769160564989
569 0.0004474951419979334
570 0.0005530184716917574
571 0.0003445788170211017
572 0.00023937405785545707
573 0.0014486081199720502
574 0.0004189105238765478
575 0.0021744435653090477
576 0.002372159156948328
577 0.009197319857776165
578 0.0077692000195384026
579 0.007184039335697889
580 0.005508973728865385
581 0.006062452215701342
582 0.0070572528056800365
583 0.0020214985124766827
584 0.00356308463960886
585 0.001201863051392138
586 0.0006041212473064661
587 0.0006298160296864808
588 0.003217203775420785
589 0.0005490690236911178
590 0.0017097322270274162
591 0.0011247270740568638
592 0.00170818530023098
593 0.0005886834114789963
594 0.000550683296751231
595 0.0032993608620017767
596 0.0014636970590800047
597 0.001827484229579568
598 0.0008841266389936209
599 0.0009229857823811471
600 0.0017206461634486914
601 0.0019460420589894056
602 0.0017281416803598404
603 0.0010408386588096619
604 0.0014073541387915611
605 0.0011712590930983424
606 0.0008844792610034347
607 0.0006359097314998507
608 0.00039804662810638547
609 0.0015170323895290494
610 0.0007951951120048761
611 0.000670461799018085
612 0.000729340419638902
613 0.0008387186098843813
614 0.004540449474006891
615 0.02353338710963726
616 0.009853010065853596
617 0.048602521419525146
618 0.03343556076288223
619 0.020250050351023674
620 0.010604250244796276
621 0.02508847415447235
622 0.013886047527194023
623 0.003276584204286337
624 0.004703005310148001
625 0.0009005272295325994
626 0.0011875004274770617
627 0.000906912493519485
628 0.0027109463699162006
629 0.00039434668724425137
630 0.0007462841458618641
631 0.0003630105056799948
632 0.0006628843839280307
633 0.0028139089699834585
634 0.004184631165117025
635 0.0005465058493427932
636 0.0004712395020760596
637 0.000562691711820662
638 0.0007679197588004172
639 0.00043207613634876907
640 0.000265224720351398
641 0.0005672632833011448
642 0.0002986803592648357
643 0.0004154497873969376
644 0.0005700975889340043
645 0.0003026578342542052
646 0.00026521479594521224
647 0.0004049841081723571
648 0.0003144372021779418
649 0.0011358523042872548
650 0.0025549842976033688
651 0.0008526285528205335
652 0.0005466166185215116
653 0.0015379732940346003
654 0.00322568672709167
655 0.018466873094439507
656 0.002586046699434519
657 0.003216640092432499
658 0.0028379932045936584
659 0.0008931331685744226
660 0.0010177165968343616
661 0.0007199895917437971
662 0.0006879512802697718
663 0.0005991465877741575
664 0.0011115071829408407
665 0.0002440017560729757
666 0.0004403406928759068
667 0.0003790812043007463
668 0.0003349024336785078
669 0.0004716863331850618
670 0.00037874013651162386
671 0.0002645771892275661
672 0.000347668188624084
673 0.0002732474822551012
674 0.0004077193734701723
675 0.0002005184505833313
676 0.00033350352896377444
677 0.0003686272830236703
678 0.0005062536802142859
679 0.00031494570430368185
680 0.0007235947996377945
681 0.00030687724938616157
682 0.0005541276186704636
683 0.0012856910470873117
684 0.021008675917983055
685 0.016509026288986206
686 0.009203067980706692
687 0.03615177795290947
688 0.015908533707261086
689 0.01151524018496275
690 0.0036732640583068132
691 0.005622530821710825
692 0.006617956794798374
693 0.0025171979796141386
694 0.0028449587989598513
695 0.00041869888082146645
696 0.0001931901351781562
697 0.0003403998271096498
698 0.0003717143554240465
699 0.0006240805378183722
700 0.00048745478852652013
701 0.000330598559230566
702 0.0004759045550599694
703 0.0005540463025681674
704 0.0007318034186027944
705 0.0011293297866359353
706 0.0003248009306844324
707 0.0005702807102352381
708 0.0003525007632561028
709 0.002932170871645212
710 0.0005348459235392511
711 0.0008101807907223701
712 0.0007084479439072311
713 0.000644307117909193
714 0.0009589242399670184
715 0.0003618511836975813
716 0.0006973925628699362
717 0.00026154692750424147
718 0.0004912310396321118
719 0.00031756723183207214
720 0.0004634983779396862
721 0.0010043992660939693
722 0.0011584616731852293
723 0.0009199979831464589
724 0.004087010398507118
725 0.0004481291107367724
726 0.001150231808423996
727 0.0008146842010319233
728 0.0010889540426433086
729 0.000666210544295609
730 0.0007088035345077515
731 0.000385893537895754
732 0.0006730371387675405
733 0.0007714017992839217
734 0.00291090807877481
735 0.0017223915783688426
736 0.002718381118029356
737 0.0006585433729924262
738 0.0010705185122787952
739 0.0011679057497531176
740 0.002390887588262558
741 0.00027061160653829575
742 0.0010820560855790973
743 0.0010954206809401512
744 0.0007711501675657928
745 0.001589605468325317
746 0.004384704865515232
747 0.006016610190272331
748 0.005528504028916359
749 0.008728471584618092
750 0.04724281653761864
751 0.024902410805225372
752 0.016671232879161835
753 0.02606000378727913
754 0.006262782495468855
755 0.0030524656176567078
756 0.002693195827305317
757 0.0008731575799174607
758 0.0020311507396399975
759 0.0010591086465865374
760 0.0009359134128317237
761 0.0005902731791138649
762 0.003871939377859235
763 0.014919200912117958
764 0.0030675071757286787
765 0.0038446520920842886
766 0.004179471172392368
767 0.001395886647514999
768 0.011697281152009964
769 0.0008871875470504165
770 0.009260829538106918
771 0.00230436772108078
772 0.0004321796295698732
773 0.0013453641440719366
774 0.0013666765298694372
775 0.0005300668999552727
776 0.0016427061054855585
777 0.0008124821470119059
778 0.0005826923879794776
779 0.000822069647256285
780 0.0018265960970893502
781 0.001730452524498105
782 0.0008117572870105505
783 0.00045576016418635845
784 0.000308168469928205
785 0.0008760791388340294
786 0.0010675156954675913
787 0.0007457698229700327
788 0.0012004993623122573
789 0.0005477062659338117
790 0.0006021189037710428
791 0.0016306197503581643
792 0.013498054817318916
793 0.003934996668249369
794 0.001176792779006064
795 0.0019167886348441243
796 0.0003748690360225737
797 0.0008821529918350279
798 0.0006727987783960998
799 0.0008660987950861454
800 0.00045626398059539497
801 0.0021959622390568256
802 0.0018413622165098786
803 0.0072802347131073475
804 0.0069635845720767975
805 0.03636864200234413
806 0.048839520663022995
807 0.0373556949198246
808 0.07460606843233109
809 0.008159688673913479
810 0.0057714940048754215
811 0.0027717859484255314
812 0.0012766666477546096
813 0.0022269224282354116
814 0.0013740070862695575
815 0.008554745465517044
816 0.002495669526979327
817 0.000891378615051508
818 0.0006760417018085718
819 0.0011004916159436107
820 0.0005056262016296387
821 0.00021190736151766032
822 0.000481464434415102
823 0.0001633525243960321
824 0.0004732937377411872
825 0.000315251003485173
826 0.0006416746182367206
827 0.00081578956451267
828 0.0003570785338524729
829 0.0006232527084648609
830 0.0002638623700477183
831 0.0002675880095921457
832 0.0003933929547201842
833 0.00017252199177164584
834 0.0002761034411378205
835 0.0005708808312192559
836 0.00027130875969305634
837 0.0003216738114133477
838 0.0005348045378923416
839 0.0001532614987809211
840 0.00033231134875677526
841 0.00041525543201714754
842 0.0037973204161971807
843 0.0007323888712562621
844 0.0018157126614823937
845 0.0015438857953995466
846 0.0025858248118311167
847 0.003919300157576799
848 0.0017839062493294477
849 0.0006793991778977215
850 0.020340407267212868
851 0.0016110159922391176
852 0.004154081456363201
853 0.0007508582784794271
854 0.0003744446730706841
855 0.00034009560476988554
856 0.00028121593641117215
857 0.00017228088108822703
858 0.00029647117480635643
859 0.0004226899181958288
860 0.00024917128030210733
861 0.00030163259361870587
862 0.00038769812090322375
863 0.0011913011549040675
864 0.0010370196541771293
865 0.002025207504630089
866 0.0015786683652549982
867 0.0004486918915063143
868 0.0008902900735847652
869 0.0011920226970687509
870 0.0004740872245747596
871 0.0004110237932763994
872 0.0010598503286018968
873 0.00015254189202096313
874 0.0003407910990063101
875 0.0006937832222320139
876 0.00021726914565078914
877 0.00013196642976254225
878 0.00014784793893340975
879 0.0009799989638850093
880 0.0006620741914957762
881 0.0003368689795024693
882 0.00211810739710927
883 0.0004970065201632679
884 0.0009625168750062585
885 0.0012837116373702884
886 0.002262732246890664
887 0.0005250827525742352
888 0.0004906854010187089
889 0.000638650031760335
890 0.0004023830115329474
891 0.0002801294613163918
892 0.0008747429237700999
893 0.002655416028574109
894 0.04676566645503044
895 0.011351504363119602
896 0.019412338733673096
897 0.049603015184402466
898 0.0011997114634141326
899 0.006219788920134306
900 0.0018627006793394685
901 0.0041153402999043465
902 0.00185239443089813
903 0.00041934632463380694
904 0.0019166504498571157
905 0.0025231631007045507
906 0.0008581906440667808
907 0.0004012403078377247
908 0.0005133671220391989
909 0.0007808744558133185
910 0.0007008462562225759
911 0.0006164325168356299
912 0.0013027774402871728
913 0.007814119569957256
914 0.007150816731154919
915 0.00935176108032465
916 0.003580463817343116
917 0.0021664497908204794
918 0.014710548333823681
919 0.017167165875434875
920 0.009189780801534653
921 0.0035067505668848753
922 0.002116801682859659
923 0.0013711208011955023
924 0.0019296519458293915
925 0.00029696713318116963
926 0.00035675958497449756
927 0.0006693712202832103
928 0.0004409740213304758
929 0.0001931375591084361
930 0.00028359334100969136
931 0.00013380702876020223
932 0.00017145034507848322
933 0.0003817543911281973
934 0.0004828247765544802
935 0.0006560402689501643
936 0.0010161655955016613
937 0.0005843196413479745
938 0.0002261613408336416
939 0.00028952164575457573
940 0.0008870959281921387
941 0.000395723880501464
942 0.0001651379425311461
943 0.000617940619122237
944 0.000689739768858999
945 0.0008086516754701734
946 0.0026550344191491604
947 0.0004854586150031537
948 0.000589862116612494
949 0.0005977412802167237
950 0.00047262158477678895
951 0.0006184910307638347
952 0.0003218176425434649
953 0.0007696350221522152
954 0.0008831970626488328
955 0.005023353733122349
956 0.0012144723441451788
957 0.0024671507999300957
958 0.0009305416606366634
959 0.0012738299556076527
960 0.0030929534696042538
961 0.0010193155612796545
962 0.0014293832937255502
963 0.0015398887917399406
964 0.0004858073662035167
965 0.014057363383471966
966 0.001761275460012257
967 0.0013068376574665308
968 0.003942845389246941
969 0.006442443002015352
970 0.008815495297312737
971 0.0017140343552455306
972 0.0017487631412222981
973 0.0058267670683562756
974 0.01390852965414524
975 0.005023937672376633
976 0.003835150506347418
977 0.0017959879478439689
978 0.00039385538548231125
979 0.0022073700092732906
980 0.0014697873266413808
981 0.0011592101072892547
982 0.0005122877773828804
983 0.0032964530400931835
984 0.00301714101806283
985 0.0029895976185798645
986 0.002234838670119643
987 0.021562842652201653
988 0.04133985936641693
989 0.01598096825182438
990 0.005612586624920368
991 0.0008090523770079017
992 0.0006078975275158882
993 0.005210745148360729
994 0.001801762729883194
995 0.010455610230565071
996 0.0224375631660223
997 0.00807027518749237
998 0.015685182064771652
999 0.015466813929378986
