0 11954.703125
1 21.776329040527344
2 92.7417984008789
3 11.0469331741333
4 8.01785945892334
5 4.090619087219238
6 1.7664374113082886
7 3.426798105239868
8 2.6967289447784424
9 44.77402114868164
10 14.4064302444458
11 120.05464935302734
12 417.0987548828125
13 271.1356506347656
14 21.949146270751953
15 46.622825622558594
16 2.287167549133301
17 1.0361957550048828
18 0.6984466314315796
19 0.1672997772693634
20 0.10743574798107147
21 0.4578920602798462
22 0.29947030544281006
23 0.2601470947265625
24 0.23827776312828064
25 3.802637815475464
26 0.7004207968711853
27 0.9424111247062683
28 1.0356776714324951
29 1.07793390750885
30 0.6182165145874023
31 0.6085203886032104
32 1.9164645671844482
33 0.2829212546348572
34 0.19524963200092316
35 0.2828942835330963
36 0.4163728356361389
37 1.9885389804840088
38 0.6690586805343628
39 2.1620378494262695
40 0.3453442454338074
41 0.21091343462467194
42 1.3799735307693481
43 0.2339608520269394
44 0.6039344072341919
45 0.3577590882778168
46 0.5719629526138306
47 0.7725216746330261
48 1.177904725074768
49 4.535604000091553
50 135.1320343017578
51 1108.2777099609375
52 567.84423828125
53 59.389068603515625
54 36.70832824707031
55 5.2816081047058105
56 41.829071044921875
57 111.42729187011719
58 1483.6119384765625
59 445.12646484375
60 603.1439819335938
61 129.188720703125
62 8.679417610168457
63 14.683370590209961
64 4.6927103996276855
65 17.60791778564453
66 995.3024291992188
67 76.3787841796875
68 131.02670288085938
69 131.88119506835938
70 5.5733184814453125
71 1.5117813348770142
72 45.56886672973633
73 3726.008056640625
74 38.84153747558594
75 50.124061584472656
76 5.490917205810547
77 2.0530481338500977
78 0.49201875925064087
79 2.4332375526428223
80 0.5432482957839966
81 1.4689035415649414
82 44.39558029174805
83 2137.393310546875
84 764.9456787109375
85 3.29427433013916
86 22.820947647094727
87 1.7743546962738037
88 1.1615285873413086
89 2.483771800994873
90 3.0611279010772705
91 68.95500946044922
92 1398.4439697265625
93 232.28932189941406
94 24.367277145385742
95 4.589145183563232
96 9.8745698928833
97 1.9051744937896729
98 70.42884063720703
99 734.1671142578125
100 292.45562744140625
101 1.7378075122833252
102 7.111841678619385
103 0.5529342293739319
104 1.1220555305480957
105 0.6983481645584106
106 32.71919250488281
107 1217.2752685546875
108 2026.15283203125
109 425.59747314453125
110 14.731809616088867
111 2.5381171703338623
112 4.022585868835449
113 0.5855381488800049
114 0.6433039307594299
115 2.4049110412597656
116 4.610292434692383
117 1.864221215248108
118 20.667224884033203
119 199.75851440429688
120 2575.9677734375
121 28.12070083618164
122 167.82057189941406
123 30.021650314331055
124 18.239578247070312
125 1.7145644426345825
126 6.507680892944336
127 1.1920201778411865
128 0.3116565942764282
129 8.084699630737305
130 81.22268676757812
131 1438.25927734375
132 457.10699462890625
133 23.11586570739746
134 17.861228942871094
135 2.321455478668213
136 72.48957824707031
137 766.0263671875
138 44.606201171875
139 18.118789672851562
140 44.841888427734375
141 163.33311462402344
142 459.7057189941406
143 402.17327880859375
144 130.88101196289062
145 10.312082290649414
146 37.3308219909668
147 11.236431121826172
148 1178.6734619140625
149 556.9810180664062
150 25.11417579650879
151 5.078212261199951
152 1.205945611000061
153 0.4832102954387665
154 0.9873231053352356
155 0.5519536137580872
156 2.4291036128997803
157 101.68346405029297
158 609.9213256835938
159 2240.323974609375
160 6.497239112854004
161 39.206703186035156
162 5.42274284362793
163 8.318291664123535
164 1.7105306386947632
165 1.9682518243789673
166 0.5931683778762817
167 9.944252014160156
168 139.62879943847656
169 3365.654541015625
170 213.99496459960938
171 84.98612213134766
172 2.767951726913452
173 0.5223779082298279
174 1.063033938407898
175 0.41986599564552307
176 0.9779924154281616
177 7.347956657409668
178 2.0852866172790527
179 77.54299926757812
180 1666.468505859375
181 401.9310302734375
182 3.5486791133880615
183 2.268306255340576
184 9.24509048461914
185 5.481143951416016
186 105.00917053222656
187 2407.790283203125
188 969.3819580078125
189 6.1570539474487305
190 2.3087658882141113
191 1.5767275094985962
192 0.8933874368667603
193 5.569344520568848
194 0.40516895055770874
195 2.1691348552703857
196 84.92427825927734
197 4890.18359375
198 372.9242858886719
199 33.9430046081543
200 5.076282978057861
201 2.0559377670288086
202 0.6128054261207581
203 2.4066269397735596
204 2.857492446899414
205 2.6488943099975586
206 2.8086674213409424
207 7.584836006164551
208 20.161907196044922
209 429.84600830078125
210 690.3352661132812
211 37.97069549560547
212 3.6089186668395996
213 0.8493427634239197
214 2.177520275115967
215 30.295883178710938
216 520.8707885742188
217 728.0813598632812
218 143.6088104248047
219 58.905860900878906
220 2.280947685241699
221 3.850656270980835
222 8.857762336730957
223 0.37228354811668396
224 1.1210674047470093
225 1.7547149658203125
226 87.1028823852539
227 4919.806640625
228 141.56874084472656
229 66.54178619384766
230 14.379051208496094
231 1.5214966535568237
232 0.2050188183784485
233 0.4651538133621216
234 0.48596620559692383
235 1.235253930091858
236 3.040299415588379
237 2.592963695526123
238 0.42945823073387146
239 7.093057632446289
240 268.71319580078125
241 836.3601684570312
242 4.002167701721191
243 65.17386627197266
244 55.96908950805664
245 743.4908447265625
246 12.8890380859375
247 59.211524963378906
248 2.5821309089660645
249 10.828730583190918
250 874.8790283203125
251 119.68769836425781
252 279.17962646484375
253 283.12322998046875
254 63.69669723510742
255 1.2813552618026733
256 6.594592094421387
257 17.735881805419922
258 23.989418029785156
259 219.88291931152344
260 1564.277099609375
261 81.67927551269531
262 21.359111785888672
263 12.571258544921875
264 1.7509162425994873
265 1.27703857421875
266 12.946423530578613
267 981.87890625
268 77.58858489990234
269 141.8780059814453
270 35.68155288696289
271 10.807695388793945
272 0.6834591031074524
273 1.8614460229873657
274 6.9502787590026855
275 51.835262298583984
276 10.980189323425293
277 1295.662353515625
278 491.5286560058594
279 230.87721252441406
280 27.513254165649414
281 0.8763304948806763
282 9.166595458984375
283 6.9738287925720215
284 25.908700942993164
285 1.094678521156311
286 174.59266662597656
287 3485.389892578125
288 457.5158386230469
289 15.99329948425293
290 8.074967384338379
291 0.5789914131164551
292 2.2551965713500977
293 0.2790611982345581
294 3.754488229751587
295 0.43645787239074707
296 0.4253237247467041
297 76.06269073486328
298 2663.4091796875
299 484.7074890136719
300 14.96863842010498
301 15.047404289245605
302 2.9791150093078613
303 5.213792324066162
304 1.0318961143493652
305 2.4607093334198
306 4.995849609375
307 13.726164817810059
308 254.07559204101562
309 2202.295166015625
310 1057.882568359375
311 300.7566223144531
312 36.349708557128906
313 97.72821807861328
314 21.71339225769043
315 14.8873291015625
316 4.325557231903076
317 0.33604696393013
318 0.6197773814201355
319 20.213726043701172
320 256.6325378417969
321 741.3628540039062
322 31.49639892578125
323 259.12945556640625
324 395.3130798339844
325 46.852455139160156
326 1152.3948974609375
327 186.85467529296875
328 64.90152740478516
329 17.282543182373047
330 8.95246696472168
331 4.78042459487915
332 0.4284321963787079
333 0.39545944333076477
334 0.9166147708892822
335 12.387937545776367
336 606.5877685546875
337 197.6199951171875
338 20.504674911499023
339 2.577888250350952
340 3.237997055053711
341 2.8888871669769287
342 12.437275886535645
343 90.31548309326172
344 287.1564636230469
345 540.2583618164062
346 16.643325805664062
347 503.3654479980469
348 88.4999008178711
349 266.3359375
350 3.5567026138305664
351 16.40447235107422
352 11.005756378173828
353 178.4330291748047
354 3230.7626953125
355 61.79625701904297
356 40.12363052368164
357 4.742199897766113
358 1.3555172681808472
359 0.5977945327758789
360 0.6597659587860107
361 1.4831721782684326
362 1.0455197095870972
363 4.258828639984131
364 3.048954486846924
365 1.4899822473526
366 416.71002197265625
367 658.81787109375
368 26.96282196044922
369 13.336684226989746
370 1.3650071620941162
371 0.6947930455207825
372 13.938447952270508
373 1.222644329071045
374 6.591916084289551
375 62.865386962890625
376 1425.32470703125
377 299.6107482910156
378 93.8268814086914
379 31.581527709960938
380 0.5750534534454346
381 1.2184209823608398
382 0.6600815057754517
383 20.65267562866211
384 345.0325012207031
385 19.04111671447754
386 32.55964660644531
387 25.468507766723633
388 5.311025619506836
389 13.60825252532959
390 2.5084197521209717
391 2.525466203689575
392 2.493237257003784
393 6.805951118469238
394 7.211007118225098
395 1.5748647451400757
396 3.8499302864074707
397 1.0696958303451538
398 5.717179298400879
399 7.739184379577637
400 6.189144134521484
401 273.16412353515625
402 36.19913101196289
403 98.98265075683594
404 263.1979064941406
405 18.88858985900879
406 10.276020050048828
407 7.584672927856445
408 16.936403274536133
409 2.125462770462036
410 4.092686653137207
411 31.51741600036621
412 24.00177764892578
413 15.75261402130127
414 94.89540100097656
415 678.0659790039062
416 156.0406951904297
417 21.19024085998535
418 5.233426094055176
419 15.36205005645752
420 45.131500244140625
421 448.5992736816406
422 274.2928161621094
423 479.7215270996094
424 457.05859375
425 196.2848358154297
426 285.6796875
427 31.95061683654785
428 3.4512221813201904
429 35.42724609375
430 13.57762622833252
431 68.30714416503906
432 269.15838623046875
433 891.1221923828125
434 43.78192901611328
435 5.149379730224609
436 18.03687858581543
437 11.68810749053955
438 15.279160499572754
439 480.61700439453125
440 886.913330078125
441 256.4340515136719
442 14.771732330322266
443 3.2739908695220947
444 13.40385913848877
445 8.120612144470215
446 6.24214506149292
447 63.478050231933594
448 280.9727783203125
449 9.83642578125
450 116.68601989746094
451 348.0446472167969
452 595.349853515625
453 88.31912231445312
454 135.80218505859375
455 4.678264141082764
456 191.00546264648438
457 899.677978515625
458 32.11970520019531
459 11.316291809082031
460 174.43511962890625
461 460.4830017089844
462 47.86066818237305
463 85.66578674316406
464 393.656494140625
465 136.2759552001953
466 71.7861099243164
467 8.72331428527832
468 48.14766311645508
469 1836.4010009765625
470 362.4517517089844
471 101.6562728881836
472 34.96438217163086
473 4.400030136108398
474 1.3870837688446045
475 7.980147361755371
476 55.515968322753906
477 1.875731110572815
478 40.140995025634766
479 1519.7352294921875
480 270.0856628417969
481 180.58779907226562
482 5.9282002449035645
483 8.017354965209961
484 39.09828567504883
485 420.63232421875
486 26.192331314086914
487 4.743496417999268
488 182.18695068359375
489 1970.64697265625
490 201.49461364746094
491 25.995559692382812
492 8.11550521850586
493 3.537325382232666
494 6.276910305023193
495 8.557988166809082
496 29.275903701782227
497 451.694091796875
498 1096.08349609375
499 100.30579376220703
500 6.760823726654053
501 5.6263298988342285
502 0.6791480779647827
503 7.3973259925842285
504 1.6874563694000244
505 30.382307052612305
506 8.155797958374023
507 96.3292236328125
508 64.920166015625
509 3.182964563369751
510 189.78636169433594
511 1333.37939453125
512 458.68389892578125
513 2.680036783218384
514 49.688316345214844
515 7.131519317626953
516 17.397533416748047
517 0.6726078987121582
518 88.1871109008789
519 38.618717193603516
520 82.6571273803711
521 2252.063232421875
522 219.1262969970703
523 17.365842819213867
524 3.1052112579345703
525 3.6946098804473877
526 1.8854734897613525
527 3.5315637588500977
528 3.902693748474121
529 114.23517608642578
530 2161.291259765625
531 77.32838439941406
532 4.77263069152832
533 3.3042280673980713
534 30.971256256103516
535 9.458870887756348
536 102.85486602783203
537 52.801368713378906
538 61.928627014160156
539 506.37457275390625
540 11.873661041259766
541 108.16004180908203
542 7.200739860534668
543 2.678370952606201
544 9.352718353271484
545 6.395541667938232
546 32.398441314697266
547 4.165487289428711
548 10.60449504852295
549 469.98040771484375
550 467.0359191894531
551 0.7530772686004639
552 30.05626678466797
553 2.4797964096069336
554 17.639144897460938
555 150.2403106689453
556 113.76312255859375
557 32.31972885131836
558 421.8528747558594
559 770.7427368164062
560 165.42315673828125
561 47.05311965942383
562 131.02735900878906
563 265.9532775878906
564 7.522478103637695
565 5.562053203582764
566 2.7887368202209473
567 221.2509765625
568 546.7015991210938
569 29.030399322509766
570 6.977824687957764
571 3.658858299255371
572 9.598596572875977
573 2.892948627471924
574 5.3867926597595215
575 0.6095544695854187
576 11.163742065429688
577 7.313765048980713
578 8.730294227600098
579 19.365251541137695
580 58.00066375732422
581 100.99076080322266
582 830.580078125
583 57.02386474609375
584 160.37362670898438
585 447.285888671875
586 112.09114074707031
587 9.0371675491333
588 124.9512710571289
589 597.3666381835938
590 179.69578552246094
591 100.40821838378906
592 125.53192901611328
593 132.787353515625
594 12.390032768249512
595 67.43017578125
596 201.38162231445312
597 1472.410400390625
598 144.80955505371094
599 67.46112823486328
600 5.155072212219238
601 58.3122673034668
602 69.71708679199219
603 1011.9838256835938
604 85.00691986083984
605 774.7881469726562
606 99.70059967041016
607 8.247208595275879
608 147.41236877441406
609 285.0270690917969
610 6.023504257202148
611 152.3412628173828
612 58.33625411987305
613 376.7679138183594
614 672.6071166992188
615 18.1577091217041
616 16.226863861083984
617 52.00328826904297
618 238.2390594482422
619 503.45391845703125
620 5.0489397048950195
621 40.4158821105957
622 287.8498229980469
623 1411.84375
624 228.52462768554688
625 9.82898998260498
626 27.688383102416992
627 85.5313949584961
628 42.78589630126953
629 287.26324462890625
630 962.9085693359375
631 221.80697631835938
632 76.16082763671875
633 110.94400024414062
634 246.58944702148438
635 3.1363978385925293
636 95.35260772705078
637 962.761962890625
638 81.8160171508789
639 65.70905303955078
640 172.15121459960938
641 461.4790344238281
642 120.82083892822266
643 15.073895454406738
644 879.218505859375
645 17.188095092773438
646 56.43528366088867
647 46.090057373046875
648 38.65146255493164
649 174.18519592285156
650 1123.2266845703125
651 26.894399642944336
652 2.3088133335113525
653 5.993555068969727
654 12.264562606811523
655 77.94193267822266
656 3609.06884765625
657 159.84645080566406
658 235.94203186035156
659 67.91586303710938
660 25.315454483032227
661 4.463574409484863
662 2.7621707916259766
663 3.2415692806243896
664 13.979864120483398
665 7.5966668128967285
666 56.08684539794922
667 4.137702465057373
668 138.0736083984375
669 2717.169921875
670 56.96437454223633
671 57.107452392578125
672 47.58973693847656
673 22.015239715576172
674 14.884668350219727
675 2.1105103492736816
676 3.9932379722595215
677 78.36246490478516
678 473.478759765625
679 135.29664611816406
680 50.41061782836914
681 129.1830596923828
682 1506.2498779296875
683 1145.677734375
684 362.4194641113281
685 63.81767654418945
686 6.2203826904296875
687 6.606356620788574
688 15.875289916992188
689 120.17396545410156
690 306.82098388671875
691 347.0704650878906
692 13.949870109558105
693 479.2301025390625
694 297.7951354980469
695 16.55384635925293
696 25.7054500579834
697 32.41099166870117
698 520.2215576171875
699 221.7438507080078
700 255.78749084472656
701 957.8546142578125
702 332.9750061035156
703 141.72314453125
704 19.75699806213379
705 18.62250518798828
706 9.584112167358398
707 2.9839019775390625
708 116.57794189453125
709 335.98321533203125
710 1296.5927734375
711 70.66546630859375
712 4.381229877471924
713 6.615172386169434
714 9.849967956542969
715 2.2957704067230225
716 211.92774963378906
717 1063.446044921875
718 137.1429901123047
719 60.906517028808594
720 2.068387985229492
721 54.505455017089844
722 384.81103515625
723 698.5299072265625
724 96.19718170166016
725 26.076274871826172
726 1.4886515140533447
727 70.25984954833984
728 237.52398681640625
729 738.566650390625
730 55.559669494628906
731 5.412309169769287
732 89.80277252197266
733 1183.71533203125
734 681.5503540039062
735 2.202178716659546
736 26.77762794494629
737 6.867734909057617
738 40.13414764404297
739 608.6715698242188
740 1414.5948486328125
741 58.00027084350586
742 13.974788665771484
743 2.9659852981567383
744 6.95957088470459
745 20.453914642333984
746 524.025390625
747 73.95318603515625
748 419.763427734375
749 55.38911056518555
750 8.568245887756348
751 8.255678176879883
752 11.19598388671875
753 392.366455078125
754 389.7201232910156
755 377.1796569824219
756 37.565025329589844
757 2.859222888946533
758 11.310730934143066
759 6.171173572540283
760 3.0474228858947754
761 3.172362804412842
762 19.30996322631836
763 5.6832685470581055
764 2.2453773021698
765 39.26856231689453
766 1996.428466796875
767 1155.183837890625
768 52.092201232910156
769 14.402274131774902
770 4.352275371551514
771 4.882714748382568
772 4.274999141693115
773 4.8045735359191895
774 2.796658754348755
775 13.64219856262207
776 74.55607604980469
777 431.0221862792969
778 1105.755859375
779 12.416149139404297
780 9.3446044921875
781 19.87319564819336
782 29.640941619873047
783 124.48480224609375
784 1043.9080810546875
785 14.36916732788086
786 70.5072250366211
787 89.38487243652344
788 57.06660461425781
789 428.3854064941406
790 117.91871643066406
791 3.8512918949127197
792 532.5881958007812
793 84.45950317382812
794 7.526843070983887
795 5.551472187042236
796 263.0411071777344
797 801.1459350585938
798 37.11746597290039
799 221.6311492919922
800 11.07828426361084
801 50.63328552246094
802 233.88616943359375
803 982.1746826171875
804 3.8330554962158203
805 61.337974548339844
806 63.2410774230957
807 93.00223541259766
808 155.35104370117188
809 649.6181030273438
810 133.2356719970703
811 3.491623878479004
812 1.9163373708724976
813 339.4310302734375
814 1498.3800048828125
815 179.65292358398438
816 11.180811882019043
817 31.429264068603516
818 7.446500301361084
819 468.2520446777344
820 408.70172119140625
821 41.918251037597656
822 25.411556243896484
823 25.716140747070312
824 109.52449798583984
825 375.380615234375
826 603.612548828125
827 143.26364135742188
828 4.717989921569824
829 2.749561309814453
830 11.879246711730957
831 82.59296417236328
832 1488.1571044921875
833 49.460357666015625
834 5.246787071228027
835 5.1061530113220215
836 30.62589454650879
837 6.287675380706787
838 17.658571243286133
839 156.72955322265625
840 1815.080078125
841 585.7915649414062
842 5.614254951477051
843 3.585465431213379
844 18.181991577148438
845 50.84503173828125
846 40.287139892578125
847 27.892597198486328
848 357.3358459472656
849 1128.4486083984375
850 354.827880859375
851 73.94434356689453
852 12.321839332580566
853 13.88688850402832
854 6.101951599121094
855 476.8287048339844
856 636.873046875
857 178.25149536132812
858 18.902528762817383
859 57.23098373413086
860 235.6708526611328
861 230.7587890625
862 1054.205078125
863 1172.0159912109375
864 87.06869506835938
865 243.94937133789062
866 46.316184997558594
867 9.241554260253906
868 3.6651084423065186
869 445.2547912597656
870 146.7489776611328
871 16.17770767211914
872 535.3671875
873 285.7845764160156
874 18.95155906677246
875 117.41365814208984
876 232.02479553222656
877 78.69355773925781
878 603.06982421875
879 153.50733947753906
880 191.9935302734375
881 198.86090087890625
882 83.18696594238281
883 505.6160583496094
884 204.06234741210938
885 71.52914428710938
886 22.10345458984375
887 36.42755889892578
888 19.77936363220215
889 58.854095458984375
890 875.9511108398438
891 28.28348159790039
892 21.52120590209961
893 121.82999420166016
894 49.080806732177734
895 51.13768768310547
896 676.3762817382812
897 302.59417724609375
898 16.35199737548828
899 5.77598762512207
900 2.1448864936828613
901 32.99893569946289
902 76.39292907714844
903 72.81777954101562
904 1058.939208984375
905 26.778759002685547
906 303.0837097167969
907 41.22561264038086
908 187.04112243652344
909 42.246402740478516
910 33.738037109375
911 701.6424560546875
912 306.8353576660156
913 332.0508117675781
914 71.84331512451172
915 1.8243625164031982
916 8.794912338256836
917 2.5899271965026855
918 2.4595699310302734
919 34.67599105834961
920 4.768788814544678
921 152.26788330078125
922 20.242740631103516
923 665.2354736328125
924 575.184326171875
925 6.755248546600342
926 6.079922676086426
927 70.73685455322266
928 8.897345542907715
929 12.155937194824219
930 26.66781997680664
931 201.15444946289062
932 427.9233093261719
933 81.72550964355469
934 4.91315221786499
935 45.209476470947266
936 379.43548583984375
937 539.9318237304688
938 23.497215270996094
939 10.63378620147705
940 37.312923431396484
941 43.965389251708984
942 11.886719703674316
943 138.3037109375
944 390.67340087890625
945 689.2125244140625
946 31.45532989501953
947 38.0355224609375
948 52.80873489379883
949 0.686742901802063
950 6.9368367195129395
951 1496.16015625
952 361.38897705078125
953 73.18170166015625
954 40.3280029296875
955 27.186582565307617
956 1.4320874214172363
957 16.791431427001953
958 18.56895637512207
959 2.6232974529266357
960 114.68526458740234
961 4741.994140625
962 126.89759826660156
963 12.552600860595703
964 5.837364673614502
965 3.8424296379089355
966 1.9422763586044312
967 13.895027160644531
968 6.598732948303223
969 3.3730437755584717
970 32.70460510253906
971 351.3019714355469
972 65.46984100341797
973 5.408078193664551
974 9.164231300354004
975 284.46514892578125
976 1433.739501953125
977 140.5187225341797
978 44.79033660888672
979 71.22628784179688
980 465.5256042480469
981 339.7742004394531
982 226.37493896484375
983 282.8624267578125
984 28.016740798950195
985 39.54794692993164
986 1518.4766845703125
987 358.4942626953125
988 10.143407821655273
989 37.937644958496094
990 39.48704528808594
991 75.40138244628906
992 151.5224609375
993 492.9268798828125
994 133.47012329101562
995 19.59835433959961
996 28.40909194946289
997 4.258984088897705
998 42.39567184448242
999 2353.103271484375
