0 111.69220733642578
1 603.0241088867188
2 6.458609580993652
3 6.551070690155029
4 4.539715766906738
5 2.8846821784973145
6 5.399381160736084
7 3.534268379211426
8 4.107360363006592
9 1.7828024625778198
10 45.253929138183594
11 25.806922912597656
12 869.80029296875
13 78.88252258300781
14 13.001875877380371
15 34.711368560791016
16 1.7815666198730469
17 0.8579856157302856
18 1.3235117197036743
19 3.3402421474456787
20 2.600041627883911
21 1.326836109161377
22 0.1601315140724182
23 0.9582879543304443
24 0.6472349762916565
25 2.3758955001831055
26 663.77783203125
27 599.248046875
28 17.808204650878906
29 18.696592330932617
30 1.2677606344223022
31 0.8771286010742188
32 1.1844466924667358
33 2.3230090141296387
34 206.71456909179688
35 28.579593658447266
36 86.88932037353516
37 14.789115905761719
38 0.6153061389923096
39 8.097613334655762
40 311.1389465332031
41 151.25311279296875
42 147.63900756835938
43 19.856712341308594
44 0.7337047457695007
45 1.7750579118728638
46 0.48572075366973877
47 13.504408836364746
48 3718.802734375
49 107.95246124267578
50 14.168843269348145
51 0.6099375486373901
52 0.27837973833084106
53 0.6235021948814392
54 2.1633119583129883
55 2.9291725158691406
56 3.5519509315490723
57 1.5578949451446533
58 17.534547805786133
59 1391.34814453125
60 599.5550537109375
61 44.9260368347168
62 30.13711929321289
63 6.220696449279785
64 2.4586455821990967
65 1.8770227432250977
66 0.3552079200744629
67 10.21464729309082
68 692.6749877929688
69 715.5650024414062
70 47.93428421020508
71 0.9039795994758606
72 10.3888521194458
73 0.9758520722389221
74 0.7512795925140381
75 0.8840351104736328
76 6.804226875305176
77 43.31521987915039
78 998.352294921875
79 52.43083953857422
80 300.1655578613281
81 16.220457077026367
82 1.6509252786636353
83 1.4289723634719849
84 0.7741595506668091
85 0.7931249141693115
86 7.740586280822754
87 699.9942016601562
88 39.909400939941406
89 71.70840454101562
90 22.030017852783203
91 3.1818830966949463
92 0.7031962275505066
93 4.139605522155762
94 1.211863398551941
95 21.62086296081543
96 442.0216369628906
97 488.6944274902344
98 70.1942138671875
99 5.782571792602539
100 0.8930630683898926
101 3.5905544757843018
102 2.937685489654541
103 19.015522003173828
104 315.8555908203125
105 269.6318054199219
106 50.9850959777832
107 10.737104415893555
108 0.2289767861366272
109 12.282186508178711
110 399.3623046875
111 990.118896484375
112 132.8148956298828
113 33.540748596191406
114 0.8955720663070679
115 8.680696487426758
116 2.8722894191741943
117 4.041621685028076
118 0.4958900213241577
119 1.5765169858932495
120 96.7173080444336
121 2350.9541015625
122 364.9943542480469
123 29.959657669067383
124 9.338630676269531
125 0.30680763721466064
126 0.2464524656534195
127 4.213306903839111
128 25.502784729003906
129 376.8112487792969
130 225.5204315185547
131 267.2027893066406
132 5.683392524719238
133 0.8873677849769592
134 2.778446674346924
135 0.7243010401725769
136 0.5498355627059937
137 0.4035851061344147
138 7.853031635284424
139 72.59093475341797
140 2823.049072265625
141 737.129638671875
142 202.30189514160156
143 1.630046010017395
144 2.7387421131134033
145 1.4637302160263062
146 3.1686596870422363
147 2.0844595432281494
148 0.901245653629303
149 19.45372200012207
150 218.52320861816406
151 495.1994934082031
152 42.49665832519531
153 17.454492568969727
154 55.086029052734375
155 1398.0948486328125
156 246.9390411376953
157 66.37664794921875
158 3.8682913780212402
159 2.0295135974884033
160 0.7608819603919983
161 9.92820930480957
162 43.5075569152832
163 263.9783020019531
164 134.4174041748047
165 1404.693359375
166 44.167205810546875
167 5.718846321105957
168 10.823273658752441
169 23.68813705444336
170 400.41717529296875
171 372.860107421875
172 132.96444702148438
173 34.66164779663086
174 219.59982299804688
175 60.616844177246094
176 236.3158721923828
177 781.7318725585938
178 295.54156494140625
179 80.91710662841797
180 18.190343856811523
181 24.13216209411621
182 14.872117042541504
183 52.3204345703125
184 1190.9364013671875
185 152.5687713623047
186 96.94559478759766
187 60.26951217651367
188 3.4603283405303955
189 1.0846611261367798
190 0.563531756401062
191 0.28154054284095764
192 1.5533604621887207
193 18.569629669189453
194 132.81759643554688
195 923.432373046875
196 93.32937622070312
197 101.90320587158203
198 613.2709350585938
199 124.2365951538086
200 5.627459526062012
201 15.415121078491211
202 1.773559808731079
203 45.535972595214844
204 1180.48828125
205 197.8636474609375
206 508.9508361816406
207 69.58979797363281
208 35.82947540283203
209 0.6457515358924866
210 0.6781545877456665
211 6.374749183654785
212 5.880627155303955
213 1.8364331722259521
214 9.830314636230469
215 28.732126235961914
216 1730.6422119140625
217 345.5041198730469
218 75.5447998046875
219 23.09004783630371
220 0.38791343569755554
221 2.704150676727295
222 2.043226957321167
223 11.486875534057617
224 388.96527099609375
225 763.618408203125
226 98.26156616210938
227 0.8365108966827393
228 9.521682739257812
229 15.751752853393555
230 0.983307421207428
231 205.5995330810547
232 1025.845947265625
233 49.02333068847656
234 117.52545166015625
235 35.94120788574219
236 31.144649505615234
237 117.14425659179688
238 1.6240419149398804
239 16.66954803466797
240 1049.857666015625
241 434.9619140625
242 143.93983459472656
243 15.222832679748535
244 11.231161117553711
245 0.8215463161468506
246 0.6523349285125732
247 16.92226791381836
248 91.34213256835938
249 1566.23193359375
250 78.0191650390625
251 133.83050537109375
252 6.437171936035156
253 1.7721366882324219
254 3.3387763500213623
255 58.376304626464844
256 1102.9119873046875
257 350.3847351074219
258 31.783344268798828
259 1.3356842994689941
260 3.4610836505889893
261 0.7606619596481323
262 2.0890493392944336
263 52.89640426635742
264 2944.37548828125
265 511.5986022949219
266 37.815582275390625
267 1.5701677799224854
268 2.2490360736846924
269 6.773751735687256
270 0.7072266936302185
271 0.7896323204040527
272 14.292536735534668
273 131.02027893066406
274 2145.434326171875
275 30.975811004638672
276 28.033042907714844
277 31.492576599121094
278 2.085507869720459
279 5.382116317749023
280 0.5741166472434998
281 1.4341412782669067
282 88.78759765625
283 3791.668212890625
284 126.31109619140625
285 7.351807117462158
286 13.167329788208008
287 14.592552185058594
288 5.595808982849121
289 22.557329177856445
290 48.089012145996094
291 778.578857421875
292 193.28062438964844
293 29.992597579956055
294 0.699256420135498
295 31.139774322509766
296 513.3624877929688
297 250.04124450683594
298 40.114227294921875
299 288.10687255859375
300 187.13792419433594
301 6.904131889343262
302 1.850848913192749
303 88.40227508544922
304 1628.075439453125
305 352.9281005859375
306 155.45216369628906
307 9.500499725341797
308 10.964860916137695
309 1.7064454555511475
310 3.215881586074829
311 6.712306499481201
312 130.0100555419922
313 2716.388916015625
314 449.5174865722656
315 21.583391189575195
316 3.5647592544555664
317 0.4582342207431793
318 3.435724973678589
319 0.32182615995407104
320 6.303851127624512
321 90.93791198730469
322 974.5119018554688
323 81.46804809570312
324 260.98016357421875
325 145.54737854003906
326 28.00887107849121
327 0.5658641457557678
328 23.876968383789062
329 23.372676849365234
330 174.95953369140625
331 2244.604248046875
332 264.65167236328125
333 13.064493179321289
334 1.898054838180542
335 0.7032257914543152
336 0.6658887267112732
337 0.2932548522949219
338 0.7120383977890015
339 1.070779800415039
340 15.49996566772461
341 1.742560863494873
342 6.785170078277588
343 783.454345703125
344 189.25738525390625
345 77.4150161743164
346 102.37113952636719
347 1.546185851097107
348 5.041820526123047
349 43.380760192871094
350 852.11181640625
351 3.5347836017608643
352 19.937686920166016
353 1.135451078414917
354 34.52419662475586
355 2119.51416015625
356 690.8696899414062
357 14.112603187561035
358 33.77109146118164
359 52.14255905151367
360 26.382280349731445
361 0.9778032898902893
362 16.557998657226562
363 64.79887390136719
364 82.08573150634766
365 321.5566101074219
366 941.6917114257812
367 623.919677734375
368 236.27468872070312
369 59.67551803588867
370 142.5546417236328
371 148.8814239501953
372 23.43346405029297
373 164.05673217773438
374 529.5919189453125
375 1128.5440673828125
376 499.4402770996094
377 93.52543640136719
378 25.217069625854492
379 4.739960193634033
380 3.74615216255188
381 14.039802551269531
382 70.97016143798828
383 795.83935546875
384 890.569091796875
385 145.71917724609375
386 21.165071487426758
387 62.53810119628906
388 2.1661062240600586
389 8.20677661895752
390 3.764976739883423
391 3.495006799697876
392 24.26209259033203
393 540.4728393554688
394 317.3033142089844
395 418.98516845703125
396 19.84878921508789
397 6.712838172912598
398 6.573955535888672
399 21.897171020507812
400 5.561756134033203
401 3.4843263626098633
402 146.490234375
403 132.7991485595703
404 189.31405639648438
405 75.8958511352539
406 151.57766723632812
407 1699.2763671875
408 704.3599243164062
409 183.8663330078125
410 59.73350524902344
411 8.282088279724121
412 19.073389053344727
413 86.74092864990234
414 1411.643798828125
415 95.42699432373047
416 9.85608196258545
417 2.4195733070373535
418 58.18133544921875
419 43.751731872558594
420 41.96675491333008
421 957.7342529296875
422 58.00482940673828
423 40.23345947265625
424 20.155811309814453
425 4.292267322540283
426 3.484828233718872
427 11.258392333984375
428 609.1674194335938
429 105.30054473876953
430 227.8208770751953
431 10.204339981079102
432 36.50739288330078
433 316.9017028808594
434 506.0646667480469
435 12.40884017944336
436 5.246376991271973
437 14.347344398498535
438 964.63720703125
439 129.8207550048828
440 288.4381408691406
441 5.317702293395996
442 2.708395481109619
443 51.059112548828125
444 2.985736846923828
445 23.822744369506836
446 15.00264835357666
447 6.369513034820557
448 52.69321060180664
449 3118.16650390625
450 406.5860595703125
451 16.87375259399414
452 22.809091567993164
453 18.99856948852539
454 17.313232421875
455 2.1461849212646484
456 9.11044979095459
457 73.37145233154297
458 2452.761474609375
459 366.92071533203125
460 129.3166961669922
461 75.13606262207031
462 22.703189849853516
463 63.3744010925293
464 26.407264709472656
465 4.204272747039795
466 1.598775863647461
467 18.12664794921875
468 830.7808837890625
469 497.4183044433594
470 49.85384750366211
471 36.07068634033203
472 3.440439224243164
473 6.940011978149414
474 3.0123918056488037
475 2.413828134536743
476 2.2906270027160645
477 12.03248405456543
478 6.684653282165527
479 6.781525611877441
480 1.7540405988693237
481 196.08303833007812
482 2728.70751953125
483 68.85839080810547
484 40.94498062133789
485 26.783708572387695
486 10.44571590423584
487 39.357757568359375
488 26.582275390625
489 80.46295928955078
490 160.39764404296875
491 1241.52294921875
492 39.768428802490234
493 27.969331741333008
494 5.151271343231201
495 1.4966700077056885
496 43.03644943237305
497 1163.8487548828125
498 323.398681640625
499 68.15538024902344
500 89.47366333007812
501 445.8339538574219
502 20.082324981689453
503 3.7109663486480713
504 2.1658287048339844
505 54.19533157348633
506 43.7315673828125
507 84.98897552490234
508 2034.9393310546875
509 1061.36083984375
510 8.06651782989502
511 16.026227951049805
512 3.8006489276885986
513 12.8890962600708
514 8.256467819213867
515 4.727353572845459
516 5.048029899597168
517 13.80341625213623
518 96.63301849365234
519 1530.6317138671875
520 177.0975341796875
521 9.79001235961914
522 5.935427665710449
523 2.1227803230285645
524 28.259790420532227
525 4.205041885375977
526 2.392280101776123
527 726.1362915039062
528 72.63729858398438
529 119.90631866455078
530 28.555334091186523
531 3.9508235454559326
532 1.1110317707061768
533 19.68543243408203
534 3.231569290161133
535 7.339234352111816
536 3.2917184829711914
537 404.09124755859375
538 114.78490447998047
539 153.85595703125
540 13.565560340881348
541 5.788138389587402
542 2.3134684562683105
543 7.399117469787598
544 3.736234188079834
545 19.871320724487305
546 1.561995506286621
547 347.5589294433594
548 553.6788330078125
549 490.5552062988281
550 203.93345642089844
551 21.10772705078125
552 49.06133270263672
553 32.62025833129883
554 217.41598510742188
555 433.7045593261719
556 33.549224853515625
557 672.8136596679688
558 72.266845703125
559 123.71916198730469
560 15.385492324829102
561 12.090432167053223
562 1.7020314931869507
563 23.84851837158203
564 2090.59765625
565 1403.5391845703125
566 5.30676794052124
567 2.8262367248535156
568 7.540036201477051
569 0.6951279640197754
570 10.901747703552246
571 8.986071586608887
572 1.6595335006713867
573 52.0759162902832
574 62.41913986206055
575 695.6756591796875
576 168.39730834960938
577 96.95513916015625
578 16.71728515625
579 31.4254093170166
580 11.201004981994629
581 29.585535049438477
582 528.6700439453125
583 171.56654357910156
584 5.2985382080078125
585 28.989091873168945
586 382.47674560546875
587 711.5986938476562
588 29.79072380065918
589 46.896034240722656
590 15.205142974853516
591 12.165201187133789
592 2.9132978916168213
593 6.360403060913086
594 6.808727264404297
595 39.092323303222656
596 2361.505615234375
597 1007.1865234375
598 10.942898750305176
599 5.100078105926514
600 9.079029083251953
601 2.269165277481079
602 70.66143035888672
603 234.40829467773438
604 1647.7625732421875
605 339.8956604003906
606 17.018573760986328
607 70.982666015625
608 26.32704734802246
609 1.3596060276031494
610 1.1403403282165527
611 3.707395076751709
612 2181.09326171875
613 684.0929565429688
614 382.82781982421875
615 3.9964218139648438
616 3.141930103302002
617 4.1897172927856445
618 2.3432719707489014
619 112.15538024902344
620 106.03692626953125
621 527.2559204101562
622 5.424737930297852
623 6.36757230758667
624 34.167236328125
625 4.418995380401611
626 215.34552001953125
627 1446.2733154296875
628 90.3709945678711
629 59.22797775268555
630 2.739659309387207
631 2.57181715965271
632 2.09586238861084
633 1.2427130937576294
634 2.3981869220733643
635 4.604402542114258
636 46.641109466552734
637 210.137451171875
638 231.71339416503906
639 106.5567626953125
640 2256.086669921875
641 328.1529541015625
642 7.322417259216309
643 8.028678894042969
644 2.2633986473083496
645 52.99565887451172
646 0.26179802417755127
647 122.64120483398438
648 406.19091796875
649 1310.67529296875
650 212.91749572753906
651 4.662313938140869
652 3.855889320373535
653 4.164757251739502
654 132.45199584960938
655 404.4503173828125
656 13.049812316894531
657 644.2174682617188
658 8.39783000946045
659 41.30438995361328
660 79.12602233886719
661 581.7913208007812
662 291.5649719238281
663 50.755733489990234
664 18.95553207397461
665 4.050145149230957
666 28.012554168701172
667 138.9129638671875
668 1942.2161865234375
669 354.3113708496094
670 155.084228515625
671 2.0918424129486084
672 14.065134048461914
673 6.1759514808654785
674 4.126054763793945
675 145.16221618652344
676 2811.32568359375
677 510.80120849609375
678 35.949283599853516
679 3.141709327697754
680 3.7324283123016357
681 0.5702948570251465
682 3.9754326343536377
683 13.366560935974121
684 124.52720642089844
685 456.6142883300781
686 633.3687744140625
687 24.383970260620117
688 2.7731900215148926
689 4.9985504150390625
690 5.455695629119873
691 2.355750322341919
692 36.614891052246094
693 13.834482192993164
694 22.290555953979492
695 877.6271362304688
696 326.78973388671875
697 6.203250885009766
698 8.20340347290039
699 1.163172721862793
700 29.781028747558594
701 9.744884490966797
702 326.3729248046875
703 172.35354614257812
704 164.5874786376953
705 3.8980658054351807
706 4.081433296203613
707 5.4251580238342285
708 5.025940895080566
709 12.511171340942383
710 19.699386596679688
711 445.1839599609375
712 27.70233917236328
713 125.48766326904297
714 12.981727600097656
715 23.979341506958008
716 452.416748046875
717 646.1929321289062
718 399.35491943359375
719 87.8493423461914
720 4.712377548217773
721 306.1248474121094
722 744.4605102539062
723 187.34788513183594
724 50.09391403198242
725 4.4689435958862305
726 39.734683990478516
727 544.7528076171875
728 493.5284423828125
729 47.57406997680664
730 13.125929832458496
731 22.30249786376953
732 221.2079315185547
733 798.3822021484375
734 7.415255069732666
735 24.93392562866211
736 32.444942474365234
737 23.651891708374023
738 512.6622924804688
739 20.658048629760742
740 277.4700927734375
741 348.1626281738281
742 4.258805751800537
743 56.22259521484375
744 963.9776000976562
745 34.22573471069336
746 23.8634033203125
747 13.474868774414062
748 1.530275583267212
749 3.3376147747039795
750 94.13203430175781
751 776.5025634765625
752 101.56664276123047
753 5.700455188751221
754 98.62516784667969
755 9.283777236938477
756 57.74117660522461
757 2210.71923828125
758 994.279296875
759 117.1224594116211
760 4.695949077606201
761 5.225449562072754
762 6.291454315185547
763 15.69527530670166
764 29.678997039794922
765 3.8453197479248047
766 5.770725727081299
767 596.293701171875
768 48.97169494628906
769 239.0550079345703
770 160.16363525390625
771 56.63808059692383
772 5.82496976852417
773 1.1007282733917236
774 1.7110569477081299
775 6.13929557800293
776 1.3018832206726074
777 46.891212463378906
778 627.0481567382812
779 34.9376106262207
780 9.97179889678955
781 339.5750427246094
782 2161.704345703125
783 255.44358825683594
784 3.150899648666382
785 4838.74609375
786 1799.7867431640625
787 302.3603820800781
788 31.19475746154785
789 8.782217979431152
790 2.5321221351623535
791 7.514835357666016
792 4.59421968460083
793 11.488588333129883
794 0.94720059633255
795 6.110302925109863
796 5.082448482513428
797 3.16536021232605
798 4.06403112411499
799 2.7598531246185303
800 4.531304359436035
801 4.7697672843933105
802 3.05926775932312
803 3.0584959983825684
804 6.767335891723633
805 6.667874813079834
806 3.478503704071045
807 3.7174415588378906
808 6.593868255615234
809 10.218452453613281
810 13.704841613769531
811 13.730399131774902
812 123.39987182617188
813 2198.062744140625
814 253.36358642578125
815 116.697265625
816 15.418258666992188
817 70.97737121582031
818 73.53372955322266
819 230.1309814453125
820 76.80586242675781
821 637.0948486328125
822 227.71835327148438
823 38.0716667175293
824 51.936832427978516
825 91.21527099609375
826 15.609453201293945
827 157.6664581298828
828 108.1954574584961
829 1082.0206298828125
830 274.30279541015625
831 387.63525390625
832 63.495933532714844
833 16.95218849182129
834 86.73516845703125
835 18.391399383544922
836 65.7416763305664
837 13.957855224609375
838 1367.5462646484375
839 1188.7117919921875
840 208.14804077148438
841 15.95431900024414
842 0.9700514078140259
843 30.8894100189209
844 0.9647068977355957
845 302.8368225097656
846 1852.169677734375
847 28.44529151916504
848 39.90943908691406
849 29.565603256225586
850 45.239871978759766
851 7.209858417510986
852 19.129478454589844
853 137.09716796875
854 402.5484619140625
855 353.48785400390625
856 1.659114956855774
857 22.918048858642578
858 29.613758087158203
859 479.5335998535156
860 290.9193420410156
861 69.31246948242188
862 10.758471488952637
863 3.8296077251434326
864 13.678131103515625
865 16.06193733215332
866 110.10585021972656
867 95.21443939208984
868 339.52349853515625
869 46.07826232910156
870 29.740375518798828
871 472.6461181640625
872 900.5775146484375
873 86.59913635253906
874 4.812012672424316
875 72.26588439941406
876 22.19026756286621
877 668.8286743164062
878 210.94442749023438
879 9.133830070495605
880 3.508759021759033
881 3.5908639430999756
882 54.86019515991211
883 1626.9637451171875
884 165.2259979248047
885 42.88310623168945
886 22.005104064941406
887 21.553647994995117
888 1669.197021484375
889 1166.40234375
890 94.34529876708984
891 32.052433013916016
892 8.78285026550293
893 5.780079364776611
894 4.262401580810547
895 3.1409547328948975
896 8.399163246154785
897 110.025390625
898 1467.01611328125
899 52.45210647583008
900 11.157899856567383
901 118.79229736328125
902 13.956266403198242
903 149.26966857910156
904 344.9862976074219
905 4.861377716064453
906 9.041975021362305
907 140.5463104248047
908 2491.6181640625
909 425.4450988769531
910 17.534175872802734
911 2.7285735607147217
912 15.458966255187988
913 16.4114933013916
914 7.04688024520874
915 325.4597473144531
916 202.9157257080078
917 112.58806610107422
918 1836.10302734375
919 23.522186279296875
920 35.18352508544922
921 42.083438873291016
922 1.5995546579360962
923 20.76498794555664
924 42.02967071533203
925 11.594390869140625
926 1188.5906982421875
927 41.280330657958984
928 26.55716323852539
929 12.10837173461914
930 50.51615524291992
931 14.614728927612305
932 228.0447235107422
933 326.0652770996094
934 87.20284271240234
935 760.2123413085938
936 5.893150329589844
937 48.31330108642578
938 5.975137233734131
939 15.716227531433105
940 18.694503784179688
941 4402.07763671875
942 56.04608154296875
943 132.92230224609375
944 4.814580917358398
945 4.546202182769775
946 5.957711219787598
947 10.006617546081543
948 4.103326320648193
949 12.130796432495117
950 2.4812121391296387
951 234.4226531982422
952 38.972164154052734
953 32.204627990722656
954 2474.291748046875
955 496.8324279785156
956 2.755624532699585
957 14.521466255187988
958 8.917802810668945
959 3.727921485900879
960 38.67174530029297
961 7.163219928741455
962 146.8004608154297
963 814.0512084960938
964 129.04127502441406
965 132.6663818359375
966 206.2581329345703
967 54.297821044921875
968 9.919829368591309
969 149.53472900390625
970 445.2275695800781
971 9.424251556396484
972 106.3534927368164
973 497.6753845214844
974 92.07889556884766
975 548.5049438476562
976 1084.3441162109375
977 218.33502197265625
978 7.6229095458984375
979 13.460566520690918
980 5.346840858459473
981 284.73291015625
982 1099.141357421875
983 104.06531524658203
984 21.94108772277832
985 73.80021667480469
986 50.781028747558594
987 301.7492370605469
988 20.298276901245117
989 1193.8565673828125
990 184.14117431640625
991 4.0586700439453125
992 5.371885299682617
993 87.86370086669922
994 384.015869140625
995 467.78448486328125
996 299.46954345703125
997 3.7695558071136475
998 12.064687728881836
999 17.910240173339844
