0 1.5677701234817505
1 1.947021245956421
2 0.813280463218689
3 0.3966204822063446
4 0.1405627578496933
5 0.048504170030355453
6 0.02527598664164543
7 0.022853462025523186
8 0.015927445143461227
9 0.016342811286449432
10 0.02181539498269558
11 0.007308997213840485
12 0.021156633272767067
13 0.01070454716682434
14 0.01206175796687603
15 0.3671824634075165
16 0.1250779926776886
17 0.025626907125115395
18 0.026154624298214912
19 0.014067829586565495
20 0.009857363067567348
21 0.024009834975004196
22 0.0051210978999733925
23 0.185689777135849
24 0.007637634873390198
25 0.035146988928318024
26 0.07009679079055786
27 0.07853606343269348
28 0.04480268061161041
29 0.05446698144078255
30 0.27633583545684814
31 0.005928242113441229
32 0.02318551391363144
33 0.013951532542705536
34 0.01778721995651722
35 0.06944309175014496
36 0.031134575605392456
37 0.029698830097913742
38 0.33842164278030396
39 0.023716310039162636
40 0.010004471987485886
41 0.011003529652953148
42 0.01053125411272049
43 0.13802872598171234
44 0.0113170575350523
45 0.013643292710185051
46 0.02348189987242222
47 0.040221426635980606
48 0.04706556722521782
49 0.04626178368926048
50 0.044559136033058167
51 0.0025325780734419823
52 0.008753999136388302
53 0.11290168762207031
54 0.051285117864608765
55 0.05615951493382454
56 0.016907548531889915
57 0.002790587954223156
58 0.044084589928388596
59 0.0773715078830719
60 0.009875197894871235
61 0.003651836421340704
62 0.0027765335980802774
63 0.002410236047580838
64 0.01771489903330803
65 0.08721445500850677
66 0.015452283434569836
67 0.027261879295110703
68 0.018533702939748764
69 0.1269717961549759
70 0.00888137985020876
71 0.013304026797413826
72 0.0018498162971809506
73 0.007083781994879246
74 0.0022353744134306908
75 0.0022496352903544903
76 0.044285163283348083
77 0.16894620656967163
78 0.00167935062199831
79 0.006527632474899292
80 0.0027264298405498266
81 0.0018277786439284682
82 0.003148213727399707
83 0.001959501765668392
84 0.0016091958386823535
85 0.008408083580434322
86 0.002817058004438877
87 0.004764522425830364
88 0.10134308785200119
89 0.027659328654408455
90 0.018278606235980988
91 0.006661844439804554
92 0.006062330678105354
93 0.005319415591657162
94 0.0027111321687698364
95 0.005714836996048689
96 0.0026878209318965673
97 0.003924614749848843
98 0.001965174451470375
99 0.04610651358962059
100 0.031885094940662384
101 0.07172685861587524
102 0.1096341609954834
103 0.00629732059314847
104 0.0015096249990165234
105 0.018689671531319618
106 0.0008642486063763499
107 0.00320817856118083
108 0.01404145173728466
109 0.003982376307249069
110 0.02459545247256756
111 0.0060980552807450294
112 0.004100605845451355
113 0.008259948343038559
114 0.0031525627709925175
115 0.027240674942731857
116 0.14583240449428558
117 0.09983493387699127
118 0.12026023864746094
119 0.009628104977309704
120 0.0065908487886190414
121 0.020686335861682892
122 0.006170534994453192
123 0.02198009565472603
124 0.0018014278030022979
125 0.008521119132637978
126 0.03092345781624317
127 0.048977330327034
128 0.016603166237473488
129 0.0020889919251203537
130 0.0058750491589307785
131 0.025340892374515533
132 0.002085475716739893
133 0.009761781431734562
134 0.0017116419039666653
135 0.006550670601427555
136 0.1135360449552536
137 0.01727660745382309
138 0.040026672184467316
139 0.062153130769729614
140 0.0024270806461572647
141 0.08962711691856384
142 0.014887738972902298
143 0.0024389794562011957
144 0.0009188647964037955
145 0.01501225121319294
146 0.0013758412096649408
147 0.0010843249037861824
148 0.001971406629309058
149 0.13871882855892181
150 0.038262296468019485
151 0.0031321521382778883
152 0.0014389031566679478
153 0.0018915372202172875
154 0.0012329906458035111
155 0.0014109077164903283
156 0.0067653474397957325
157 0.008693227544426918
158 0.04901578649878502
159 0.0034198835492134094
160 0.0022715688683092594
161 0.0039963372983038425
162 0.0011978864204138517
163 0.003940141759812832
164 0.001283048652112484
165 0.010164648294448853
166 0.06885404884815216
167 0.04841437190771103
168 0.01150627713650465
169 0.005549982655793428
170 0.0035509688314050436
171 0.003399375593289733
172 0.0032283817417919636
173 0.0016158242942765355
174 0.02166791260242462
175 0.0034441209863871336
176 0.0018063165480270982
177 0.003567084902897477
178 0.0037837382405996323
179 0.0030603790655732155
180 0.001638354966416955
181 0.024419445544481277
182 0.003447003895416856
183 0.005549881141632795
184 0.019305959343910217
185 0.01681576482951641
186 0.016244249418377876
187 0.00498439185321331
188 0.0024797089863568544
189 0.001230859779752791
190 0.0007571139722131193
191 0.0011082562850788236
192 0.000940188649110496
193 0.0038930014707148075
194 0.007445362862199545
195 0.0013593912590295076
196 0.0008200988522730768
197 0.0010762660531327128
198 0.0022815014235675335
199 0.010910095646977425
200 0.031012844294309616
201 0.0013009404065087438
202 0.0029625725001096725
203 0.00464154127985239
204 0.020248720422387123
205 0.004076029639691114
206 0.048892825841903687
207 0.25612372159957886
208 0.01708992011845112
209 0.002233747625723481
210 0.000557954772375524
211 0.001769829774275422
212 0.000754856038838625
213 0.0006188623956404626
214 0.0008617863059043884
215 0.0087528545409441
216 0.002710234373807907
217 0.0005797178018838167
218 0.014891572296619415
219 0.0136939762160182
220 0.0011418696958571672
221 0.013597982004284859
222 0.005401160102337599
223 0.002906559035181999
224 0.058319851756095886
225 0.024853315204381943
226 0.08302462100982666
227 0.00215492257848382
228 0.0019245271105319262
229 0.020019778981804848
230 0.00024260117788799107
231 0.00043505022767931223
232 0.023626934736967087
233 0.015825148671865463
234 0.0009490700322203338
235 0.000537848100066185
236 0.014519032090902328
237 0.01920274645090103
238 0.09616722911596298
239 0.011112010106444359
240 0.0028362362645566463
241 0.001033500418998301
242 0.006554330699145794
243 0.004470366518944502
244 0.0015513206599280238
245 0.004197627771645784
246 0.012519750744104385
247 0.008670624345541
248 0.001650623744353652
249 0.006520069669932127
250 0.019511938095092773
251 0.005073164124041796
252 0.0012988393427804112
253 0.0036246830131858587
254 0.004032298922538757
255 0.01854078099131584
256 0.004045582842081785
257 0.30123281478881836
258 0.024688880890607834
259 0.013088404200971127
260 0.0015867688925936818
261 0.0012570553226396441
262 0.0005321074277162552
263 0.0015252766897901893
264 0.001224784879013896
265 0.0006915862904861569
266 0.00023741125187370926
267 0.0007789150113239884
268 0.0009204509551636875
269 0.0014198024291545153
270 0.0015432233922183514
271 0.00022222033294383436
272 0.001159349107183516
273 0.0005610808148048818
274 0.0016027370002120733
275 0.0003934818087145686
276 0.0019405189668759704
277 0.04680851474404335
278 0.0016032591229304671
279 0.0026568968314677477
280 0.015146329067647457
281 0.0010660396656021476
282 0.006925709079951048
283 0.031062480062246323
284 0.09320162981748581
285 0.021953251212835312
286 0.001921274932101369
287 0.006414341274648905
288 0.0013600862585008144
289 0.0011410457082092762
290 0.0007019551121629775
291 0.00017749436665326357
292 0.0007612440967932343
293 0.0003535413125064224
294 0.0003717313811648637
295 0.0006490624509751797
296 0.0003139122563879937
297 0.0009182155481539667
298 0.0012352921767160296
299 0.005271770525723696
300 0.02913612127304077
301 0.006427571643143892
302 0.0020398239139467478
303 0.019639920443296432
304 0.033997874706983566
305 0.007321155164390802
306 0.0019513411680236459
307 0.0010801282478496432
308 0.003579867072403431
309 0.004843868315219879
310 0.0012616281164810061
311 0.0007195082725957036
312 0.0028244671411812305
313 0.008669131435453892
314 0.007109036669135094
315 0.05059145763516426
316 0.013872378505766392
317 0.002845024922862649
318 0.008042904548346996
319 0.005382711999118328
320 0.0022504827938973904
321 0.05881264805793762
322 0.004391014110296965
323 0.0027510798536241055
324 0.03357011824846268
325 0.010371479205787182
326 0.004084759391844273
327 0.014996591955423355
328 0.0006125586223788559
329 0.08392322063446045
330 0.03904519975185394
331 0.06748306751251221
332 0.019722914323210716
333 0.04652860760688782
334 0.02331271767616272
335 0.004349707625806332
336 0.012800768949091434
337 0.006821264512836933
338 0.0018548101652413607
339 0.003512208117172122
340 0.006770598702132702
341 0.0004058897611685097
342 0.0015979297459125519
343 0.0014696267899125814
344 0.00011932631605304778
345 0.0004971807939000428
346 0.0066982414573431015
347 0.0003150704433210194
348 0.009894140996038914
349 0.0005230456590652466
350 0.0005723157082684338
351 0.003721882589161396
352 0.031105926260352135
353 0.000766904791817069
354 0.0011511411285027862
355 0.04303625226020813
356 0.0035076511558145285
357 0.06547454744577408
358 0.00158670824021101
359 0.003511773655191064
360 0.0010109078139066696
361 0.0019410515669733286
362 0.00018916632689069957
363 0.025485005229711533
364 0.009145212359726429
365 0.010710388422012329
366 3.9214894771575928
367 0.24734319746494293
368 0.5373496413230896
369 0.05608048290014267
370 0.019028985872864723
371 0.016731541603803635
372 0.015747781842947006
373 0.006245158612728119
374 0.002592263510450721
375 0.005960974842309952
376 0.005671604536473751
377 0.004422151017934084
378 0.0009700806112959981
379 0.0014855825575068593
380 0.003479043487459421
381 0.0011631357483565807
382 0.012061221525073051
383 0.0005498926038853824
384 0.0013486562529578805
385 0.0033079176209867
386 0.001415494829416275
387 0.0013927428517490625
388 0.0006326641305349767
389 0.00039475091034546494
390 0.0006307823350653052
391 0.00038044567918404937
392 0.0011889275629073381
393 0.00025315204402431846
394 0.00024341934476979077
395 0.0009079488227143884
396 0.0003571583074517548
397 0.0003116469888482243
398 0.0003929163794964552
399 0.00021360002574510872
400 0.00031598698114976287
401 0.0001592236221767962
402 0.00024432630743831396
403 0.0003346516168676317
404 0.00017145057790912688
405 0.00010273311636410654
406 0.00025488220853731036
407 0.00030127144418656826
408 0.00034397721174173057
409 0.00011505144357215613
410 0.0005162026500329375
411 0.0003573177382349968
412 0.00023183603479992598
413 0.00029776571318507195
414 0.0005060287076048553
415 0.0004300373257137835
416 0.00014616429689340293
417 0.00022478814935311675
418 0.0004028846451546997
419 0.0008991238428279757
420 0.0004041274660266936
421 0.0003915806591976434
422 0.0003841071738861501
423 0.00011849146540043876
424 0.00019639136735349894
425 0.0003184021625202149
426 0.00021253409795463085
427 0.0006091052782721817
428 0.00038658801349811256
429 0.0008163822931237519
430 0.002121679950505495
431 0.0018966986099258065
432 0.0026809200644493103
433 0.0024328751023858786
434 0.011014148592948914
435 0.004488314501941204
436 0.0006566066294908524
437 0.00046899972949177027
438 0.00037429144140332937
439 0.0003775785444304347
440 0.005441044922918081
441 0.03817696124315262
442 0.010236667469143867
443 0.00834706611931324
444 0.0026749377138912678
445 0.007880421355366707
446 0.004663683008402586
447 0.001507543958723545
448 0.0043300180695950985
449 0.001589511870406568
450 0.0011309903347864747
451 0.011825086548924446
452 0.008099676109850407
453 0.01023524347692728
454 0.0036043559666723013
455 0.003567142877727747
456 0.014163458719849586
457 0.010056848637759686
458 0.019197292625904083
459 0.0323680154979229
460 0.06381997466087341
461 0.023760471493005753
462 0.0699293240904808
463 0.05402597039937973
464 0.06795608252286911
465 0.008640343323349953
466 0.009979574009776115
467 0.00505193043500185
468 0.0025133220478892326
469 0.0012102944310754538
470 0.0005689740064553916
471 0.00042652792762964964
472 0.00039186011417768896
473 0.0011011614697054029
474 0.0003572366840671748
475 0.0008278609020635486
476 0.00043127010576426983
477 0.0025981897488236427
478 0.001024186029098928
479 0.0008970259223133326
480 0.0006498827715404332
481 0.001235860283486545
482 0.004963818471878767
483 0.002153927693143487
484 0.0009302321705035865
485 0.1433791220188141
486 0.04954168200492859
487 0.031058546155691147
488 0.010548650287091732
489 0.009020419791340828
490 0.0045849233865737915
491 0.0022979367058724165
492 0.0009487822535447776
493 0.0066988212056458
494 0.0004606120055541396
495 0.0005184642504900694
496 0.0023210023064166307
497 0.004768076352775097
498 0.016036901623010635
499 0.01923661306500435
500 0.11302226036787033
501 0.038968682289123535
502 0.007832568138837814
503 0.0030866225715726614
504 0.0014947268646210432
505 0.025087393820285797
506 0.050151336938142776
507 0.0040823910385370255
508 0.004803906194865704
509 0.00313320429995656
510 0.008574731647968292
511 0.0005125761381350458
512 0.0074380021542310715
513 0.004739666823297739
514 0.024663960561156273
515 0.015210187062621117
516 0.004792361985892057
517 0.02289286069571972
518 0.0077766356989741325
519 0.015951866284012794
520 0.007101769559085369
521 0.034552522003650665
522 0.010037369094789028
523 0.0027568419463932514
524 0.008002851158380508
525 0.061893727630376816
526 0.017351703718304634
527 0.07903014123439789
528 0.09716237336397171
529 0.005306053441017866
530 0.06401412934064865
531 0.023273132741451263
532 0.005244939588010311
533 0.011308074928820133
534 0.009896806441247463
535 0.005414004437625408
536 0.005589029286056757
537 0.002360213315114379
538 0.0005099306581541896
539 0.0013992771273478866
540 0.0011014261981472373
541 0.0002838359505403787
542 0.0017870075535029173
543 0.012586504220962524
544 0.01110568456351757
545 0.05222111567854881
546 0.03848038986325264
547 0.040003009140491486
548 0.006107247434556484
549 0.054574694484472275
550 0.018681198358535767
551 0.01829480566084385
552 0.0028698835521936417
553 0.00774062005802989
554 0.006526470649987459
555 0.008825790137052536
556 0.020574964582920074
557 0.0650409683585167
558 0.045397043228149414
559 0.006571230012923479
560 0.032933689653873444
561 0.01047692634165287
562 0.00988323800265789
563 0.014378788881003857
564 0.023010097444057465
565 0.023750336840748787
566 0.004076984245330095
567 0.004603003151714802
568 0.004856622777879238
569 0.007763875648379326
570 0.001238346565514803
571 0.03476021811366081
572 0.005471894517540932
573 0.004813082050532103
574 0.0024416111409664154
575 0.0025706568267196417
576 0.0019751442596316338
577 0.008963758125901222
578 0.0008995099342428148
579 0.010299444198608398
580 0.0834202989935875
581 0.03265368193387985
582 0.00801945012062788
583 0.04638736695051193
584 0.15253940224647522
585 0.4149421453475952
586 0.3231879770755768
587 0.47467929124832153
588 0.08237908780574799
589 0.004356848541647196
590 0.010160056874155998
591 0.0016777592245489359
592 0.004102453123778105
593 0.003164613386616111
594 0.0037379986606538296
595 0.0015666561666876078
596 0.0008097586687654257
597 0.0002813760656863451
598 0.00018804322462528944
599 0.0002284496440552175
600 0.00042332810699008405
601 0.00021627508976962417
602 0.0010574114276096225
603 0.0007332534296438098
604 0.00029266937053762376
605 0.0002758112095762044
606 0.0003774403012357652
607 0.0001883278164314106
608 0.0029981625266373158
609 0.0013436138397082686
610 0.0008991163922473788
611 0.0007692373474128544
612 9.874113311525434e-05
613 0.0004031303687952459
614 0.0006589346448890865
615 0.004684295039623976
616 0.01154453307390213
617 0.07436925172805786
618 0.013112425804138184
619 0.006437457166612148
620 0.003834222909063101
621 0.0008017350919544697
622 0.0007067283731885254
623 0.0005336555186659098
624 0.0009847186738625169
625 0.001097968895919621
626 0.0025523840449750423
627 0.00443949643522501
628 0.012870462611317635
629 0.0035134784411638975
630 0.10456325858831406
631 0.36414051055908203
632 0.5185856223106384
633 0.08290074020624161
634 0.0034191785380244255
635 0.0024569991510361433
636 0.003732738085091114
637 0.0017306506633758545
638 0.0005724384682253003
639 0.0003700216766446829
640 0.0014263675548136234
641 0.00026976162916980684
642 0.00013885024236515164
643 0.00020766504167113453
644 0.000613657757639885
645 0.0002467274898663163
646 0.00044489375432021916
647 0.00029156001983210444
648 0.0005240435712039471
649 0.0009160624467767775
650 0.00035987820592708886
651 0.00015381525736302137
652 0.000345407344866544
653 0.00032588941394351423
654 0.004518746864050627
655 0.009306203573942184
656 0.05890403687953949
657 0.00461228983476758
658 0.0014562216820195317
659 0.0011648398358374834
660 0.004072326235473156
661 0.002856276696547866
662 0.0009345600847154856
663 0.002057431498542428
664 0.0013941779034212232
665 0.0012094981502741575
666 0.0015121898613870144
667 0.0004884763620793819
668 0.0008708865498192608
669 0.0003136309387627989
670 0.0003308282175567001
671 0.001449444331228733
672 0.0006567670498043299
673 0.0018959833541885018
674 0.015553269535303116
675 0.0022973280865699053
676 0.0004925925750285387
677 0.0013709370978176594
678 0.0010241728741675615
679 0.006601356901228428
680 0.07563729584217072
681 0.11915867775678635
682 0.03498926758766174
683 0.0026431961450725794
684 0.004408593289554119
685 0.0008534755324944854
686 0.0003765611327253282
687 0.0007397884619422257
688 0.0012001377763226628
689 0.0009357706876471639
690 0.0026072096079587936
691 0.0015769700985401869
692 0.010973015800118446
693 0.06354787200689316
694 0.004319400992244482
695 0.04752883315086365
696 0.04509371519088745
697 0.025816110894083977
698 0.010722942650318146
699 0.008221643045544624
700 0.0026286146603524685
701 0.021399494260549545
702 0.05156651884317398
703 0.025405505672097206
704 0.009992996230721474
705 0.0019453010754659772
706 0.002676112111657858
707 0.003301425836980343
708 0.10073140263557434
709 0.007770413998514414
710 0.03130779415369034
711 0.0016030598198994994
712 0.002336926059797406
713 0.003645168151706457
714 0.003995421342551708
715 0.014278757385909557
716 0.04972448945045471
717 0.05988873168826103
718 0.007866539992392063
719 0.011294743977487087
720 0.026207830756902695
721 0.017619341611862183
722 0.01802833564579487
723 0.25506532192230225
724 1.966149091720581
725 0.2833900451660156
726 0.24247696995735168
727 0.10575912147760391
728 0.010261270217597485
729 0.016393862664699554
730 0.0195150263607502
731 0.004319642670452595
732 0.009704351425170898
733 0.021237358450889587
734 0.010346158407628536
735 0.005858009681105614
736 0.003975300118327141
737 0.003880423726513982
738 0.0030670417472720146
739 0.007148857228457928
740 0.0046127717941999435
741 0.01199845876544714
742 0.0019140670774504542
743 0.0004225857264827937
744 0.001956008607521653
745 0.0007645261939615011
746 0.003683291142806411
747 0.0035670504439622164
748 0.0013763963943347335
749 0.0014227275969460607
750 0.0013655655784532428
751 0.0004573982732836157
752 0.000912877731025219
753 0.00247641047462821
754 0.0009009452187456191
755 0.0011996760731562972
756 0.0005914348876103759
757 0.0011864288244396448
758 0.0007210714393295348
759 0.0009981156326830387
760 0.00023134230286814272
761 0.003004535101354122
762 0.0016088740667328238
763 0.002050369279459119
764 0.002506243297830224
765 0.0009468538919463754
766 0.005212639458477497
767 0.002891652286052704
768 0.0007490232237614691
769 0.0005927482270635664
770 0.000780549191404134
771 0.002341450657695532
772 0.002323777647688985
773 0.0006474800175055861
774 0.0025593664031475782
775 0.005822463426738977
776 0.009818450547754765
777 0.019355351105332375
778 0.0007571351598016918
779 0.02009195275604725
780 0.009718233719468117
781 0.002766088116914034
782 0.010092509910464287
783 0.02896202728152275
784 0.019419191405177116
785 0.0028045608196407557
786 0.06049618870019913
787 0.04523409903049469
788 0.021670080721378326
789 0.0040848092176020145
790 0.009705739095807076
791 0.03596127778291702
792 0.011313983239233494
793 0.022159172222018242
794 0.06591964513063431
795 0.09068862348794937
796 0.012774195522069931
797 0.021065860986709595
798 0.010627244599163532
799 0.010974885895848274
800 0.012983131222426891
801 0.002597482642158866
802 0.005079284310340881
803 0.014032287523150444
804 0.02879083901643753
805 0.00494071189314127
806 0.017600690945982933
807 0.01894250512123108
808 0.06064184382557869
809 0.005749013740569353
810 0.000832703139167279
811 0.005155350547283888
812 0.0028464184142649174
813 0.01156168058514595
814 0.01308407448232174
815 0.011164452880620956
816 0.026971453800797462
817 0.00019898530445061624
818 0.025265082716941833
819 0.004886413924396038
820 0.04771385341882706
821 0.07484949380159378
822 0.020608093589544296
823 0.016873452812433243
824 0.004410177934914827
825 0.00517340237274766
826 0.011147364042699337
827 0.0010268158512189984
828 0.003818020923063159
829 0.03831253573298454
830 0.006897971965372562
831 0.004201685544103384
832 0.018425501883029938
833 0.1015663594007492
834 0.029159728437662125
835 0.0013157983776181936
836 0.044507548213005066
837 0.0026362063363194466
838 0.002362986793741584
839 0.006795796565711498
840 0.010282639414072037
841 0.09745119512081146
842 0.024659879505634308
843 0.09601789712905884
844 0.012796808034181595
845 0.01570003293454647
846 0.005931651685386896
847 0.01458327379077673
848 0.07064656168222427
849 0.07128963619470596
850 0.20266376435756683
851 0.016092587262392044
852 0.019432786852121353
853 0.009373033419251442
854 0.01428945828229189
855 0.1396375447511673
856 0.04473704844713211
857 0.017078619450330734
858 0.015557029284536839
859 0.003984344191849232
860 0.012808989733457565
861 0.01283736526966095
862 0.019244227558374405
863 0.0012809147592633963
864 0.0009108814992941916
865 0.017477774992585182
866 0.0711471438407898
867 0.005294582340866327
868 0.05211774259805679
869 0.005591513589024544
870 0.008713346906006336
871 0.007567377761006355
872 0.002382762962952256
873 0.0012344218557700515
874 0.0022031539119780064
875 0.002622436499223113
876 0.00034550062264315784
877 0.006642699707299471
878 0.03575288876891136
879 0.004672790877521038
880 0.005058369133621454
881 0.13230270147323608
882 0.045186847448349
883 0.0020326594822108746
884 0.0016625287244096398
885 0.0014244806952774525
886 0.0004844782524742186
887 0.000521751178894192
888 0.0046978541649878025
889 0.0011643727775663137
890 0.0011108333710581064
891 0.0012657488696277142
892 0.044068753719329834
893 0.08479767292737961
894 0.010838295333087444
895 0.0025037634186446667
896 0.0026866744738072157
897 0.012007120065391064
898 0.007635760121047497
899 0.004734326619654894
900 0.0013037407770752907
901 0.061159417033195496
902 0.08675658702850342
903 0.09117141366004944
904 0.009208954870700836
905 0.0016987371491268277
906 0.0063667804934084415
907 0.0037221950478851795
908 0.00907624326646328
909 0.0028191721066832542
910 0.019140640273690224
911 0.027484772726893425
912 0.017359789460897446
913 0.05213049799203873
914 0.09419264644384384
915 0.018888240680098534
916 0.005121681839227676
917 0.005603508558124304
918 0.010854020714759827
919 0.006732248701155186
920 0.005182362627238035
921 0.0018104496411979198
922 0.00397952925413847
923 0.0029741611797362566
924 0.0011501351837068796
925 0.000909958966076374
926 0.03882535547018051
927 0.030280381441116333
928 0.04579011723399162
929 0.4152980148792267
930 0.2609894871711731
931 0.060935333371162415
932 0.03117373026907444
933 0.010784643702208996
934 0.004688191693276167
935 0.0024014629889279604
936 0.003433750942349434
937 0.003293770831078291
938 0.010916374623775482
939 0.002799173817038536
940 0.0008049150928854942
941 0.001217829529196024
942 0.0011234962148591876
943 0.000736677146051079
944 8.955763041740283e-05
945 0.001254438073374331
946 0.01031520590186119
947 0.0016328510828316212
948 0.0006370691698975861
949 0.0027963812462985516
950 0.002215210348367691
951 0.0013466492528095841
952 0.0007709875935688615
953 0.0003241110243834555
954 0.0023665830958634615
955 0.036624208092689514
956 0.02754187397658825
957 0.0061638737097382545
958 0.06514260172843933
959 0.03318949416279793
960 0.027716699987649918
961 0.00796886533498764
962 0.03360641002655029
963 0.00826861523091793
964 0.012593457475304604
965 0.07466526329517365
966 0.02904464490711689
967 0.0891072228550911
968 0.030876589938998222
969 0.020879404619336128
970 0.01281939446926117
971 0.0013224126305431128
972 0.0012650300050154328
973 0.0018294502515345812
974 0.003194902092218399
975 0.0012473278911784291
976 0.004503859207034111
977 0.002287056762725115
978 0.0014603949384763837
979 0.0007842961349524558
980 0.003933358006179333
981 0.00041861695353873074
982 0.001496136304922402
983 0.0027890100609511137
984 0.0007152518373914063
985 0.0027282885275781155
986 0.0007158620283007622
987 0.00013292650692164898
988 0.0009630045387893915
989 0.0011807273840531707
990 0.0033920977730304003
991 0.017905689775943756
992 0.00547728780657053
993 0.004796107765287161
994 0.005546661093831062
995 0.009701460599899292
996 0.019298261031508446
997 0.012323211878538132
998 0.0029947059229016304
999 0.03492797911167145
