0 7.133206844329834
1 6.458600044250488
2 3.401109457015991
3 2.0914576053619385
4 1.3375577926635742
5 1.2131372690200806
6 0.8456735610961914
7 0.7149957418441772
8 0.6054437160491943
9 0.33698761463165283
10 0.3659217357635498
11 0.23623421788215637
12 0.1553572118282318
13 0.13339544832706451
14 0.14499931037425995
15 0.07199475169181824
16 0.06961558759212494
17 0.06270860880613327
18 0.04653124511241913
19 0.03400237485766411
20 0.03643940016627312
21 0.039908163249492645
22 0.03569845110177994
23 0.02577403001487255
24 0.027020838111639023
25 0.03012382984161377
26 0.027057865634560585
27 0.022674208506941795
28 0.02760646864771843
29 0.03495415300130844
30 0.02452963776886463
31 0.020208746194839478
32 0.026816174387931824
33 0.026480766013264656
34 0.023636305704712868
35 0.02097463235259056
36 0.025441398844122887
37 0.0258331336081028
38 0.029445596039295197
39 0.020558185875415802
40 0.022386953234672546
41 0.024447595700621605
42 0.02961978316307068
43 0.02202216163277626
44 0.023169688880443573
45 0.018987886607646942
46 0.01834685727953911
47 0.022930899634957314
48 0.02007906511425972
49 0.01762973889708519
50 0.01588285341858864
51 0.01935969851911068
52 0.016816774383187294
53 0.01983422040939331
54 0.017808832228183746
55 0.017150629311800003
56 0.018510913476347923
57 0.018466662615537643
58 0.012775036506354809
59 0.014066653326153755
60 0.017381766811013222
61 0.017629079520702362
62 0.020123425871133804
63 0.015384306199848652
64 0.015745515003800392
65 0.014202158898115158
66 0.017508085817098618
67 0.017699770629405975
68 0.015242510475218296
69 0.012571542523801327
70 0.00955868512392044
71 0.011422106996178627
72 0.009603675454854965
73 0.009238137863576412
74 0.009242507629096508
75 0.009132694453001022
76 0.011545995250344276
77 0.011012735776603222
78 0.011207540519535542
79 0.009832928888499737
80 0.009703399613499641
81 0.0060030147433280945
82 0.011820714920759201
83 0.008742980659008026
84 0.008378034457564354
85 0.010382797569036484
86 0.008558940142393112
87 0.0077777402475476265
88 0.009162352420389652
89 0.006707042455673218
90 0.005905747413635254
91 0.005234534852206707
92 0.008207160979509354
93 0.006523094605654478
94 0.005003152880817652
95 0.008024292066693306
96 0.007001979276537895
97 0.005176665261387825
98 0.006834390107542276
99 0.006599580403417349
100 0.006350706797093153
101 0.005650744773447514
102 0.006087255664169788
103 0.004953945055603981
104 0.005691861268132925
105 0.0033508893102407455
106 0.004640316125005484
107 0.005117038264870644
108 0.01188590656965971
109 0.003470352850854397
110 0.003645088989287615
111 0.005497483070939779
112 0.005020954646170139
113 0.005636617075651884
114 0.0027128441724926233
115 0.004399820696562529
116 0.006113375071436167
117 0.0032221004366874695
118 0.00336003047414124
119 0.0038289723452180624
120 0.0036031834315508604
121 0.003253682516515255
122 0.003915959969162941
123 0.008117454126477242
124 0.0025717183016240597
125 0.005289201159030199
126 0.0024717377964407206
127 0.0040346006862819195
128 0.005040090996772051
129 0.005890550557523966
130 0.0034407100174576044
131 0.0032217754051089287
132 0.001871477230452001
133 0.00222835224121809
134 0.002625303342938423
135 0.0030440883710980415
136 0.0027919753920286894
137 0.004255164880305529
138 0.0023472777102142572
139 0.002031377051025629
140 0.0021600546315312386
141 0.0016411165706813335
142 0.006894929800182581
143 0.0027697081677615643
144 0.004678316880017519
145 0.0021744314581155777
146 0.0019079166231676936
147 0.006777709349989891
148 0.0015082439640536904
149 0.0015801157569512725
150 0.002020169049501419
151 0.002034937497228384
152 0.0024080348666757345
153 0.002813775325194001
154 0.0048141577281057835
155 0.0028373408131301403
156 0.0017867505084723234
157 0.007135700434446335
158 0.0023834204766899347
159 0.006327745039016008
160 0.010714907199144363
161 0.004115941934287548
162 0.0031809110660105944
163 0.0023153771180659533
164 0.004204400349408388
165 0.004672728478908539
166 0.0031719075050204992
167 0.0026921473909169436
168 0.007433538790792227
169 0.002045714994892478
170 0.0013506322866305709
171 0.0030713407322764397
172 0.001502768020145595
173 0.005834108684211969
174 0.002133329166099429
175 0.001187679823487997
176 0.004103697836399078
177 0.0030865275766700506
178 0.004827921278774738
179 0.0018257610499858856
180 0.004561122972518206
181 0.0029539160896092653
182 0.0015854183584451675
183 0.007752120494842529
184 0.007676576729863882
185 0.0014781926292926073
186 0.002355008851736784
187 0.0036475290544331074
188 0.0015708093997091055
189 0.01120773982256651
190 0.004829963203519583
191 0.001999904867261648
192 0.002232833532616496
193 0.01980169489979744
194 0.0021606620866805315
195 0.002753883134573698
196 0.001354024512693286
197 0.0012187388492748141
198 0.007279852870851755
199 0.0015278991777449846
200 0.007374804932624102
201 0.0011362896766513586
202 0.001289268140681088
203 0.004140323959290981
204 0.007028494030237198
205 0.002373205730691552
206 0.0008482135599479079
207 0.004629874601960182
208 0.0017837437335401773
209 0.004104438237845898
210 0.0019636552315205336
211 0.0021167758386582136
212 0.0018174124415963888
213 0.0012967446818947792
214 0.002569205593317747
215 0.0027465038001537323
216 0.001270173816010356
217 0.0020416395273059607
218 0.0024665850214660168
219 0.00247568660415709
220 0.02949593961238861
221 0.004102285485714674
222 0.0009420474525541067
223 0.005790691822767258
224 0.0023192449007183313
225 0.0011801980435848236
226 0.003955869469791651
227 0.0019695193041116
228 0.0011433957843109965
229 0.003324485383927822
230 0.0038254570681601763
231 0.002090788446366787
232 0.015365654602646828
233 0.003513964591547847
234 0.0014368349220603704
235 0.002437522169202566
236 0.003147958545014262
237 0.002033876720815897
238 0.0016638929955661297
239 0.0036730957217514515
240 0.0008187475032173097
241 0.0016500644851475954
242 0.004469594918191433
243 0.004195117391645908
244 0.0012690384173765779
245 0.0022635392379015684
246 0.0011744132498279214
247 0.0021909791976213455
248 0.004433844704180956
249 0.011661015450954437
250 0.0015689617721363902
251 0.0016316924011334777
252 0.0050477986223995686
253 0.00774584012106061
254 0.005336841102689505
255 0.010155304335057735
256 0.00179045379627496
257 0.0014306262601166964
258 0.0036370710004121065
259 0.0021060737781226635
260 0.0015866677276790142
261 0.013822865672409534
262 0.007145772222429514
263 0.010004989802837372
264 0.004665051121264696
265 0.0010429585818201303
266 0.0025201397947967052
267 0.0037902402691543102
268 0.0013079034397378564
269 0.0035354443825781345
270 0.0010066531831398606
271 0.0008811762672849
272 0.0014358091866597533
273 0.0022566616535186768
274 0.0022394992411136627
275 0.003410989185795188
276 0.015117338858544827
277 0.0011619017459452152
278 0.0017459597438573837
279 0.0023993859067559242
280 0.0014150472125038505
281 0.001647804630920291
282 0.006398752797394991
283 0.0009688434074632823
284 0.002119832905009389
285 0.0060731517150998116
286 0.0022432340774685144
287 0.00506060803309083
288 0.002932668663561344
289 0.0007755794213153422
290 0.0017800966743379831
291 0.0012935253325849771
292 0.0014945679577067494
293 0.0022427276708185673
294 0.001796938944607973
295 0.0024820761755108833
296 0.002573940670117736
297 0.0016544065438210964
298 0.001737837796099484
299 0.0009089447557926178
300 0.003088360419496894
301 0.00266628316603601
302 0.0015764562413096428
303 0.006540550384670496
304 0.0010157887591049075
305 0.0018173708813264966
306 0.0019642505794763565
307 0.004271021578460932
308 0.011708942241966724
309 0.002252202248200774
310 0.009790409356355667
311 0.0018717612838372588
312 0.0009824710432440042
313 0.007101507391780615
314 0.009218940511345863
315 0.002323615364730358
316 0.00109903234988451
317 0.0013587018474936485
318 0.0020620187278836966
319 0.008036263287067413
320 0.007250456605106592
321 0.0019082006765529513
322 0.0025424626655876637
323 0.0007524681859649718
324 0.002284436486661434
325 0.0019183014519512653
326 0.00555630587041378
327 0.0011135005624964833
328 0.002974603557959199
329 0.0051600332371890545
330 0.010802430100739002
331 0.000947120483033359
332 0.002942386083304882
333 0.002623478416353464
334 0.0009622786310501397
335 0.004196668043732643
336 0.0023500414099544287
337 0.0033908667974174023
338 0.0006283214315772057
339 0.004977287724614143
340 0.0015068576904013753
341 0.003617486683651805
342 0.004614259582012892
343 0.012415573000907898
344 0.001200915896333754
345 0.01320168562233448
346 0.0008865554700605571
347 0.0008988811168819666
348 0.0019942387007176876
349 0.0008926562150008976
350 0.0012785259168595076
351 0.0010680084815248847
352 0.0014138718834146857
353 0.003370844293385744
354 0.0030904582235962152
355 0.0016231690533459187
356 0.002126712817698717
357 0.0026071055326610804
358 0.00363786518573761
359 0.012485204264521599
360 0.0007986833807080984
361 0.0016457329038530588
362 0.0016772551462054253
363 0.0034579909406602383
364 0.010519197210669518
365 0.006813438143581152
366 0.0013507527764886618
367 0.0013998141512274742
368 0.008137534372508526
369 0.005869555287063122
370 0.0015648393891751766
371 0.0012521391035988927
372 0.00318960752338171
373 0.0007333311950787902
374 0.0007505966350436211
375 0.0011519747786223888
376 0.010548733174800873
377 0.00409312779083848
378 0.0060401433147490025
379 0.0023409079294651747
380 0.000835895596537739
381 0.00158714409917593
382 0.006912444718182087
383 0.0023338929750025272
384 0.000947645166888833
385 0.0018694655736908317
386 0.0015741793904453516
387 0.001798468641936779
388 0.00242442823946476
389 0.00780458003282547
390 0.0010069061536341906
391 0.002079588361084461
392 0.004573934245854616
393 0.0007391483522951603
394 0.00272364285774529
395 0.013569891452789307
396 0.0018015323439612985
397 0.002401182195171714
398 0.013433296233415604
399 0.0014836516929790378
400 0.000899437814950943
401 0.0024365142453461885
402 0.0025201912503689528
403 0.0006011996301822364
404 0.0015225315000861883
405 0.0014295196160674095
406 0.0015637928154319525
407 0.0028720987029373646
408 0.0021004308946430683
409 0.0029227447230368853
410 0.0066896541975438595
411 0.00221531605347991
412 0.0019403062760829926
413 0.0037315848749130964
414 0.0007123278337530792
415 0.002306744223460555
416 0.003371933940798044
417 0.0037544267252087593
418 0.0010993288597092032
419 0.0012408372713252902
420 0.0011970719788223505
421 0.0049897609278559685
422 0.0015097565483301878
423 0.0015535673592239618
424 0.0011805976973846555
425 0.002676302334293723
426 0.0012478241696953773
427 0.0038565821014344692
428 0.001356553635559976
429 0.002737770788371563
430 0.00798471923917532
431 0.0016858549788594246
432 0.0011949269101023674
433 0.002241547917947173
434 0.007515837904065847
435 0.0053390031680464745
436 0.0013387711951509118
437 0.0007053276058286428
438 0.000987993087619543
439 0.0008639817242510617
440 0.004261360969394445
441 0.007793724536895752
442 0.001027352293021977
443 0.0016298750415444374
444 0.0011144998716190457
445 0.004639613442122936
446 0.0014854933833703399
447 0.0047942702658474445
448 0.0009781664703041315
449 0.005593244917690754
450 0.0009338529198430479
451 0.0031009013764560223
452 0.0011752606369554996
453 0.0012605427764356136
454 0.000919288257136941
455 0.0025551971048116684
456 0.0031718281097710133
457 0.0008305410738103092
458 0.006667227018624544
459 0.0031047924421727657
460 0.00085107097402215
461 0.000999285141006112
462 0.008793599903583527
463 0.0009740152163431048
464 0.001089430064894259
465 0.0021702039521187544
466 0.002754105255007744
467 0.00229257857427001
468 0.008338180370628834
469 0.0016267377650365233
470 0.005659144371747971
471 0.0011662694159895182
472 0.003713778452947736
473 0.0031217585783451796
474 0.0027164581697434187
475 0.0011156592518091202
476 0.009982197545468807
477 0.0012547773076221347
478 0.000738177914172411
479 0.0006874699029140174
480 0.0023979071993380785
481 0.002331614727154374
482 0.0011826868867501616
483 0.001329696737229824
484 0.0012676013866439462
485 0.0017810293938964605
486 0.0007797738653607666
487 0.007351562846451998
488 0.003676842665299773
489 0.004229900427162647
490 0.003258914453908801
491 0.0007772867102175951
492 0.0035219304263591766
493 0.00192443304695189
494 0.006073470693081617
495 0.0004973381292074919
496 0.0036451483611017466
497 0.0014271092368289828
498 0.005220736376941204
499 0.0021079389844089746
