0 13.90341854095459
1 5.87186336517334
2 10.048501968383789
3 5.499148368835449
4 8.207530975341797
5 3.18446683883667
6 6.733816623687744
7 2.7430005073547363
8 1.6509406566619873
9 1.8907716274261475
10 2.5969345569610596
11 0.8588742613792419
12 1.1875195503234863
13 3.763033390045166
14 4.212791919708252
15 3.571928024291992
16 2.316531181335449
17 4.236924648284912
18 1.5227912664413452
19 3.948834180831909
20 3.7258288860321045
21 2.0730133056640625
22 2.508450746536255
23 2.9601962566375732
24 1.3105062246322632
25 2.031489849090576
26 2.9455251693725586
27 0.8576679229736328
28 1.6619913578033447
29 3.460214376449585
30 4.219416618347168
31 3.523289203643799
32 3.129796028137207
33 2.7296688556671143
34 3.381728172302246
35 1.7647712230682373
36 2.913611888885498
37 3.827704906463623
38 1.2930506467819214
39 0.9771233201026917
40 1.8504424095153809
41 1.4056092500686646
42 2.9705629348754883
43 3.6834781169891357
44 0.5729681253433228
45 1.039424180984497
46 2.1646006107330322
47 1.938849925994873
48 0.6828020215034485
49 2.3510541915893555
50 1.4329969882965088
51 3.3737640380859375
52 3.4325060844421387
53 1.6766910552978516
54 1.9309375286102295
55 2.2230629920959473
56 1.4608722925186157
57 2.5318796634674072
58 1.1196867227554321
59 2.8758068084716797
60 2.070084571838379
61 4.698728084564209
62 1.3189642429351807
63 2.6857333183288574
64 3.9663448333740234
65 2.9446494579315186
66 4.028494358062744
67 3.253173589706421
68 1.2918695211410522
69 1.8501068353652954
70 3.3089852333068848
71 1.777018666267395
72 2.5278115272521973
73 2.955016613006592
74 1.239827036857605
75 1.8257206678390503
76 1.6568222045898438
77 1.664859652519226
78 4.158956527709961
79 2.159029245376587
80 1.1774554252624512
81 2.5215048789978027
82 3.804152488708496
83 2.253558874130249
84 2.1380882263183594
85 2.9695334434509277
86 1.407966136932373
87 2.1087825298309326
88 1.4082391262054443
89 2.5016658306121826
90 2.3853864669799805
91 2.394824266433716
92 3.3143606185913086
93 4.5197978019714355
94 1.8062723875045776
95 2.307919979095459
96 1.1582046747207642
97 1.8135344982147217
98 1.5629230737686157
99 1.1481534242630005
100 2.3571512699127197
101 2.5572023391723633
102 2.2712135314941406
103 3.838691473007202
104 1.9082655906677246
105 1.2253506183624268
106 4.881816864013672
107 1.7889121770858765
108 1.6197072267532349
109 1.5907257795333862
110 1.0598520040512085
111 2.6836612224578857
112 5.023702621459961
113 1.95643150806427
114 2.896904706954956
115 1.231689453125
116 3.0929932594299316
117 2.9505412578582764
118 3.6176862716674805
119 3.043219804763794
120 3.737330675125122
121 2.265366315841675
122 0.9168563485145569
123 2.8682570457458496
124 4.946530818939209
125 2.060730218887329
126 2.5857112407684326
127 3.5022523403167725
128 1.8175469636917114
129 1.3418430089950562
130 2.209589958190918
131 1.7256255149841309
132 0.4204913377761841
133 1.905698299407959
134 2.1834757328033447
135 1.449156403541565
136 1.1470290422439575
137 1.4625096321105957
138 1.3128297328948975
139 1.1690119504928589
140 3.1470441818237305
141 1.8021551370620728
142 1.965832233428955
143 3.364741802215576
144 2.3065309524536133
145 3.1035144329071045
146 2.2151219844818115
147 0.9803754687309265
148 2.0086185932159424
149 1.6894662380218506
150 3.3097939491271973
151 3.081756353378296
152 1.9516472816467285
153 2.0056819915771484
154 3.0067214965820312
155 0.5725350379943848
156 1.7995996475219727
157 2.0458080768585205
158 2.149810791015625
159 2.095505952835083
160 2.5593953132629395
161 1.8237420320510864
162 0.35971587896347046
163 1.6507996320724487
164 1.3800855875015259
165 1.6124776601791382
166 0.6924936771392822
167 2.3311259746551514
168 1.1686733961105347
169 2.4925968647003174
170 0.9697268605232239
171 1.4769679307937622
172 1.3449617624282837
173 1.5153148174285889
174 1.474290370941162
175 1.5136141777038574
176 1.383583664894104
177 1.9605259895324707
178 0.841979444026947
179 1.9464153051376343
180 1.2134346961975098
181 2.6106698513031006
182 1.14072585105896
183 1.9638216495513916
184 1.8175925016403198
185 2.7129428386688232
186 2.638111114501953
187 1.9454454183578491
188 3.1090216636657715
189 0.6400831937789917
190 1.093338966369629
191 1.5185577869415283
192 0.8661321401596069
193 1.5781066417694092
194 1.7777528762817383
195 1.3154617547988892
196 2.2970845699310303
197 1.7034856081008911
198 0.8821517825126648
199 1.5404356718063354
200 0.5846264958381653
201 2.451592445373535
202 1.3591723442077637
203 2.1145224571228027
204 2.6093568801879883
205 1.5894498825073242
206 1.2344565391540527
207 1.6636329889297485
208 1.688729166984558
209 1.217392086982727
210 0.961001992225647
211 1.5430938005447388
212 1.1479088068008423
213 1.2100542783737183
214 1.8015378713607788
215 2.998669147491455
216 1.6116937398910522
217 1.214587926864624
218 1.1578505039215088
219 1.3975763320922852
220 1.5528912544250488
221 1.6361221075057983
222 1.9558755159378052
223 2.177824020385742
224 1.5209254026412964
225 0.7689993381500244
226 2.2949776649475098
227 1.8020035028457642
228 1.2612842321395874
229 2.0875747203826904
230 0.6768935322761536
231 1.314732551574707
232 2.112774610519409
233 1.0293259620666504
234 1.0971217155456543
235 1.5037400722503662
236 1.0439316034317017
237 1.2723760604858398
238 1.9647996425628662
239 2.410996675491333
240 1.509978175163269
241 1.5629006624221802
242 0.8572921752929688
243 1.071158766746521
244 3.0063157081604004
245 1.8985544443130493
246 1.4176273345947266
247 2.190000057220459
248 2.131265878677368
249 1.907089114189148
250 1.051021695137024
251 1.1670434474945068
252 1.2803553342819214
253 1.1127573251724243
254 1.283496379852295
255 2.152956008911133
256 1.9415919780731201
257 1.4162330627441406
258 2.331263303756714
259 1.0553696155548096
260 0.8611544966697693
261 1.580620527267456
262 1.860831618309021
263 1.601507306098938
264 1.3851282596588135
265 1.136022925376892
266 1.8761364221572876
267 1.1823002099990845
268 0.8655585646629333
269 1.549389362335205
270 0.33720338344573975
271 1.8941011428833008
272 1.3279211521148682
273 0.6768802404403687
274 1.5147324800491333
275 1.8550267219543457
276 1.5277315378189087
277 0.8041867613792419
278 1.0833747386932373
279 0.8893858790397644
280 0.6455841064453125
281 1.163301944732666
282 0.655597448348999
283 0.8032686710357666
284 0.3382956087589264
285 1.3511037826538086
286 0.6323124170303345
287 0.7157979607582092
288 1.4637939929962158
289 1.5679341554641724
290 1.4086600542068481
291 1.288548231124878
292 1.47788667678833
293 1.965181827545166
294 1.3969484567642212
295 1.0744709968566895
296 0.6546211838722229
297 0.9336339831352234
298 1.0545525550842285
299 0.8644328713417053
300 0.555470883846283
301 1.2672972679138184
302 1.4473947286605835
303 1.2393579483032227
304 1.2690296173095703
305 1.2399895191192627
306 0.7256019711494446
307 0.7694181203842163
308 1.10496187210083
309 0.9573059678077698
310 1.3107916116714478
311 1.1393529176712036
312 0.6097820401191711
313 1.1268748044967651
314 0.3790828585624695
315 0.7504134774208069
316 0.7659745812416077
317 0.8511191010475159
318 0.8982491493225098
319 1.0677958726882935
320 0.446344256401062
321 0.3637111485004425
322 0.9939225912094116
323 1.0391952991485596
324 1.0371605157852173
325 0.7167131900787354
326 0.7247715592384338
327 0.5308006405830383
328 0.6562461256980896
329 1.0037413835525513
330 0.6445363759994507
331 0.8227957487106323
332 0.8022050857543945
333 0.7556169033050537
334 0.6138358116149902
335 0.7700744867324829
336 0.5945768356323242
337 0.5843135714530945
338 0.6218365430831909
339 0.6942036747932434
340 0.39254483580589294
341 0.837471067905426
342 0.28660356998443604
343 0.3896981477737427
344 0.6802650690078735
345 0.689372181892395
346 0.4073045253753662
347 0.5607373714447021
348 0.3890911638736725
349 0.5150309205055237
350 0.46388956904411316
351 0.5803866386413574
352 0.47182992100715637
353 0.6010074019432068
354 0.5050410032272339
355 0.39196744561195374
356 0.35394707322120667
357 0.5517079830169678
358 0.6854336857795715
359 0.4812496304512024
360 0.5551156997680664
361 0.25556910037994385
362 0.5220874547958374
363 0.6144369840621948
364 0.4113337993621826
365 0.4943886399269104
366 0.5505975484848022
367 0.48321399092674255
368 0.40173888206481934
369 0.5442545413970947
370 0.5158830285072327
371 0.23099377751350403
372 0.4776732325553894
373 1.08721923828125
374 0.4955117106437683
375 0.3103838860988617
376 0.3421698212623596
377 0.3781019449234009
378 0.22306962311267853
379 0.6296120882034302
380 0.2052551805973053
381 0.461611807346344
382 0.6665985584259033
383 0.360779345035553
384 0.2732902765274048
385 0.16536259651184082
386 0.3465254604816437
387 0.3025125563144684
388 0.31421318650245667
389 0.4734923541545868
390 0.43194735050201416
391 0.5036756992340088
392 0.23044008016586304
393 0.39833399653434753
394 0.25713637471199036
395 0.19046291708946228
396 0.20223085582256317
397 0.2843458354473114
398 0.17437386512756348
399 0.22577553987503052
400 0.16188660264015198
401 0.4190748631954193
402 0.1418856680393219
403 0.18180589377880096
404 0.13047048449516296
405 0.2414644956588745
406 0.2268316149711609
407 0.18470117449760437
408 0.31479284167289734
409 0.12163180857896805
410 0.17423006892204285
411 0.13554689288139343
412 0.2127581536769867
413 0.2743699848651886
414 0.13121870160102844
415 0.13569387793540955
416 0.23478126525878906
417 0.12340683490037918
418 0.21257798373699188
419 0.12167523801326752
420 0.24839870631694794
421 0.18095189332962036
422 0.17450720071792603
423 0.2015354037284851
424 0.18092627823352814
425 0.14145351946353912
426 0.1836090385913849
427 0.10870026797056198
428 0.18270570039749146
429 0.11889684200286865
430 0.12782007455825806
431 0.11821579933166504
432 0.05196710675954819
433 0.12039441615343094
434 0.10442560166120529
435 0.11798447370529175
436 0.1543363630771637
437 0.13941490650177002
438 0.17279520630836487
439 0.14876797795295715
440 0.1426728367805481
441 0.043155211955308914
442 0.06574377417564392
443 0.0975843146443367
444 0.11845945566892624
445 0.08158597350120544
446 0.09994477033615112
447 0.03738026320934296
448 0.07975299656391144
449 0.098375603556633
450 0.04525779187679291
451 0.14036358892917633
452 0.06461085379123688
453 0.07923092693090439
454 0.05464150011539459
455 0.07062021642923355
456 0.05578475445508957
457 0.032464511692523956
458 0.08867789059877396
459 0.10361556708812714
460 0.03487034887075424
461 0.04315861314535141
462 0.07131704688072205
463 0.10864460468292236
464 0.053935423493385315
465 0.06932392716407776
466 0.07060006260871887
467 0.06901897490024567
468 0.025152090936899185
469 0.05966290086507797
470 0.02727719396352768
471 0.02550577186048031
472 0.032163482159376144
473 0.04191788658499718
474 0.033522263169288635
475 0.02548965997993946
476 0.03717103600502014
477 0.02103007771074772
478 0.025614777579903603
479 0.023736990988254547
480 0.01972227729856968
481 0.03078954666852951
482 0.03336963430047035
483 0.02197030559182167
484 0.024128524586558342
485 0.023744793608784676
486 0.022406548261642456
487 0.030315585434436798
488 0.034049492329359055
489 0.030891012400388718
490 0.028236454352736473
491 0.03501860424876213
492 0.031326476484537125
493 0.029450293630361557
494 0.022841541096568108
495 0.025752084329724312
496 0.0177280493080616
497 0.028116095811128616
498 0.02002440020442009
499 0.014452815055847168
500 0.01902063935995102
501 0.015589115209877491
502 0.016474047675728798
503 0.021912699565291405
504 0.02686043456196785
505 0.019617287442088127
506 0.018672822043299675
507 0.013848677277565002
508 0.016836926341056824
509 0.015783704817295074
510 0.013262316584587097
511 0.01707041636109352
512 0.014823757112026215
513 0.015208845026791096
514 0.016250772401690483
515 0.011879313737154007
516 0.012430679984390736
517 0.011073368601500988
518 0.017496589571237564
519 0.010620863176882267
520 0.011382786557078362
521 0.0142210079357028
522 0.012910819612443447
523 0.01211492344737053
524 0.012162482365965843
525 0.0067692650482058525
526 0.010272159241139889
527 0.010274188593029976
528 0.012745287269353867
529 0.010084887966513634
530 0.008748450316488743
531 0.006983853876590729
532 0.008335888385772705
533 0.011342070065438747
534 0.009481063112616539
535 0.009424923919141293
536 0.009087501093745232
537 0.0079503720626235
538 0.009844252839684486
539 0.006899401545524597
540 0.008418074809014797
541 0.007160129491239786
542 0.008979782462120056
543 0.008316482417285442
544 0.006139716133475304
545 0.007114955689758062
546 0.006517874076962471
547 0.006366195622831583
548 0.006212002597749233
549 0.007991716265678406
550 0.0060153924860060215
551 0.006973731331527233
552 0.007297655567526817
553 0.005891134962439537
554 0.007261977531015873
555 0.007109547965228558
556 0.006222902797162533
557 0.005488514434546232
558 0.005611013155430555
559 0.005315128713846207
560 0.004752057138830423
561 0.0053245434537529945
562 0.0057176947593688965
563 0.005577899515628815
564 0.0059916614554822445
565 0.007369986269623041
566 0.0045464965514838696
567 0.005965437274426222
568 0.00513502536341548
569 0.004511210136115551
570 0.0048591396771371365
571 0.004518538247793913
572 0.006217432674020529
573 0.00448164576664567
574 0.004412704147398472
575 0.0037320132832974195
576 0.003973629791289568
577 0.004681011661887169
578 0.004735923837870359
579 0.004631595686078072
580 0.003322380594909191
581 0.0050473748706281185
582 0.0039363461546599865
583 0.0037487477529793978
584 0.003943297546356916
585 0.003909869585186243
586 0.004764258395880461
587 0.0028181897941976786
588 0.0032130407635122538
589 0.0038111601024866104
590 0.0034997891634702682
591 0.002676453208550811
592 0.003126904834061861
593 0.0042561814188957214
594 0.0043862359598279
595 0.004045682027935982
596 0.003758123144507408
597 0.0037804830353707075
598 0.003618128364905715
599 0.004094199277460575
600 0.00203236797824502
601 0.0040864176116883755
602 0.00398976169526577
603 0.003507915884256363
604 0.002458262024447322
605 0.0039010534528642893
606 0.0037360803689807653
607 0.0033175921998918056
608 0.002590190852060914
609 0.00343603384681046
610 0.00264697871170938
611 0.003097115783020854
612 0.003084425814449787
613 0.0030489766504615545
614 0.0032940562814474106
615 0.003778698155656457
616 0.0018656241009011865
617 0.002810257952660322
618 0.00265304883942008
619 0.003222858067601919
620 0.0025072002317756414
621 0.003172394586727023
622 0.003556950483471155
623 0.0026459218934178352
624 0.0020498100202530622
625 0.002764653880149126
626 0.0035346101503819227
627 0.002410431858152151
628 0.002857075072824955
629 0.0033949825447052717
630 0.002003113506361842
631 0.0024097219575196505
632 0.002734515583142638
633 0.0028432856779545546
634 0.0027079579886049032
635 0.003357904963195324
636 0.0026221545413136482
637 0.002719833515584469
638 0.0024279470089823008
639 0.0021451765205711126
640 0.0038826698437333107
641 0.0018173198914155364
642 0.003179448191076517
643 0.0028536703903228045
644 0.002336595905944705
645 0.0025112570729106665
646 0.002801543567329645
647 0.0026004291139543056
648 0.002842298010364175
649 0.0019738953560590744
650 0.0020898303482681513
651 0.0015029674395918846
652 0.002402187092229724
653 0.002097649499773979
654 0.0029224997851997614
655 0.0021560844033956528
656 0.0026340873446315527
657 0.002782597439363599
658 0.002592007163912058
659 0.0014545705635100603
660 0.0019087691325694323
661 0.002502698451280594
662 0.0020005989354103804
663 0.0024717769119888544
664 0.0021369224414229393
665 0.0025787961203604937
666 0.002537085674703121
667 0.0019948799163103104
668 0.0020219297148287296
669 0.0016650489997118711
670 0.0014908933080732822
671 0.0020719582680612803
672 0.0021121343597769737
673 0.0019382017198950052
674 0.002735544927418232
675 0.0023317458108067513
676 0.0017220134614035487
677 0.0033460797276347876
678 0.0025159292854368687
679 0.0028174936305731535
680 0.0020866843406111
681 0.002034634817391634
682 0.002562688197940588
683 0.002000379143282771
684 0.0017250373493880033
685 0.002645792905241251
686 0.0025404212065041065
687 0.0014573227381333709
688 0.0019783589523285627
689 0.0020131217315793037
690 0.002635759301483631
691 0.0023160139098763466
692 0.002446007914841175
693 0.0019433441339060664
694 0.0025545586831867695
695 0.0013893652940168977
696 0.0015635199379175901
697 0.0025948085822165012
698 0.0011921016266569495
699 0.001654602587223053
700 0.0016790878726169467
701 0.0016907332465052605
702 0.001956772990524769
703 0.0024592767003923655
704 0.0020162384025752544
705 0.0015860392013564706
706 0.0015503198374062777
707 0.0018347250297665596
708 0.0024071752559393644
709 0.0015225856332108378
710 0.0018184295622631907
711 0.0015996579313650727
712 0.0011528369504958391
713 0.0016046161763370037
714 0.0014822686789557338
715 0.0014227933716028929
716 0.0020025118719786406
717 0.0016169010195881128
718 0.0017338416073471308
719 0.0013390700332820415
720 0.001751809031702578
721 0.0017428179271519184
722 0.0018460763385519385
723 0.0011814385652542114
724 0.001900739734992385
725 0.0013024662621319294
726 0.0015451130457222462
727 0.0018870072672143579
728 0.001461247680708766
729 0.0014211655361577868
730 0.0012303078547120094
731 0.0016421583713963628
732 0.0014813097659498453
733 0.0016693843062967062
734 0.001372047234326601
735 0.0013707684120163321
736 0.0011877268552780151
737 0.0013544118264690042
738 0.0008109238697215915
739 0.001428210292942822
740 0.001476813922636211
741 0.0010932909790426493
742 0.0016715681413188577
743 0.0012940202141180634
744 0.0015284174587577581
745 0.0015654885210096836
746 0.001484556240029633
747 0.0016561547527089715
748 0.0015527054201811552
749 0.0014219216536730528
750 0.00100425211712718
751 0.001314268447458744
752 0.0015971814282238483
753 0.0010963105596601963
754 0.0013617405202239752
755 0.0009722867398522794
756 0.0014711935073137283
757 0.0013315409887582064
758 0.001568030915223062
759 0.001194385695271194
760 0.001380926463752985
761 0.0014747350942343473
762 0.0012444747844710946
763 0.0015846530441194773
764 0.001155323232524097
765 0.0013019820908084512
766 0.001101353787817061
767 0.00121603743173182
768 0.0012166996020823717
769 0.0010820877505466342
770 0.0013666856102645397
771 0.0013976837508380413
772 0.001235322211869061
773 0.0011054795468226075
774 0.0011945117730647326
775 0.0013736244291067123
776 0.0016180260572582483
777 0.0014836720656603575
778 0.00163738033734262
779 0.0012048330390825868
780 0.0009134092833846807
781 0.001313490909524262
782 0.0011126149911433458
783 0.0011126867029815912
784 0.0008044298738241196
785 0.0012192361755296588
786 0.0013000589096918702
787 0.0007819763850420713
788 0.0010271772043779492
789 0.0009707818971946836
790 0.0008854749612510204
791 0.0011230862000957131
792 0.0008909723837859929
793 0.0008075558580458164
794 0.0009943140903487802
795 0.0009104597847908735
796 0.000988971907645464
797 0.0010088536655530334
798 0.0011306435335427523
799 0.001044007483869791
800 0.0008681424078531563
801 0.0008728659595362842
802 0.0012239450588822365
803 0.001028829487040639
804 0.0013101741205900908
805 0.0014455892378464341
806 0.0010318907443434
807 0.0011241005267947912
808 0.0011022236431017518
809 0.0008723280043341219
810 0.0009857004042714834
811 0.0009944993071258068
812 0.0011379854986444116
813 0.0007829100359231234
814 0.00112000887747854
815 0.000758351176045835
816 0.0007442994974553585
817 0.0010738010751083493
818 0.0006977638113312423
819 0.0008573214872740209
820 0.0005289411055855453
821 0.000841243308968842
822 0.0008764829253777862
823 0.0007696340326219797
824 0.0008590933866798878
825 0.0009624435915611684
826 0.0006453730748035014
827 0.0006273913895711303
828 0.0009371861815452576
829 0.0011726219672709703
830 0.0007825215579941869
831 0.0007578612421639264
832 0.000883561500813812
833 0.0006916229613125324
834 0.0009450365323573351
835 0.0008195650298148394
836 0.001106751267798245
837 0.0007507770787924528
838 0.0005708326352760196
839 0.0009503760957159102
840 0.0007345130434259772
841 0.0006613327423110604
842 0.0007380819297395647
843 0.0009109369711950421
844 0.0006780101102776825
845 0.0006834091618657112
846 0.0007782104075886309
847 0.000765383942052722
848 0.000765632838010788
849 0.0005758323241025209
850 0.000672951340675354
851 0.0008728655520826578
852 0.00039562975871376693
853 0.000709327170625329
854 0.00068813213147223
855 0.0006814160733483732
856 0.0005936101661063731
857 0.0008641898748464882
858 0.0005906253354623914
859 0.0006812876672483981
860 0.0006761649274267256
861 0.0007057540351524949
862 0.000600168015807867
863 0.0005840527010150254
864 0.0006637769402004778
865 0.0006126223015598953
866 0.0007939364295452833
867 0.000599090417381376
868 0.0004740073927678168
869 0.000595313438680023
870 0.0006538432207889855
871 0.0005652274703606963
872 0.0007304769824258983
873 0.0005692358245141804
874 0.0005293719004839659
875 0.00044746516505256295
876 0.0005315322196111083
877 0.0005146212643012404
878 0.0005693260463885963
879 0.0006654129829257727
880 0.0006058638100512326
881 0.0005501271225512028
882 0.0008495578076690435
883 0.0006664342945441604
884 0.00045189601951278746
885 0.0006630067946389318
886 0.0008017460932023823
887 0.00073941086884588
888 0.0007308570202440023
889 0.0006641335203312337
890 0.0005997683620080352
891 0.0006690213922411203
892 0.0006401962018571794
893 0.0005899341776967049
894 0.0005630548694171011
895 0.0004923507804051042
896 0.000528297561686486
897 0.0006434708484448493
898 0.0006666482076980174
899 0.0005508842878043652
900 0.0006441301084123552
901 0.0004756661946885288
902 0.0005410491139627993
903 0.00041628372855484486
904 0.0005288626998662949
905 0.0006227861158549786
906 0.0005002575926482677
907 0.0005839277873747051
908 0.0005270396359264851
909 0.0004084977845195681
910 0.0005510862683877349
911 0.00038714162656106055
912 0.00041564065031707287
913 0.00045804496039636433
914 0.0004146762366872281
915 0.0005912859924137592
916 0.0003613853477872908
917 0.0004855566076003015
918 0.0005149811622686684
919 0.0005943934083916247
920 0.0005386649863794446
921 0.0006391152855940163
922 0.00042060264968313277
923 0.00059457280440256
924 0.00045622207107953727
925 0.0005697038141079247
926 0.0003484667104203254
927 0.00046587007818743587
928 0.0004591003234963864
929 0.0006247927085496485
930 0.0005576759576797485
931 0.0004210960178170353
932 0.0005228889058344066
933 0.00044762706966139376
934 0.0004937721532769501
935 0.0007416753214783967
936 0.00042566834599711
937 0.0003060267772525549
938 0.00048756221076473594
939 0.00039783481042832136
940 0.0004355882992967963
941 0.0003580992924980819
942 0.00035189033951610327
943 0.0004945212858729064
944 0.00045243219938129187
945 0.0005543165025301278
946 0.00041698929271660745
947 0.0004851506382692605
948 0.00044527181307785213
949 0.00043913358240388334
950 0.0006000808789394796
951 0.00044037651969119906
952 0.0005373667227104306
953 0.0005233314004726708
954 0.0003976920561399311
955 0.000461995747173205
956 0.00036701897624880075
957 0.0005622265161946416
958 0.0004901847569271922
959 0.0003120845358353108
960 0.00032964118872769177
961 0.000481736526126042
962 0.00042340601794421673
963 0.0003619719936978072
964 0.0004282908630557358
965 0.0004162476398050785
966 0.000482031173305586
967 0.0005148136406205595
968 0.0003595795133151114
969 0.00048505599261261523
970 0.00042500178096815944
971 0.00033195604919455945
972 0.0006141026387922466
973 0.0004579050582833588
974 0.0003139018081128597
975 0.0004743737808894366
976 0.00047389796236529946
977 0.0003450814401730895
978 0.0002833284670487046
979 0.0004328256763983518
980 0.0004517635388765484
981 0.0003897103597410023
982 0.0005245957290753722
983 0.0003958853194490075
984 0.0003468212380539626
985 0.00045652216067537665
986 0.00040735656511969864
987 0.0004218200338073075
988 0.0003441954904701561
989 0.00024694789317436516
990 0.00042026903247460723
991 0.0004850814293604344
992 0.0003399098932277411
993 0.000375114381313324
994 0.0003033745160792023
995 0.000430193729698658
996 0.0003377650573384017
997 0.0004065863904543221
998 0.00039692403515800834
999 0.00028254708740860224
