0 11.115853309631348
1 7.4471611976623535
2 7.268477439880371
3 0.9730619192123413
4 4.8285112380981445
5 1.6957194805145264
6 3.4117562770843506
7 3.766342878341675
8 0.9881995916366577
9 1.716460108757019
10 1.8081278800964355
11 0.9423156380653381
12 1.1735645532608032
13 0.8457080125808716
14 1.055295705795288
15 0.5195608735084534
16 0.5920344591140747
17 0.4469037353992462
18 0.24375152587890625
19 0.2499644011259079
20 0.22328756749629974
21 0.21352629363536835
22 0.22248448431491852
23 0.17042361199855804
24 0.20042921602725983
25 0.1339206099510193
26 0.10284442454576492
27 0.10303151607513428
28 0.06659674644470215
29 0.0669318363070488
30 0.08539081364870071
31 0.12466149777173996
32 0.06385097652673721
33 0.0806160643696785
34 0.05611373484134674
35 0.05139077082276344
36 0.059348851442337036
37 0.04442836344242096
38 0.04767250642180443
39 0.05294515937566757
40 0.048120107501745224
41 0.029693646356463432
42 0.02478542923927307
43 0.024394389241933823
44 0.027278359979391098
45 0.019420433789491653
46 0.04247230291366577
47 0.050431083887815475
48 0.032307595014572144
49 0.041868068277835846
50 0.029615724459290504
51 0.02956327237188816
52 0.018412074074149132
53 0.023805882781744003
54 0.023352157324552536
55 0.02257184498012066
56 0.03224588558077812
57 0.021182088181376457
58 0.017648540437221527
59 0.02865287847816944
60 0.023569779470562935
61 0.02205171063542366
62 0.015454409644007683
63 0.02466033212840557
64 0.020034098997712135
65 0.021847594529390335
66 0.021237943321466446
67 0.013023244217038155
68 0.019827844575047493
69 0.013523586094379425
70 0.015932433307170868
71 0.014266225509345531
72 0.01563992165029049
73 0.01260294672101736
74 0.011744762770831585
75 0.014866327866911888
76 0.012451397255063057
77 0.01323934830725193
78 0.01359165646135807
79 0.010209065861999989
80 0.011915411800146103
81 0.011406573466956615
82 0.012439846992492676
83 0.010304606519639492
84 0.014025167562067509
85 0.014639465138316154
86 0.012134166434407234
87 0.012032531201839447
88 0.006153926718980074
89 0.009429408237338066
90 0.009528083726763725
91 0.01255312655121088
92 0.005869884043931961
93 0.00841490738093853
94 0.006922241300344467
95 0.008231166750192642
96 0.007467811461538076
97 0.006763168144971132
98 0.008753273636102676
99 0.010078211314976215
100 0.007462030742317438
101 0.006622164510190487
102 0.007246340159326792
103 0.006016263738274574
104 0.00724407285451889
105 0.01157661434262991
106 0.007339402101933956
107 0.004394454415887594
108 0.007200310938060284
109 0.009710191749036312
110 0.005217414814978838
111 0.00865035317838192
112 0.007636710070073605
113 0.006490217987447977
114 0.004822588991373777
115 0.009536909870803356
116 0.007892650552093983
117 0.007875845767557621
118 0.004453650675714016
119 0.004014210309833288
120 0.009126848541200161
121 0.0049756732769310474
122 0.004748584236949682
123 0.006821879185736179
124 0.006257347296923399
125 0.005922403186559677
126 0.004321396816521883
127 0.00545801455155015
128 0.0031919146422296762
129 0.004052040167152882
130 0.005914285778999329
131 0.004091798793524504
132 0.003951555583626032
133 0.0035662087611854076
134 0.0035734674893319607
135 0.003309341147542
136 0.0031203459948301315
137 0.005596627481281757
138 0.004617343191057444
139 0.003921639174222946
140 0.0046708774752914906
141 0.0033415895886719227
142 0.004000126384198666
143 0.005348920822143555
144 0.005745959002524614
145 0.0028261286206543446
146 0.003550560912117362
147 0.0053813764825463295
148 0.003622613148763776
149 0.0027782334946095943
150 0.0025272530037909746
151 0.003965308424085379
152 0.002883617300540209
153 0.004060586914420128
154 0.003406212432309985
155 0.004018628504127264
156 0.0026207719929516315
157 0.0026783826760947704
158 0.002657810691744089
159 0.0031233031768351793
160 0.002700239419937134
161 0.003819260746240616
162 0.003644827986136079
163 0.0029433092568069696
164 0.00282402615994215
165 0.0032981466501951218
166 0.002086159773170948
167 0.0023604994639754295
168 0.003549958113580942
169 0.002301018452271819
170 0.0025161716621369123
171 0.0021813211496919394
172 0.0023771238047629595
173 0.0022354652173817158
174 0.001732920529320836
175 0.0031458293087780476
176 0.002215208951383829
177 0.00200322805903852
178 0.0034577064216136932
179 0.0018937409622594714
180 0.002129022963345051
181 0.0016039919573813677
182 0.0029097176156938076
183 0.0019022346241399646
184 0.0021987278014421463
185 0.002030826872214675
186 0.002352711744606495
187 0.0033911471255123615
188 0.001930477563291788
189 0.001981229055672884
190 0.002132807858288288
191 0.0023225140757858753
192 0.0026185286697000265
193 0.0027098802383989096
194 0.0023881716188043356
195 0.0022515400778502226
196 0.0014608835335820913
197 0.0017075234791263938
198 0.0022076440509408712
199 0.0019968741107732058
200 0.001755056087858975
201 0.002510396298021078
202 0.0023752227425575256
203 0.0020443720277398825
204 0.0015709606232121587
205 0.0022511209826916456
206 0.0023029749281704426
207 0.002758502261713147
208 0.0020173608791083097
209 0.0023859702050685883
210 0.001993506448343396
211 0.001587961451150477
212 0.0019900258630514145
213 0.003141020191833377
214 0.003045623190701008
215 0.0023662433959543705
216 0.0015133641427382827
217 0.001398400985635817
218 0.0020967996679246426
219 0.0029684975743293762
220 0.0025822394527494907
221 0.0015674317255616188
222 0.0017175262328237295
223 0.0021243933588266373
224 0.0016949194250628352
225 0.0019292871002107859
226 0.0012428781483322382
227 0.001867994200438261
228 0.001891226856969297
229 0.0013465068768709898
230 0.001752530108205974
231 0.0015064114704728127
232 0.0014303510542958975
233 0.0010118456557393074
234 0.001765164895914495
235 0.0014248917577788234
236 0.0020024513360112906
237 0.001239309785887599
238 0.0016322274459525943
239 0.0016048377146944404
240 0.0017231539823114872
241 0.0022339902352541685
242 0.0012197629548609257
243 0.0017466789577156305
244 0.0015780915273353457
245 0.0012257361086085439
246 0.001605320954695344
247 0.0018589363899081945
248 0.001018347218632698
249 0.0012362124398350716
250 0.0014189312933012843
251 0.0010779999429360032
252 0.0014965576119720936
253 0.0013885709922760725
254 0.0019387316424399614
255 0.0021506547927856445
256 0.002751783234998584
257 0.001050802180543542
258 0.00145768525544554
259 0.0008412968600168824
260 0.001778449397534132
261 0.002381980651989579
262 0.001328853308223188
263 0.0015220700297504663
264 0.000956931384280324
265 0.0010467570973560214
266 0.0011099916882812977
267 0.0024757746141403913
268 0.0018243321683257818
269 0.002076775534078479
270 0.0011480608955025673
271 0.0013320299331098795
272 0.001208558096550405
273 0.0012769561726599932
274 0.0014691504184156656
275 0.0016964199021458626
276 0.0017070597968995571
277 0.003078244626522064
278 0.0016856382135301828
279 0.0020492160692811012
280 0.0008691922994330525
281 0.0009068340878002346
282 0.001336785382591188
283 0.0011729028774425387
284 0.0010719028068706393
285 0.0010205241851508617
286 0.0015504738548770547
287 0.0013473513536155224
288 0.0011825693072751164
289 0.001172472257167101
290 0.001473956392146647
291 0.0011510802432894707
292 0.0014563141157850623
293 0.001718477695249021
294 0.000762180658057332
295 0.0012523769401013851
296 0.0019676052033901215
297 0.0013244828442111611
298 0.0011998567497357726
299 0.0009027704363688827
300 0.001187028014101088
301 0.0007806337671354413
302 0.0011418984504416585
303 0.0008911963668651879
304 0.001325467717833817
305 0.0014055973151698709
306 0.0017568458570167422
307 0.0026271932292729616
308 0.0024677938781678677
309 0.001914581167511642
310 0.002539031906053424
311 0.0013239654945209622
312 0.0011841228697448969
313 0.0007046631071716547
314 0.0017037768848240376
315 0.000788101926445961
316 0.0010492649162188172
317 0.0011222317116335034
318 0.002741459757089615
319 0.00110002385918051
320 0.0012900340370833874
321 0.0011714688735082746
322 0.0010752168018370867
323 0.0008192143868654966
324 0.0007410716498270631
325 0.0010373226832598448
326 0.0010850393446162343
327 0.001543873455375433
328 0.001252095913514495
329 0.0024322024546563625
330 0.0006325034773908556
331 0.0011255325516685843
332 0.0014389550779014826
333 0.0017356167081743479
334 0.0006847562617622316
335 0.001734032528474927
336 0.0009585151565261185
337 0.0010683132568374276
338 0.0011528326431289315
339 0.0007997929351404309
340 0.0012463792227208614
341 0.0010485891252756119
342 0.0016923540970310569
343 0.0005761656793765724
344 0.0020650378428399563
345 0.004542357288300991
346 0.0011572990333661437
347 0.002154216868802905
348 0.0014569265767931938
349 0.0023146269377321005
350 0.0011816463666036725
351 0.0008812408777885139
352 0.0012119070161134005
353 0.0010170238092541695
354 0.00453307805582881
355 0.0004996738862246275
356 0.0021489793434739113
357 0.00251255021430552
358 0.0012056910200044513
359 0.0012401142157614231
360 0.0012625090312212706
361 0.0023228731006383896
362 0.0017341366037726402
363 0.0017573456279933453
364 0.0010321260197088122
365 0.0010617442894726992
366 0.0017825547838583589
367 0.0010545658878982067
368 0.0006634197197854519
369 0.0010873076971620321
370 0.0025085455272346735
371 0.0012950910022482276
372 0.0018349062884226441
373 0.0014303394127637148
374 0.002900021616369486
375 0.0011570745846256614
376 0.0015420375857502222
377 0.000670796085614711
378 0.0017468826845288277
379 0.0011886467691510916
380 0.000704494770616293
381 0.0009541105246171355
382 0.0016208089655265212
383 0.0019820404704660177
384 0.0012084200279787183
385 0.004152123816311359
386 0.0007831415277905762
387 0.0008941786945797503
388 0.001509549212642014
389 0.0008697219891473651
390 0.0010166739812120795
391 0.001774726202711463
392 0.0012217923067510128
393 0.0008030184544622898
394 0.0013061718782410026
395 0.0010855357395485044
396 0.0010854906868189573
397 0.0010527560953050852
398 0.0009904116159304976
399 0.0008957727113738656
400 0.0007011381676420569
401 0.001836687559261918
402 0.0019448284292593598
403 0.0018863645382225513
404 0.001408127136528492
405 0.0009430162608623505
406 0.0009312195470556617
407 0.0009043607860803604
408 0.0012127018999308348
409 0.0005890579777769744
410 0.0012527587823569775
411 0.002423218684270978
412 0.0012129832757636905
413 0.004891769960522652
414 0.0007554854964837432
415 0.0009589293040335178
416 0.0012353637721389532
417 0.0009531190153211355
418 0.001582124619744718
419 0.0007526019471697509
420 0.0039960541762411594
421 0.005954512860625982
422 0.004765629768371582
423 0.0016563615063205361
424 0.002857624087482691
425 0.0019815757405012846
426 0.0011900870595127344
427 0.001638937508687377
428 0.0008007920696400106
429 0.0006863187300041318
430 0.001499354257248342
431 0.0013587827561423182
432 0.0006732828915119171
433 0.0006240513757802546
434 0.0007326885825023055
435 0.0066406638361513615
436 0.003984145354479551
437 0.001699816551990807
438 0.0009092286927625537
439 0.0009017153643071651
440 0.0005091120256111026
441 0.0007339505827985704
442 0.0011362619698047638
443 0.0023333413992077112
444 0.0010251856874674559
445 0.00040645941044203937
446 0.0007137111388146877
447 0.0011029787128791213
448 0.0008793044253252447
449 0.0006365405861288309
450 0.0005751713761128485
451 0.001237382646650076
452 0.0044536530040204525
453 0.0013170266756787896
454 0.0013156116474419832
455 0.000964091217610985
456 0.004504130221903324
457 0.0012186523526906967
458 0.003570876782760024
459 0.0031578161288052797
460 0.007130597252398729
461 0.003638120833784342
462 0.0019105705432593822
463 0.0016166720306500793
464 0.0010517865885049105
465 0.0023996427189558744
466 0.001400145934894681
467 0.0012965812347829342
468 0.0016898703761398792
469 0.0008944798610173166
470 0.0036365711130201817
471 0.0005423952243290842
472 0.001161026768386364
473 0.0009118237067013979
474 0.0016968317795544863
475 0.002667768858373165
476 0.000653090188279748
477 0.0023054792545735836
478 0.0010068499250337481
479 0.0004652023781090975
480 0.0014367122203111649
481 0.0034164979588240385
482 0.00539243733510375
483 0.002633467083796859
484 0.0019511962309479713
485 0.0007476750761270523
486 0.0015021940926089883
487 0.0009980291360989213
488 0.003300295677036047
489 0.0018087716307491064
490 0.0056549846194684505
491 0.004449165891855955
492 0.0017772808205336332
493 0.0025726694148033857
494 0.004159637726843357
495 0.000463305099401623
496 0.0008020047680474818
497 0.001913593732751906
498 0.003457182552665472
499 0.0015546822687610984
500 0.0025155008770525455
501 0.0010059180203825235
502 0.0005660215974785388
503 0.0006603997899219394
504 0.0009043187601491809
505 0.0010728832567110658
506 0.0016590636223554611
507 0.0013082480290904641
508 0.001324127078987658
509 0.0007923439843580127
510 0.002545970259234309
511 0.001511992421001196
512 0.0007150277378968894
513 0.0007861291524022818
514 0.0011765934759750962
515 0.0008229248342104256
516 0.0030451954808086157
517 0.00147250818554312
518 0.0008240265888161957
519 0.0012077382998540998
520 0.0014024965930730104
521 0.001619225600734353
522 0.0025339126586914062
523 0.0036516969557851553
524 0.006045676302164793
525 0.0017044980777427554
526 0.0023083575069904327
527 0.002203339943662286
528 0.0004206733137834817
529 0.0008931329939514399
530 0.0008859054069034755
531 0.001446946058422327
532 0.00073415064252913
533 0.004098554141819477
534 0.002374501433223486
535 0.0035627048928290606
536 0.0007238627877086401
537 0.0006097662844695151
538 0.00113658735062927
539 0.0014943911228328943
540 0.0015035938704386353
541 0.0033066465985029936
542 0.005084536038339138
543 0.0005387254641391337
544 0.0013310553040355444
545 0.002100345678627491
546 0.0013771629892289639
547 0.0019653737545013428
548 0.003212914802134037
549 0.0059485784731805325
550 0.0012958099832758307
551 0.0019592768512666225
552 0.004335882142186165
553 0.001819642842747271
554 0.0022584169637411833
555 0.0005718129104934633
556 0.0020418211352080107
557 0.0019459888571873307
558 0.0010046482784673572
559 0.0009125766810029745
560 0.0006014869431965053
561 0.0005796410841867328
562 0.0007661465788260102
563 0.0005798601196147501
564 0.0012347798328846693
565 0.0007280131685547531
566 0.0028804680332541466
567 0.00268668495118618
568 0.004186518490314484
569 0.0012214097660034895
570 0.0015713125467300415
571 0.0011047973530367017
572 0.00664239376783371
573 0.004501612391322851
574 0.0010046582901850343
575 0.0022762988228350878
576 0.0017067183507606387
577 0.0010002084309235215
578 0.001063714036718011
579 0.0012030604993924499
580 0.0011484608985483646
581 0.001133378827944398
582 0.001479025580920279
583 0.0038363775238394737
584 0.0012840877752751112
585 0.008452551439404488
586 0.0009771698387339711
587 0.002588646486401558
588 0.0013656261144205928
589 0.002433991990983486
590 0.0010787543142214417
591 0.00043030266533605754
592 0.0026873887982219458
593 0.0017397345509380102
594 0.0017309727845713496
595 0.001366912038065493
596 0.0008266608929261565
597 0.001215740223415196
598 0.003354121698066592
599 0.001717445906251669
600 0.0010409565875306726
601 0.0008371673175133765
602 0.0012955011334270239
603 0.0013669932959601283
604 0.0005082093412056565
605 0.00026089890161529183
606 0.00036882050335407257
607 0.0014911924954503775
608 0.008617525920271873
609 0.004164624959230423
610 0.0007987889694049954
611 0.002840550849214196
612 0.0007046774844639003
613 0.000504655297845602
614 0.0009012194932438433
615 0.0004913281882181764
616 0.0004172076878603548
617 0.0011681149480864406
618 0.0009844930609688163
619 0.0007537539349868894
620 0.0008703797357156873
621 0.0011655489215627313
622 0.00182524009142071
623 0.0022623809054493904
624 0.0014020396629348397
625 0.0006239002686925232
626 0.0012319681700319052
627 0.0022344898898154497
628 0.000983033562079072
629 0.0009514119010418653
630 0.0005813465104438365
631 0.0011913280468434095
632 0.0011555386008694768
633 0.0013302458683028817
634 0.0010068807750940323
635 0.0006661113584414124
636 0.0022001073230057955
637 0.005273701623082161
638 0.008198156021535397
639 0.0016767781926319003
640 0.0005934513756074011
641 0.0016411523101851344
642 0.001567572238855064
643 0.0021489274222403765
644 0.0031012047547847033
645 0.000600595842115581
646 0.0019431421533226967
647 0.0022965501993894577
648 0.002757094567641616
649 0.0023460774682462215
650 0.0016428027302026749
651 0.0013792711542919278
652 0.0011706718942150474
653 0.0014482232509180903
654 0.0006072000251151621
655 0.0026251196395605803
656 0.001131248427554965
657 0.003281285287812352
658 0.00045988112105987966
659 0.00036809692392125726
660 0.0005050228792242706
661 0.0010750050423666835
662 0.0012904766481369734
663 0.002777539659291506
664 0.0018739078659564257
665 0.0009097486617974937
666 0.0009525504428893328
667 0.0020142137072980404
668 0.0011137163965031505
669 0.0007075504399836063
670 0.0016180170932784677
671 0.0014103854773566127
672 0.00038887892151251435
673 0.0008573468658141792
674 0.0015102253528311849
675 0.0009567642118781805
676 0.0005278369644656777
677 0.0005571695510298014
678 0.0013933662557974458
679 0.001161574269644916
680 0.0006548936362378299
681 0.003209505695849657
682 0.0002608377835713327
683 0.0005913187633268535
684 0.0013005288783460855
685 0.0019810646772384644
686 0.0010191148612648249
687 0.001679307664744556
688 0.0009740741807036102
689 0.0005154939135536551
690 0.0011245470959693193
691 0.0030826637521386147
692 0.0009834897937253118
693 0.0014914667699486017
694 0.0011651329696178436
695 0.0003404731396585703
696 0.0005794366006739438
697 0.00029095413628965616
698 0.0004982141545042396
699 0.0037587047554552555
700 0.0009307267609983683
701 0.006358600687235594
702 0.007566421292722225
703 0.0016076280735433102
704 0.0007769570802338421
705 0.0003749426396097988
706 0.0007720884750597179
707 0.0005669823149219155
708 0.00045819798833690584
709 0.0004731319786515087
710 0.00022443925263360143
711 0.0017461195820942521
712 0.0020537087693810463
713 0.004774890840053558
714 0.0005182638415135443
715 0.0005833161994814873
716 0.00035143111017532647
717 0.0005888352752663195
718 0.0024382180999964476
719 0.0008169042412191629
720 0.0007356361602433026
721 0.0004666628665290773
722 0.0004770062805619091
723 0.0010595102794468403
724 0.0006003259331919253
725 0.0019224726129323244
726 0.008568582125008106
727 0.002406759187579155
728 0.0008107092580758035
729 0.0004369944508653134
730 0.0019395089475437999
731 0.004749826621264219
732 0.0014815693721175194
733 0.0002215118147432804
734 0.0007966925040818751
735 0.001716816215775907
736 0.0041009788401424885
737 0.0009005041792988777
738 0.0006359451217576861
739 0.0004417812451720238
740 0.0003521198232192546
741 0.0012895679101347923
742 0.0005196845158934593
743 0.00049524538917467
744 0.0021561183966696262
745 0.016146749258041382
746 0.002609141869470477
747 0.0022517761681228876
748 0.001027155783958733
749 0.00024026485334616154
750 0.0003601054195314646
751 0.00037549121771007776
752 0.0011271405965089798
753 0.00053711689542979
754 0.0005976927932351828
755 0.0011504398426041007
756 0.0026279722806066275
757 0.0007506039692088962
758 0.0002713422290980816
759 0.0003281964745838195
760 0.0005763703375123441
761 0.0008016414940357208
762 0.0005152248777449131
763 0.0018253378802910447
764 0.004632936324924231
765 0.003478704486042261
766 0.001442759414203465
767 0.0002792258164845407
768 0.0009433611412532628
769 0.0003214091993868351
770 0.0002214384585386142
771 0.000208113735425286
772 0.0007108654244802892
773 0.0014783148653805256
774 0.000498417648486793
775 0.00017546041635796428
776 0.0016412475379183888
777 0.0008412449387833476
778 0.005757736973464489
779 0.005119963549077511
780 0.0015217333566397429
781 0.00479119410738349
782 0.006335919257253408
783 0.0022914428263902664
784 0.0012207126710563898
785 0.00029972544871270657
786 0.0005253651761449873
787 0.0021894408855587244
788 0.0018384354189038277
789 0.0008136424003168941
790 0.0007970408187247813
791 0.000268496572971344
792 0.00033543590689077973
793 0.0007421241607517004
794 0.00146473350469023
795 0.0018800143152475357
796 0.0019061175407841802
797 0.0020970103796571493
798 0.000601081526838243
799 0.0030908812768757343
800 0.002208725083619356
801 0.0006749603198841214
802 0.001075988751836121
803 0.0007392344414256513
804 0.0003425786562729627
805 0.0007873051799833775
806 0.0009770261822268367
807 0.0007669880287721753
808 0.0001869421248557046
809 0.0003400271525606513
810 0.0010522736702114344
811 0.0005083474097773433
812 0.00037265161518007517
813 0.001207828288897872
814 0.0011448590084910393
815 0.0005125258467160165
816 0.00033690163400024176
817 0.0007245318265631795
818 0.000775554624851793
819 0.0011017906945198774
820 0.0032164945732802153
821 0.0010397954611107707
822 0.005010855849832296
823 0.0015205023810267448
824 0.0011773897567763925
825 0.003150882665067911
826 0.000979991047643125
827 0.00220121699385345
828 0.0005422218819148839
829 0.0018399414839223027
830 0.0002734076988417655
831 0.0008848774596117437
832 0.0009427383192814887
833 0.00027333127218298614
834 0.000630566559266299
835 0.0006539867608807981
836 0.0002767779224086553
837 0.0024590021930634975
838 0.001556203467771411
839 0.000771942432038486
840 0.000480791786685586
841 0.0002891594485845417
842 0.002575769554823637
843 0.0017885495908558369
844 0.007423036731779575
845 0.009446527808904648
846 0.0018289933213964105
847 0.0019654426723718643
848 0.00036076921969652176
849 0.0009769718162715435
850 0.0008057485683821142
851 0.0006551280384883285
852 0.00026528426678851247
853 0.0006492470856755972
854 0.0003325507859699428
855 0.001413713558577001
856 0.00022196768259163946
857 0.0004326689231675118
858 0.0001302816381212324
859 0.00039504363667219877
860 0.0005029660533182323
861 0.0022449789103120565
862 0.00010473927977727726
863 0.0010317175183445215
864 0.00011381613148842007
865 0.0003200599458068609
866 0.0007639252580702305
867 0.00017571593343745917
868 0.0008050973992794752
869 0.003083299146965146
870 0.0009083103504963219
871 0.005528619978576899
872 0.0051375203765928745
873 0.0020641444716602564
874 0.0009021086734719574
875 0.0006260107038542628
876 0.0007040923228487372
877 0.00043504516361281276
878 0.001395458122715354
879 0.0005762086948379874
880 0.00024456079700030386
881 0.0002688146778382361
882 0.0003376478562131524
883 0.0013935744063928723
884 0.0009080143645405769
885 0.00029307935619726777
886 0.00040981394704431295
887 0.00019124275422655046
888 8.945004810811952e-05
889 0.00039166599162854254
890 0.0008819203358143568
891 0.0018211916321888566
892 0.0008794092573225498
893 0.0005503488355316222
894 0.0010171040194109082
895 0.0013123142998665571
896 0.0003781650448217988
897 0.0017571442294865847
898 0.0003537254815455526
899 0.0007254655356518924
900 0.005237250123172998
901 0.0013351954985409975
902 0.0014300202019512653
903 0.00554586760699749
904 0.0056716385297477245
905 0.004729414824396372
906 0.0007626903243362904
907 0.000798573310021311
908 0.0014301182236522436
909 0.0014308933168649673
910 0.0012695637997239828
911 0.0005552731454372406
912 0.0008163423626683652
913 0.0002211941173300147
914 0.00023147370666265488
915 0.0004799531598109752
916 0.0004066635447088629
917 0.00019279736443422735
918 0.0009939285228028893
919 0.0007457666797563434
920 8.720377809368074e-05
921 0.00021908123744651675
922 9.650602441979572e-05
923 0.0006037179264239967
924 0.00031043015769682825
925 0.00012318172957748175
926 0.0009483382455073297
927 0.0015505922492593527
928 0.0003323339333292097
929 0.001760884653776884
930 0.00016706172027625144
931 0.0007181830587796867
932 0.0008060493273660541
933 0.0017249140655621886
934 0.00040946033550426364
935 0.0018723119283095002
936 0.0007482537184841931
937 0.0007501787040382624
938 0.00041771389078348875
939 0.00072039186488837
940 0.001185678062029183
941 0.0005129201454110444
942 0.0003902474418282509
943 0.0008534103981219232
944 0.008582703769207
945 0.002724309451878071
946 0.0006328418385237455
947 0.00024512404343113303
948 0.00010336019477108493
949 0.000447910773800686
950 0.0010692711221054196
951 0.0005458574742078781
952 8.712521230336279e-05
953 0.0004378282465040684
954 0.0002138381387339905
955 0.0003133047139272094
956 0.0001330955419689417
957 0.00034336443059146404
958 0.00029572041239589453
959 0.00048086533206515014
960 0.004800977651029825
961 0.0072733075357973576
962 0.01023157499730587
963 0.0020620233844965696
964 0.0004884806112386286
965 0.0012695497134700418
966 0.0012980930041521788
967 0.0011389300925657153
968 0.00036527460906654596
969 0.0003780396073125303
970 0.0002943685103673488
971 0.0003550183610059321
972 0.00045493897050619125
973 0.0005682682385668159
974 0.0003327179001644254
975 0.0011072030756622553
976 0.0014761182246729732
977 0.0005238033481873572
978 0.0002231297839898616
979 0.0006663988460786641
980 0.0007868664688430727
981 0.00022073629952501506
982 0.00043904792983084917
983 0.000685352657455951
984 0.0009226591209881008
985 0.0005408778670243919
986 0.00032816760358400643
987 0.0005492467316798866
988 0.00032359902979806066
989 0.0006502553005702794
990 0.0004276681283954531
991 0.006098056677728891
992 0.0035806226078420877
993 0.0029052970930933952
994 0.0021139332093298435
995 0.006002183072268963
996 0.004438475240021944
997 0.0028068760875612497
998 0.001038122340105474
999 0.003955123480409384
