0 38.17658996582031
1 37.103694915771484
2 33.575347900390625
3 29.78537368774414
4 22.023815155029297
5 20.851741790771484
6 19.86664581298828
7 16.71381950378418
8 13.552988052368164
9 15.412261962890625
10 12.355681419372559
11 13.948266983032227
12 9.364005088806152
13 11.672077178955078
14 7.252479553222656
15 9.16939926147461
16 4.641713619232178
17 5.9133453369140625
18 5.1763105392456055
19 1.7963526248931885
20 3.6607861518859863
21 3.3443636894226074
22 6.966743469238281
23 4.0323309898376465
24 3.7725703716278076
25 4.253332614898682
26 2.2775485515594482
27 1.3116170167922974
28 2.6591992378234863
29 1.6718945503234863
30 1.3938876390457153
31 2.914597272872925
32 1.1205570697784424
33 3.894209861755371
34 2.868694543838501
35 2.1974897384643555
36 4.1704630851745605
37 3.4204213619232178
38 6.809587478637695
39 1.2698841094970703
40 3.6855099201202393
41 2.1149520874023438
42 2.2754199504852295
43 5.434335231781006
44 1.6281836032867432
45 3.05584716796875
46 4.5494842529296875
47 2.068800926208496
48 3.874804973602295
49 2.8665690422058105
50 1.1490310430526733
51 1.1338655948638916
52 4.253416538238525
53 3.4668235778808594
54 4.749709129333496
55 2.4794085025787354
56 3.30802059173584
57 1.6375789642333984
58 2.820366144180298
59 2.443127155303955
60 1.753188133239746
61 4.455811500549316
62 1.5447591543197632
63 1.5597140789031982
64 1.9510940313339233
65 3.6241695880889893
66 2.4487195014953613
67 3.119241714477539
68 4.865189552307129
69 4.180762767791748
70 4.991497039794922
71 1.949256181716919
72 3.9399874210357666
73 4.096915245056152
74 3.4611852169036865
75 2.925609588623047
76 0.6281112432479858
77 0.8587580323219299
78 5.6293182373046875
79 3.8105194568634033
80 2.153904438018799
81 4.909843921661377
82 4.2577900886535645
83 1.5305432081222534
84 0.4358261823654175
85 3.1169028282165527
86 2.2560439109802246
87 5.663966655731201
88 2.945274591445923
89 0.5100540518760681
90 3.295366048812866
91 1.935725450515747
92 3.7994730472564697
93 1.4064133167266846
94 2.5466880798339844
95 2.0618062019348145
96 3.5906565189361572
97 3.717231512069702
98 2.139598846435547
99 1.7672847509384155
100 3.023902177810669
101 1.5169522762298584
102 5.936779022216797
103 1.2725613117218018
104 2.0192296504974365
105 2.6471967697143555
106 1.8912402391433716
107 6.512547969818115
108 1.8764588832855225
109 4.459859848022461
110 1.188361406326294
111 1.8065433502197266
112 3.018312692642212
113 1.2794365882873535
114 1.5574769973754883
115 3.564206123352051
116 2.5392303466796875
117 2.229637622833252
118 4.521026134490967
119 3.4321179389953613
120 4.37706995010376
121 2.5362911224365234
122 4.89312219619751
123 4.025774955749512
124 2.6372218132019043
125 4.768087863922119
126 1.9998406171798706
127 1.5821373462677002
128 1.9736648797988892
129 4.812514781951904
130 2.717296838760376
131 6.095080375671387
132 2.8798372745513916
133 3.128200054168701
134 6.073047161102295
135 3.6105589866638184
136 4.2392578125
137 3.2308096885681152
138 3.565112829208374
139 0.9938369393348694
140 2.7860031127929688
141 1.8731820583343506
142 4.23037052154541
143 1.7944773435592651
144 2.8545851707458496
145 3.6766018867492676
146 3.273331642150879
147 2.6322453022003174
148 3.061516523361206
149 5.01070499420166
150 2.124312400817871
151 3.7733635902404785
152 0.8709772229194641
153 3.5717780590057373
154 7.268562316894531
155 4.27178955078125
156 1.8783189058303833
157 2.6688475608825684
158 5.161158084869385
159 2.747943878173828
160 3.3779525756835938
161 3.5381319522857666
162 3.035980224609375
163 2.760469436645508
164 1.1807160377502441
165 4.270395278930664
166 3.322566509246826
167 1.8030675649642944
168 2.923767328262329
169 1.5728037357330322
170 4.4189453125
171 2.410456418991089
172 3.207207441329956
173 3.6244056224823
174 4.109439849853516
175 2.8668434619903564
176 0.40740475058555603
177 2.783648729324341
178 4.68291711807251
179 1.3919341564178467
180 2.638455629348755
181 4.002501964569092
182 2.331918239593506
183 2.852301836013794
184 1.856703519821167
185 2.2207043170928955
186 5.4272942543029785
187 2.7160961627960205
188 1.7157857418060303
189 0.7217496037483215
190 4.354551792144775
191 3.975250005722046
192 3.4210665225982666
193 0.9884517192840576
194 4.763615608215332
195 6.078986167907715
196 1.3529772758483887
197 3.4429759979248047
198 1.3045142889022827
199 2.9901275634765625
200 1.502629041671753
201 1.9966099262237549
202 4.021999835968018
203 2.238964557647705
204 1.3670240640640259
205 3.6468358039855957
206 0.8718903064727783
207 2.0132367610931396
208 1.9674006700515747
209 0.5122746825218201
210 1.5261850357055664
211 2.6171441078186035
212 1.821280598640442
213 1.1425656080245972
214 3.7619543075561523
215 2.142782211303711
216 1.9231617450714111
217 2.7379918098449707
218 3.065438747406006
219 1.4605759382247925
220 3.998628616333008
221 1.5897068977355957
222 1.9493838548660278
223 3.7071616649627686
224 1.7325259447097778
225 1.0615718364715576
226 2.139732599258423
227 4.274707317352295
228 2.9145588874816895
229 3.5626325607299805
230 4.350426197052002
231 2.7409918308258057
232 0.804010272026062
233 1.7833247184753418
234 1.8269267082214355
235 3.3253822326660156
236 2.4591195583343506
237 4.3478922843933105
238 1.155407190322876
239 3.2195444107055664
240 4.539913177490234
241 2.118337631225586
242 1.9118610620498657
243 2.3601326942443848
244 4.044337749481201
245 2.114659070968628
246 2.201826333999634
247 1.2746413946151733
248 2.3814151287078857
249 0.984415590763092
250 1.6388170719146729
251 4.010461330413818
252 2.8171050548553467
253 2.882115364074707
254 0.9458737969398499
255 3.6671736240386963
256 2.4533355236053467
257 3.0081634521484375
258 2.573798894882202
259 2.9871442317962646
260 1.2996187210083008
261 3.9625635147094727
262 3.5827505588531494
263 3.6137869358062744
264 3.5440139770507812
265 3.0786333084106445
266 2.253783941268921
267 1.252158761024475
268 4.682279586791992
269 0.7758721709251404
270 3.404974937438965
271 0.6581608057022095
272 2.1512513160705566
273 3.1838817596435547
274 1.077751874923706
275 2.4341037273406982
276 2.157428741455078
277 2.8843414783477783
278 2.339202642440796
279 4.418539524078369
280 3.1407692432403564
281 2.543161392211914
282 1.151197910308838
283 1.459491491317749
284 0.9120101928710938
285 2.575965404510498
286 3.8717024326324463
287 0.9629005193710327
288 2.1763765811920166
289 2.4573991298675537
290 3.0587551593780518
291 1.3808259963989258
292 2.746241807937622
293 2.7828798294067383
294 1.4232687950134277
295 2.011335611343384
296 3.154989719390869
297 1.4211686849594116
298 0.16949334740638733
299 1.6243830919265747
300 1.7114988565444946
301 2.876192569732666
302 3.987994432449341
303 2.6162400245666504
304 2.017969846725464
305 2.4833242893218994
306 1.6367684602737427
307 2.034942626953125
308 3.1017260551452637
309 2.03421950340271
310 0.7597060203552246
311 1.329390048980713
312 2.3856446743011475
313 1.2721238136291504
314 1.5652464628219604
315 1.312909722328186
316 0.9607248306274414
317 1.1060924530029297
318 1.57893705368042
319 1.3594838380813599
320 3.799339771270752
321 1.4833818674087524
322 1.8492006063461304
323 0.6898234486579895
324 0.8625181317329407
325 1.9918568134307861
326 2.532177209854126
327 1.3836078643798828
328 1.996638536453247
329 2.3650763034820557
330 1.7844386100769043
331 1.1272988319396973
332 2.304246425628662
333 3.0308732986450195
334 2.172743558883667
335 0.6415723562240601
336 2.9061989784240723
337 1.6831350326538086
338 3.160287857055664
339 0.7995003461837769
340 1.5278537273406982
341 2.90295672416687
342 1.3436000347137451
343 0.7574320435523987
344 2.0516715049743652
345 1.276134967803955
346 1.178787112236023
347 1.578074336051941
348 0.2174602448940277
349 0.886474609375
350 2.266488790512085
351 1.0230052471160889
352 1.8602659702301025
353 2.117140531539917
354 0.8670902848243713
355 2.2415008544921875
356 1.697707176208496
357 0.9907737374305725
358 0.4729302227497101
359 1.4711823463439941
360 0.16386687755584717
361 1.6836692094802856
362 0.2824438512325287
363 2.4133057594299316
364 1.1491421461105347
365 0.5277867913246155
366 1.1060441732406616
367 0.4413025379180908
368 0.4865272343158722
369 1.3034248352050781
370 0.7877532839775085
371 2.1252634525299072
372 0.4209473729133606
373 3.1683290004730225
374 1.9677648544311523
375 0.8042473196983337
376 1.836748719215393
377 0.6193068623542786
378 1.1200437545776367
379 0.3477634787559509
380 0.8454192876815796
381 2.0207889080047607
382 1.357191562652588
383 1.4553136825561523
384 1.065311074256897
385 0.9379271268844604
386 0.9441688656806946
387 1.5581940412521362
388 0.7331253290176392
389 0.15415987372398376
390 1.4374926090240479
391 0.9384369850158691
392 0.6938217282295227
393 1.198123812675476
394 2.066129684448242
395 0.7389711141586304
396 1.2453274726867676
397 0.5575313568115234
398 0.5119885206222534
399 1.2813787460327148
400 1.158324122428894
401 1.1906685829162598
402 1.2940350770950317
403 0.4735637605190277
404 1.3594645261764526
405 0.5544574856758118
406 0.7218785285949707
407 0.6824718117713928
408 0.9131041765213013
409 1.0678539276123047
410 0.4007134735584259
411 0.5507805943489075
412 0.9337761402130127
413 0.814399242401123
414 0.3602595925331116
415 1.5101395845413208
416 0.21175646781921387
417 0.6298847198486328
418 0.5622993111610413
419 0.4995497465133667
420 0.5567988157272339
421 0.5417861342430115
422 0.14716729521751404
423 0.2848202884197235
424 0.20882351696491241
425 0.8574730753898621
426 0.4632820785045624
427 1.1107414960861206
428 0.5954481959342957
429 0.3917504847049713
430 1.253150463104248
431 0.6787437200546265
432 0.4959024488925934
433 0.6575051546096802
434 0.2789914011955261
435 0.2448744922876358
436 0.3358136713504791
437 0.45467323064804077
438 0.29787319898605347
439 0.5402742624282837
440 0.745755136013031
441 0.5986137986183167
442 0.1696169078350067
443 0.15935102105140686
444 0.25668907165527344
445 0.2205851674079895
446 0.7568438053131104
447 0.20354823768138885
448 0.5402002930641174
449 0.2819369435310364
450 0.6005973219871521
451 0.5266592502593994
452 0.5239977836608887
453 0.43593186140060425
454 0.6115998029708862
455 0.38819730281829834
456 0.24648064374923706
457 0.30215325951576233
458 0.4802265763282776
459 0.4545382857322693
460 0.578103244304657
461 0.1540873497724533
462 0.25493374466896057
463 0.3540819585323334
464 0.08029060810804367
465 0.297315776348114
466 0.1391308307647705
467 0.15613485872745514
468 0.12232425063848495
469 0.3908589482307434
470 0.2582595646381378
471 0.17322057485580444
472 0.24485473334789276
473 0.17946381866931915
474 0.2135949730873108
475 0.27163195610046387
476 0.3032800555229187
477 0.21519222855567932
478 0.2539733648300171
479 0.11767788231372833
480 0.18231599032878876
481 0.15180322527885437
482 0.1345873475074768
483 0.058377351611852646
484 0.1177143007516861
485 0.10531199723482132
486 0.12196114659309387
487 0.20264028012752533
488 0.1350012719631195
489 0.20435139536857605
490 0.07088000327348709
491 0.14891250431537628
492 0.19208765029907227
493 0.1418435126543045
494 0.27506664395332336
495 0.19242191314697266
496 0.20828858017921448
497 0.3055461645126343
498 0.14732016623020172
499 0.1254907101392746
500 0.25490304827690125
501 0.07435676455497742
502 0.1274474412202835
503 0.1332537680864334
504 0.142339825630188
505 0.1050509661436081
506 0.02631242945790291
507 0.12398243695497513
508 0.11517094075679779
509 0.1467844545841217
510 0.06847178936004639
511 0.09681478142738342
512 0.15289300680160522
513 0.08964316546916962
514 0.10893607884645462
515 0.05690610408782959
516 0.21028448641300201
517 0.14005263149738312
518 0.0907769501209259
519 0.036387231200933456
520 0.2046550065279007
521 0.13743294775485992
522 0.09019005298614502
523 0.08311907947063446
524 0.08709175884723663
525 0.08975108712911606
526 0.0800064355134964
527 0.042862627655267715
528 0.06883129477500916
529 0.05685161426663399
530 0.07118554413318634
531 0.07341473549604416
532 0.024015478789806366
533 0.04656292125582695
534 0.08745138347148895
535 0.021919190883636475
536 0.07355855405330658
537 0.08755481988191605
538 0.04154081642627716
539 0.04991305246949196
540 0.050780292600393295
541 0.021184802055358887
542 0.0314837284386158
543 0.04737776890397072
544 0.03939491882920265
545 0.025991346687078476
546 0.05324304848909378
547 0.013248572126030922
548 0.03843218833208084
549 0.04057832434773445
550 0.07005409896373749
551 0.04518325999379158
552 0.033375225961208344
553 0.08667457848787308
554 0.04577431455254555
555 0.05187232047319412
556 0.03559032082557678
557 0.033855557441711426
558 0.02766970545053482
559 0.00835379771888256
560 0.03335515782237053
561 0.04041624814271927
562 0.015724949538707733
563 0.030736425891518593
564 0.04073441028594971
565 0.025458676740527153
566 0.06346293538808823
567 0.014582203701138496
568 0.022806532680988312
569 0.013681690208613873
570 0.03781595081090927
571 0.061387866735458374
572 0.02584845945239067
573 0.02079768292605877
574 0.01605333760380745
575 0.02040785178542137
576 0.021545758470892906
577 0.02593924291431904
578 0.030197110027074814
579 0.026628481224179268
580 0.029423266649246216
581 0.0329815037548542
582 0.027117928490042686
583 0.022338666021823883
584 0.020430490374565125
585 0.013856426812708378
586 0.017137179151177406
587 0.0228629931807518
588 0.006555583793669939
589 0.01029743067920208
590 0.014042383059859276
591 0.012922859750688076
592 0.018944505602121353
593 0.018507637083530426
594 0.026103345677256584
595 0.014299524948000908
596 0.01437147706747055
597 0.010855010710656643
598 0.009770258329808712
599 0.012467780150473118
600 0.017340032383799553
601 0.017045756801962852
602 0.007569458335638046
603 0.01474789809435606
604 0.012284265831112862
605 0.016675835475325584
606 0.014062878675758839
607 0.007898653857409954
608 0.012560646049678326
609 0.011588641442358494
610 0.006881942506879568
611 0.023852843791246414
612 0.009707080200314522
613 0.011481136083602905
614 0.015749961137771606
615 0.008720727637410164
616 0.015852080658078194
617 0.011695599183440208
618 0.015704013407230377
619 0.012486828491091728
620 0.009534463286399841
621 0.011772765778005123
622 0.01048189215362072
623 0.015348165296018124
624 0.004960828926414251
625 0.010277346707880497
626 0.012618577107787132
627 0.007052143570035696
628 0.003534050425514579
629 0.009828140027821064
630 0.011499638669192791
631 0.01265427004545927
632 0.006583907641470432
633 0.013539457693696022
634 0.011936482973396778
635 0.010883315466344357
636 0.013532917015254498
637 0.0025867666117846966
638 0.008838589303195477
639 0.0062873391434550285
640 0.007936524227261543
641 0.005479085724800825
642 0.015858523547649384
643 0.005915091373026371
644 0.015059649012982845
645 0.009085850790143013
646 0.007488789968192577
647 0.005561256315559149
648 0.0068762702867388725
649 0.007406696677207947
650 0.005586032755672932
651 0.009519887156784534
652 0.008585096336901188
653 0.005135360173881054
654 0.00927648227661848
655 0.00578272994607687
656 0.009530920535326004
657 0.007138197775930166
658 0.00601498456671834
659 0.007210164330899715
660 0.0058677466586232185
661 0.007296280469745398
662 0.00936828926205635
663 0.007271347101777792
664 0.008621597662568092
665 0.0056519233621656895
666 0.006953323259949684
667 0.008532095700502396
668 0.011754322797060013
669 0.008481279946863651
670 0.006055737845599651
671 0.016177823767066002
672 0.006821056362241507
673 0.0024019244592636824
674 0.0068153925240039825
675 0.009170958772301674
676 0.007949692197144032
677 0.006378897465765476
678 0.005078859161585569
679 0.011230227537453175
680 0.010654675774276257
681 0.008893340826034546
682 0.009442424401640892
683 0.006070469971746206
684 0.007052592001855373
685 0.0076559376902878284
686 0.00620251102373004
687 0.011346172541379929
688 0.010348106734454632
689 0.0044740051962435246
690 0.00868014246225357
691 0.005925160367041826
692 0.006928330287337303
693 0.009813494049012661
694 0.007228186819702387
695 0.004082408733665943
696 0.004914014600217342
697 0.002128175226971507
698 0.006893927231431007
699 0.005390900652855635
700 0.005906387697905302
701 0.007064302451908588
702 0.0053987340070307255
703 0.0061986991204321384
704 0.005160068161785603
705 0.010016954503953457
706 0.008815341629087925
707 0.01046483963727951
708 0.008149398490786552
709 0.007763291243463755
710 0.010009205900132656
711 0.0029232390224933624
712 0.006212993524968624
713 0.00831652246415615
714 0.007448522374033928
715 0.007599595934152603
716 0.006940021179616451
717 0.007226155139505863
718 0.011241164058446884
719 0.008161191828548908
720 0.00399895291775465
721 0.0033515100367367268
722 0.007729952689260244
723 0.006298909895122051
724 0.008537041023373604
725 0.009758640080690384
726 0.0045629763044416904
727 0.005613452754914761
728 0.011642884463071823
729 0.002463081618770957
730 0.0020738523453474045
731 0.0028055820148438215
732 0.005937668960541487
733 0.007672303356230259
734 0.005551015492528677
735 0.00673759775236249
736 0.006106421817094088
737 0.005880441516637802
738 0.005360118113458157
739 0.006599525921046734
740 0.0044081564992666245
741 0.005720073822885752
742 0.007255656644701958
743 0.007841021753847599
744 0.006098488345742226
745 0.006888565607368946
746 0.0015174590516835451
747 0.004447116516530514
748 0.0035713023971766233
749 0.005232024937868118
750 0.006932648830115795
751 0.0049283467233181
752 0.0029680533334612846
753 0.007639735005795956
754 0.006266997195780277
755 0.0026205978356301785
756 0.007833964191377163
757 0.008064407855272293
758 0.002904099179431796
759 0.005461166147142649
760 0.0030053877271711826
761 0.004863086622208357
762 0.007967392913997173
763 0.006129817105829716
764 0.004356424789875746
765 0.005862040910869837
766 0.00728426082059741
767 0.006441351491957903
768 0.00860386248677969
769 0.0035176919773221016
770 0.00861421599984169
771 0.006874685641378164
772 0.004293539095669985
773 0.00256683980114758
774 0.005722422618418932
775 0.0052128746174275875
776 0.004207081161439419
777 0.0035460926592350006
778 0.005847550928592682
779 0.008044593967497349
780 0.005666833370923996
781 0.006112579721957445
782 0.004433189984411001
783 0.004603027366101742
784 0.0033793437760323286
785 0.006799259223043919
786 0.00596675043925643
787 0.005268809385597706
788 0.00580892339348793
789 0.005354658700525761
790 0.00396342109888792
791 0.007909273728728294
792 0.005914574488997459
793 0.004568533971905708
794 0.006082824897021055
795 0.005635907407850027
796 0.006133048329502344
797 0.005035105627030134
798 0.0038670762442052364
799 0.005865240469574928
800 0.00552662368863821
801 0.003150864038616419
802 0.007298147305846214
803 0.0026832642033696175
804 0.0037400093860924244
805 0.008501802571117878
806 0.00445982813835144
807 0.008503124117851257
808 0.005708959884941578
809 0.002749907784163952
810 0.005868353880941868
811 0.005635314155369997
812 0.0029050318989902735
813 0.0067002298310399055
814 0.0021296741906553507
815 0.004966711159795523
816 0.004261009395122528
817 0.004216281697154045
818 0.004791140090674162
819 0.004132297821342945
820 0.00443603191524744
821 0.0029636863619089127
822 0.0077321529388427734
823 0.0033133747056126595
824 0.0032552236225456
825 0.005372323095798492
826 0.0050144074484705925
827 0.004959754645824432
828 0.00331113301217556
829 0.004393140785396099
830 0.00495152547955513
831 0.00859444122761488
832 0.0030263897497206926
833 0.0029652214143425226
834 0.004019647836685181
835 0.0032872711308300495
836 0.0071317958645522594
837 0.007386984769254923
838 0.008155422285199165
839 0.005175320897251368
840 0.00320960721001029
841 0.006673986557871103
842 0.004120024386793375
843 0.002012088429182768
844 0.006965904496610165
845 0.0059397718869149685
846 0.0040612914599478245
847 0.004140268079936504
848 0.0022488688118755817
849 0.0029704419430345297
850 0.005103934556245804
851 0.004457441624253988
852 0.0029491246677935123
853 0.0033473442308604717
854 0.005971305072307587
855 0.004915524739772081
856 0.004231376573443413
857 0.0028403669130057096
858 0.005504215136170387
859 0.005684651900082827
860 0.0050035626627504826
861 0.003889384213835001
862 0.005531120579689741
863 0.003601230215281248
864 0.002004242967814207
865 0.0029785463120788336
866 0.00484055420383811
867 0.005588379688560963
868 0.005591795779764652
869 0.0007286052568815649
870 0.002215431071817875
871 0.006132344715297222
872 0.005707897245883942
873 0.004855085629969835
874 0.00526934489607811
875 0.004211900755763054
876 0.0023081726394593716
877 0.002736479276791215
878 0.0010615137871354818
879 0.00403363723307848
880 0.005787856876850128
881 0.003069772385060787
882 0.003394588828086853
883 0.005338229238986969
884 0.005272275768220425
885 0.004605152178555727
886 0.002553921192884445
887 0.003935304470360279
888 0.0048242006450891495
889 0.002943627070635557
890 0.004056669771671295
891 0.0036701655481010675
892 0.003934178035706282
893 0.00392056442797184
894 0.003851753193885088
895 0.007405731827020645
896 0.0024811557959765196
897 0.0027976883575320244
898 0.004951097071170807
899 0.003963606897741556
900 0.0038965626154094934
901 0.00301169790327549
902 0.0075271339155733585
903 0.002706142608076334
904 0.002573698293417692
905 0.0048149763606488705
906 0.0031937244348227978
907 0.003997650928795338
908 0.0037756834644824266
909 0.006592084188014269
910 0.0026775903534144163
911 0.002528695622459054
912 0.0024817404337227345
913 0.004658232908695936
914 0.004435138311237097
915 0.0040037608705461025
916 0.0030136513523757458
917 0.0049094874411821365
918 0.005057444330304861
919 0.0030183722265064716
920 0.0033954272512346506
921 0.0036781595554202795
922 0.004441067110747099
923 0.004448159597814083
924 0.00686242338269949
925 0.002604994922876358
926 0.005840896163135767
927 0.0021388607565313578
928 0.003196717705577612
929 0.004110494628548622
930 0.005029415246099234
931 0.004248976707458496
932 0.0024337144568562508
933 0.0028114616870880127
934 0.003782757092267275
935 0.0037553077563643456
936 0.0027056755498051643
937 0.004802853800356388
938 0.0032331475522369146
939 0.0034582684747874737
940 0.0026471419259905815
941 0.005072030704468489
942 0.0035567739978432655
943 0.003983269911259413
944 0.0036402263212949038
945 0.004147110041230917
946 0.004339984618127346
947 0.004851517267525196
948 0.0034342543222010136
949 0.005400104448199272
950 0.005664316937327385
951 0.0035321726463735104
952 0.0029210522770881653
953 0.003033398650586605
954 0.0028009263332933187
955 0.004531680140644312
956 0.003007822437211871
957 0.003890242427587509
958 0.003917240537703037
959 0.0043402379378676414
960 0.0027086015325039625
961 0.003291955916211009
962 0.004733217880129814
963 0.005731527227908373
964 0.004618068225681782
965 0.003058931790292263
966 0.0035041323862969875
967 0.0034475279971957207
968 0.002297688042744994
969 0.0027088946662843227
970 0.002878631232306361
971 0.004506062250584364
972 0.0019621492829173803
973 0.004435089882463217
974 0.002593826735392213
975 0.0013966012047603726
976 0.0057049710303545
977 0.0027119156438857317
978 0.003609536914154887
979 0.003269508481025696
980 0.0030488185584545135
981 0.00279630022123456
982 0.003915797453373671
983 0.0028608606662601233
984 0.004628161899745464
985 0.0026465170085430145
986 0.005305904429405928
987 0.003324660239741206
988 0.0034128574188798666
989 0.00398170156404376
990 0.001774356933310628
991 0.003978242166340351
992 0.003419172018766403
993 0.002867002971470356
994 0.0041395933367311954
995 0.00198374898172915
996 0.0014412922319024801
997 0.0035472214221954346
998 0.002723441459238529
999 0.004103406798094511
