0 8.528843879699707
1 6.645045757293701
2 5.819414138793945
3 7.041855335235596
4 6.015838146209717
5 4.1886138916015625
6 4.465235710144043
7 3.4338650703430176
8 3.563298225402832
9 4.160573959350586
10 5.58066463470459
11 3.9235100746154785
12 1.8886421918869019
13 1.669576644897461
14 5.214564800262451
15 5.000578880310059
16 5.351778984069824
17 2.068920612335205
18 2.650934934616089
19 1.997071385383606
20 2.117819309234619
21 3.7023913860321045
22 3.0901618003845215
23 1.050951361656189
24 2.349963426589966
25 3.206975221633911
26 4.0374040603637695
27 3.4169321060180664
28 0.27861887216567993
29 3.784364700317383
30 5.6797776222229
31 2.554166793823242
32 2.022188901901245
33 2.887895345687866
34 1.9972156286239624
35 5.005067348480225
36 4.594882011413574
37 5.405750274658203
38 2.720090389251709
39 5.037420749664307
40 1.0093071460723877
41 1.492034673690796
42 0.4338390827178955
43 3.0384881496429443
44 3.369642496109009
45 1.7953834533691406
46 2.1744439601898193
47 1.2798168659210205
48 1.3260093927383423
49 4.54248571395874
50 2.4982709884643555
51 1.8108599185943604
52 3.8701117038726807
53 1.0349059104919434
54 2.2282071113586426
55 3.835974931716919
56 3.6475303173065186
57 3.4321646690368652
58 2.1870110034942627
59 1.1195635795593262
60 1.4077823162078857
61 3.373157262802124
62 0.7120869159698486
63 2.8352036476135254
64 0.2598319947719574
65 5.8542327880859375
66 2.7045187950134277
67 2.241795778274536
68 1.2069445848464966
69 4.338473320007324
70 3.669174909591675
71 4.789432048797607
72 1.7719478607177734
73 2.952981948852539
74 3.0088841915130615
75 2.0414488315582275
76 3.3664422035217285
77 3.214296579360962
78 1.0921106338500977
79 3.6589157581329346
80 1.6634868383407593
81 2.62770676612854
82 3.2272539138793945
83 2.4365103244781494
84 1.797014832496643
85 0.6232884526252747
86 1.949215292930603
87 2.0888638496398926
88 5.745409965515137
89 4.7519755363464355
90 4.070319652557373
91 2.0442421436309814
92 5.036909103393555
93 3.112086057662964
94 2.489537000656128
95 3.903005599975586
96 2.9844412803649902
97 2.8012354373931885
98 3.0133919715881348
99 2.334381341934204
100 0.39415115118026733
101 0.8767486214637756
102 2.9014346599578857
103 3.1198060512542725
104 1.3363605737686157
105 2.922450304031372
106 3.491581439971924
107 2.0663042068481445
108 3.7420945167541504
109 3.3708322048187256
110 3.825194835662842
111 1.3833081722259521
112 2.248417854309082
113 0.7014093399047852
114 3.398486614227295
115 3.7955265045166016
116 1.9126750230789185
117 2.150339126586914
118 3.518275022506714
119 2.734609842300415
120 2.211789608001709
121 3.8693742752075195
122 4.196483135223389
123 5.408146858215332
124 3.388339042663574
125 2.924201011657715
126 3.3782334327697754
127 2.0578019618988037
128 2.35628604888916
129 3.3684351444244385
130 2.5119199752807617
131 1.9336163997650146
132 6.66194486618042
133 0.7108229398727417
134 2.3498988151550293
135 1.9945662021636963
136 1.7522481679916382
137 1.5573499202728271
138 1.5220451354980469
139 4.120192050933838
140 2.015611171722412
141 0.663139820098877
142 2.018620729446411
143 5.95058012008667
144 1.6321481466293335
145 2.7895302772521973
146 1.3934136629104614
147 1.812081217765808
148 1.5403209924697876
149 5.5423688888549805
150 2.4228854179382324
151 3.9559433460235596
152 3.585089921951294
153 4.685880661010742
154 7.459902286529541
155 2.8008439540863037
156 2.586989402770996
157 1.4212862253189087
158 1.0239205360412598
159 2.2622430324554443
160 1.306477427482605
161 3.2474524974823
162 1.8012967109680176
163 0.2115197330713272
164 4.396580696105957
165 1.7716383934020996
166 1.3498189449310303
167 3.0945656299591064
168 0.8313508033752441
169 1.8307713270187378
170 3.9236831665039062
171 1.1854254007339478
172 0.9507719874382019
173 3.022839069366455
174 1.9118837118148804
175 1.6144850254058838
176 4.160721302032471
177 1.9767816066741943
178 2.541893482208252
179 2.724363327026367
180 3.7376766204833984
181 1.5937914848327637
182 1.2329647541046143
183 3.4672951698303223
184 1.1861326694488525
185 3.028424024581909
186 1.863889217376709
187 2.97171688079834
188 1.7011189460754395
189 3.720587730407715
190 0.2192707359790802
191 0.3738505244255066
192 2.533916473388672
193 5.50930118560791
194 4.359903335571289
195 4.217113494873047
196 3.3430144786834717
197 2.335770606994629
198 4.438765525817871
199 3.5935275554656982
200 1.6412979364395142
201 1.6759305000305176
202 5.024407386779785
203 1.400776743888855
204 3.2142632007598877
205 2.252885341644287
206 2.795553684234619
207 5.761148929595947
208 0.619975209236145
209 2.4580509662628174
210 2.2885022163391113
211 1.9548625946044922
212 3.7651708126068115
213 3.3518199920654297
214 2.6278913021087646
215 2.378671884536743
216 3.876269817352295
217 2.710299491882324
218 4.67906379699707
219 2.2429378032684326
220 2.471576690673828
221 2.7084784507751465
222 1.1050655841827393
223 1.3025588989257812
224 1.3380727767944336
225 0.2823769748210907
226 2.913027286529541
227 2.3310658931732178
228 0.415980726480484
229 2.150768280029297
230 2.780198335647583
231 1.95676851272583
232 1.7358653545379639
233 3.858325958251953
234 3.9144468307495117
235 3.8926260471343994
236 2.5716347694396973
237 4.645096302032471
238 1.66632878780365
239 1.842919945716858
240 2.804436445236206
241 1.5900413990020752
242 2.762911081314087
243 2.0013928413391113
244 4.357256889343262
245 3.5182251930236816
246 2.118328809738159
247 1.1867495775222778
248 2.423891305923462
249 2.9524989128112793
250 0.36883485317230225
251 3.6667838096618652
252 4.001665115356445
253 2.3268699645996094
254 0.5498715043067932
255 1.8659368753433228
256 3.1099328994750977
257 3.5999596118927
258 1.3379650115966797
259 3.700532913208008
260 1.552598237991333
261 2.9316351413726807
262 2.481785774230957
263 2.44028639793396
264 1.4751299619674683
265 3.9723763465881348
266 2.6670265197753906
267 3.0938267707824707
268 1.8520179986953735
269 2.3636457920074463
270 1.855493426322937
271 4.2550177574157715
272 1.717370867729187
273 0.9596956968307495
274 3.7511181831359863
275 3.543696165084839
276 3.193974018096924
277 1.2358639240264893
278 3.0116007328033447
279 2.866215229034424
280 3.952974319458008
281 3.2284657955169678
282 1.3352069854736328
283 1.8837140798568726
284 0.7303599119186401
285 1.6314562559127808
286 2.4825823307037354
287 0.6648432612419128
288 0.7669270038604736
289 3.443929672241211
290 0.682429313659668
291 1.4433342218399048
292 2.6314728260040283
293 1.9292536973953247
294 0.928763210773468
295 2.5926921367645264
296 2.2860658168792725
297 1.9541256427764893
298 1.6823621988296509
299 1.1167545318603516
300 0.9506081938743591
301 1.777045488357544
302 2.3776354789733887
303 2.8815364837646484
304 4.258660316467285
305 0.5442731976509094
306 2.2358152866363525
307 2.7092247009277344
308 3.2661478519439697
309 1.5792957544326782
310 3.0691609382629395
311 1.9233500957489014
312 1.7519786357879639
313 1.9506851434707642
314 3.263209104537964
315 2.8088431358337402
316 2.268954277038574
317 1.417557716369629
318 3.24558424949646
319 1.9435714483261108
320 2.2870991230010986
321 0.8599927425384521
322 3.881450653076172
323 2.9950411319732666
324 2.2112514972686768
325 2.2103209495544434
326 1.3799275159835815
327 4.270172119140625
328 3.6441469192504883
329 2.8242413997650146
330 2.22302508354187
331 1.9754825830459595
332 2.1186747550964355
333 1.2502906322479248
334 3.3128459453582764
335 2.430347442626953
336 2.1002118587493896
337 1.8462088108062744
338 2.034891366958618
339 1.3092625141143799
340 2.5629427433013916
341 0.7293757200241089
342 1.2624316215515137
343 2.7976126670837402
344 1.4050843715667725
345 0.6406028270721436
346 1.7149364948272705
347 1.3637961149215698
348 1.3999183177947998
349 1.7431172132492065
350 0.39907458424568176
351 2.2119624614715576
352 1.7640727758407593
353 1.8958206176757812
354 0.9041222333908081
355 0.9555613398551941
356 3.021923303604126
357 1.8968505859375
358 0.5352820754051208
359 1.2951223850250244
360 0.8941001892089844
361 1.4852325916290283
362 0.5486957430839539
363 3.017301082611084
364 1.9597065448760986
365 2.048689842224121
366 2.276093006134033
367 0.7610189318656921
368 0.9168598651885986
369 1.4702659845352173
370 0.35079142451286316
371 1.0221941471099854
372 0.9639561176300049
373 0.0975266546010971
374 0.7963433861732483
375 2.354583740234375
376 0.7670508027076721
377 1.2678700685501099
378 1.2053947448730469
379 1.5425078868865967
380 1.2707618474960327
381 0.8096120357513428
382 0.31930774450302124
383 1.7019932270050049
384 1.0470260381698608
385 0.758006751537323
386 0.7860606908798218
387 0.7347204089164734
388 1.6005908250808716
389 0.5433470010757446
390 1.6584491729736328
391 0.5367791652679443
392 0.8744717836380005
393 0.4418995976448059
394 1.8809658288955688
395 1.4889357089996338
396 0.9747830033302307
397 1.7656527757644653
398 0.7331799864768982
399 0.3212793171405792
400 0.7942967414855957
401 1.930971622467041
402 0.21909938752651215
403 0.7679281830787659
404 0.6104208827018738
405 0.6493276953697205
406 0.9130332469940186
407 1.640708088874817
408 0.8365715742111206
409 0.24274882674217224
410 0.4035795032978058
411 0.1889214813709259
412 0.7318111658096313
413 0.8784472942352295
414 1.2154017686843872
415 1.0364314317703247
416 0.36849504709243774
417 0.3700018525123596
418 0.7554067969322205
419 0.8565754294395447
420 0.11752062290906906
421 0.6475165486335754
422 0.679459810256958
423 0.5777191519737244
424 0.5832285284996033
425 0.3460301160812378
426 0.2980274558067322
427 0.22675122320652008
428 1.096279501914978
429 0.46401867270469666
430 1.0815889835357666
431 0.6086187362670898
432 0.13999179005622864
433 1.2741600275039673
434 0.6399122476577759
435 0.6518096327781677
436 0.4233188033103943
437 0.6699709892272949
438 0.6082631349563599
439 0.2229897826910019
440 0.03273913264274597
441 0.6626530289649963
442 0.17975254356861115
443 0.6330068111419678
444 0.3137347400188446
445 0.4774177670478821
446 0.5212376713752747
447 0.35631176829338074
448 0.3089563846588135
449 0.08469440788030624
450 0.27265042066574097
451 0.28969278931617737
452 0.2738959491252899
453 0.1266414374113083
454 0.21218541264533997
455 0.13439959287643433
456 0.12139194458723068
457 0.3345701992511749
458 0.07805037498474121
459 0.9551329612731934
460 0.23572078347206116
461 0.10576827824115753
462 0.28233134746551514
463 0.3350621163845062
464 0.2561154067516327
465 0.17477107048034668
466 0.2950630187988281
467 0.5516787767410278
468 0.2787114083766937
469 0.33743610978126526
470 0.25420552492141724
471 0.17815908789634705
472 0.3136894702911377
473 0.23870275914669037
474 0.09935397654771805
475 0.2678016722202301
476 0.30931025743484497
477 0.08078325539827347
478 0.12296250462532043
479 0.23209306597709656
480 0.10021291673183441
481 0.1816449910402298
482 0.3219228982925415
483 0.29551756381988525
484 0.10992462188005447
485 0.24451327323913574
486 0.15379749238491058
487 0.15536534786224365
488 0.07118173688650131
489 0.12367793917655945
490 0.16311010718345642
491 0.18697114288806915
492 0.41910362243652344
493 0.15957941114902496
494 0.16560985147953033
495 0.1724575161933899
496 0.23005494475364685
497 0.1049879863858223
498 0.2160751223564148
499 0.2705775797367096
500 0.11015572398900986
501 0.15874455869197845
502 0.18479014933109283
503 0.12818662822246552
504 0.16864259541034698
505 0.10378507524728775
506 0.1583562195301056
507 0.07029522210359573
508 0.040578074753284454
509 0.08200204372406006
510 0.11658243834972382
511 0.13332056999206543
512 0.08550572395324707
513 0.08376041054725647
514 0.10595960915088654
515 0.10486368089914322
516 0.12737929821014404
517 0.15581247210502625
518 0.11215658485889435
519 0.16256767511367798
520 0.15175946056842804
521 0.11434144526720047
522 0.13162587583065033
523 0.1346854716539383
524 0.08074770122766495
525 0.0789082869887352
526 0.10120934993028641
527 0.016908323392271996
528 0.12623240053653717
529 0.06799833476543427
530 0.0697130337357521
531 0.09686010330915451
532 0.046917907893657684
533 0.07049895077943802
534 0.06862417608499527
535 0.12416236847639084
536 0.06288635730743408
537 0.03133457526564598
538 0.0561753585934639
539 0.050155505537986755
540 0.11435341835021973
541 0.05525385960936546
542 0.038685861974954605
543 0.033988114446401596
544 0.07695947587490082
545 0.05300113558769226
546 0.03773842751979828
547 0.05808475613594055
548 0.07842420041561127
549 0.02826349064707756
550 0.040877752006053925
551 0.036120690405368805
552 0.05619528889656067
553 0.0320667140185833
554 0.06757599115371704
555 0.01693568378686905
556 0.05412937328219414
557 0.047270871698856354
558 0.03733040764927864
559 0.030160363763570786
560 0.033998116850852966
561 0.03167063370347023
562 0.046939998865127563
563 0.011035597883164883
564 0.01964731514453888
565 0.03072374314069748
566 0.03249787166714668
567 0.030154546722769737
568 0.03661544620990753
569 0.03335780277848244
570 0.02746225707232952
571 0.02358834259212017
572 0.012890243902802467
573 0.03679235279560089
574 0.03516500070691109
575 0.019536981359124184
576 0.029455633834004402
577 0.016717905178666115
578 0.024955615401268005
579 0.015913117676973343
580 0.01829025335609913
581 0.021306170150637627
582 0.01709602214396
583 0.021954823285341263
584 0.024036528542637825
585 0.020047996193170547
586 0.030687840655446053
587 0.023127680644392967
588 0.0201678816229105
589 0.02160542830824852
590 0.019881997257471085
591 0.020852020010352135
592 0.026699651032686234
593 0.020507270470261574
594 0.014351165853440762
595 0.012230227701365948
596 0.02400233969092369
597 0.015234622173011303
598 0.014765389263629913
599 0.006603745743632317
600 0.02249070070683956
601 0.014234882779419422
602 0.013800404034554958
603 0.011205037124454975
604 0.01274835504591465
605 0.011782553978264332
606 0.006203128956258297
607 0.015350456349551678
608 0.015603816136717796
609 0.007563446648418903
610 0.007579922676086426
611 0.009211326017975807
612 0.008651623502373695
613 0.009774324484169483
614 0.008178981952369213
615 0.0063983360305428505
616 0.018685003742575645
617 0.010106638073921204
618 0.009324479848146439
619 0.006914505735039711
620 0.01111644972115755
621 0.004297911189496517
622 0.017726702615618706
623 0.005578216165304184
624 0.006600551772862673
625 0.013282167725265026
626 0.010707110166549683
627 0.013571357354521751
628 0.01060640998184681
629 0.008092903532087803
630 0.011283837258815765
631 0.006688407622277737
632 0.013859175145626068
633 0.006692373193800449
634 0.006179875694215298
635 0.0086356895044446
636 0.008219276554882526
637 0.007086502853780985
638 0.013404177501797676
639 0.0019145947881042957
640 0.005333936307579279
641 0.015019952319562435
642 0.005818301811814308
643 0.0049246675334870815
644 0.006755195092409849
645 0.01094862911850214
646 0.003987228963524103
647 0.010510263964533806
648 0.009604916907846928
649 0.011067979037761688
650 0.00955103524029255
651 0.005201051011681557
652 0.008814274333417416
653 0.008528996258974075
654 0.007502497639507055
655 0.0060601606965065
656 0.00810389593243599
657 0.0025011012330651283
658 0.008416139520704746
659 0.01342354528605938
660 0.011456858366727829
661 0.005110670812427998
662 0.00956339668482542
663 0.011156538501381874
664 0.006186181679368019
665 0.010430235415697098
666 0.008994139730930328
667 0.0068348986096680164
668 0.006662596482783556
669 0.005285349674522877
670 0.007789985742419958
671 0.008576920256018639
672 0.00730952899903059
673 0.00736951781436801
674 0.006128302775323391
675 0.005220336839556694
676 0.007438966538757086
677 0.006241695024073124
678 0.007283379789441824
679 0.006143810227513313
680 0.0032525788992643356
681 0.004650336690247059
682 0.008862619288265705
683 0.007323120255023241
684 0.005941201467067003
685 0.0032687049824744463
686 0.00955831166356802
687 0.006174136884510517
688 0.005681641399860382
689 0.00748214777559042
690 0.007361413445323706
691 0.006253018509596586
692 0.00532808993011713
693 0.006935983896255493
694 0.004464543890208006
695 0.00791187584400177
696 0.0044034626334905624
697 0.006708860397338867
698 0.01020494382828474
699 0.0054425569251179695
700 0.01190474908798933
701 0.008489777334034443
702 0.004645911045372486
703 0.010517863556742668
704 0.007938881404697895
705 0.008354771882295609
706 0.003647651756182313
707 0.009682812727987766
708 0.006486190017312765
709 0.006801432464271784
710 0.004580878186970949
711 0.004495861008763313
712 0.006931960117071867
713 0.008289488032460213
714 0.009975326247513294
715 0.0034926619846373796
716 0.008643949404358864
717 0.006169178523123264
718 0.009094561450183392
719 0.008033638820052147
720 0.00867573730647564
721 0.0060231308452785015
722 0.009137026965618134
723 0.006100031081587076
724 0.005451335571706295
725 0.006363244261592627
726 0.0042384169064462185
727 0.005400285590440035
728 0.008878042921423912
729 0.004791224375367165
730 0.00556664215400815
731 0.006174647249281406
732 0.005396522581577301
733 0.007056123111397028
734 0.004794851876795292
735 0.008420201018452644
736 0.0046143787913024426
737 0.003598510753363371
738 0.003919078502804041
739 0.0051520029082894325
740 0.005545952823013067
741 0.006273991893976927
742 0.00504411431029439
743 0.00511520029976964
744 0.005799825768917799
745 0.005685911048203707
746 0.004710775800049305
747 0.005751366727054119
748 0.004610181786119938
749 0.005514041054993868
750 0.008158090524375439
751 0.005670373793691397
752 0.004904577974230051
753 0.005604980979114771
754 0.006532853003591299
755 0.0086858244612813
756 0.005291245877742767
757 0.004029177129268646
758 0.005839663092046976
759 0.007070227991789579
760 0.005150612443685532
761 0.0049031758680939674
762 0.007953968830406666
763 0.0025431837420910597
764 0.004017889499664307
765 0.007148039061576128
766 0.006970897316932678
767 0.008802486583590508
768 0.0053940750658512115
769 0.0040853871032595634
770 0.0074326698668301105
771 0.0034174127504229546
772 0.007209697738289833
773 0.006953234784305096
774 0.003273474983870983
775 0.0031701521947979927
776 0.0036053545773029327
777 0.006232332903891802
778 0.007636828813701868
779 0.0025769653730094433
780 0.004727177321910858
781 0.006198546849191189
782 0.002531972248107195
783 0.005588338244706392
784 0.006047644652426243
785 0.004447486251592636
786 0.0022645771969109774
787 0.00550425611436367
788 0.006491952575743198
789 0.00487604271620512
790 0.002939240774139762
791 0.004810930695384741
792 0.00796634890139103
793 0.002765429439023137
794 0.003521275008097291
795 0.00447761919349432
796 0.006619365885853767
797 0.0038527227006852627
798 0.003385098185390234
799 0.005233047530055046
800 0.002492194762453437
801 0.004615110345184803
802 0.006701665464788675
803 0.0056449128314852715
804 0.004125168081372976
805 0.0038002864457666874
806 0.0042021009139716625
807 0.0055960784666240215
808 0.0018045308534055948
809 0.005412035621702671
810 0.002694149035960436
811 0.003289001528173685
812 0.006730394437909126
813 0.006479554809629917
814 0.0038644832093268633
815 0.005533159710466862
816 0.0046189697459340096
817 0.003831567708402872
818 0.0042802440002560616
819 0.002524846699088812
820 0.004830130375921726
821 0.004367996007204056
822 0.004630514420568943
823 0.005827364511787891
824 0.004762289579957724
825 0.004733915440738201
826 0.0046611446887254715
827 0.004620323423296213
828 0.005927615333348513
829 0.0033318244386464357
830 0.0032024511601775885
831 0.0076636625453829765
832 0.0036080339923501015
833 0.004833638668060303
834 0.004719652235507965
835 0.003281733952462673
836 0.0043677412904798985
837 0.0063392603769898415
838 0.004914740100502968
839 0.004917375277727842
840 0.0032815365120768547
841 0.0035585137084126472
842 0.005405201576650143
843 0.0030743053648620844
844 0.004121636040508747
845 0.003742325585335493
846 0.002853584475815296
847 0.006410945672541857
848 0.005658079404383898
849 0.0031934718135744333
850 0.004990291781723499
851 0.004943330772221088
852 0.006130887195467949
853 0.00421059038490057
854 0.0059273941442370415
855 0.004418278578668833
856 0.005656733643263578
857 0.006684424355626106
858 0.003990747034549713
859 0.0033329606521874666
860 0.003523539751768112
861 0.004848787095397711
862 0.0034405412152409554
863 0.0031455589924007654
864 0.005878260359168053
865 0.004292640835046768
866 0.0043483455665409565
867 0.005798258353024721
868 0.0044952258467674255
869 0.0034714285284280777
870 0.0036327296402305365
871 0.00619415333494544
872 0.0037017471622675657
873 0.005762291606515646
874 0.005070344544947147
875 0.0024454116355627775
876 0.005377071909606457
877 0.004522333387285471
878 0.003066872712224722
879 0.003954627551138401
880 0.0043459306471049786
881 0.00364094995893538
882 0.004834451247006655
883 0.0027287970297038555
884 0.0033687888644635677
885 0.0039698416367173195
886 0.0075514595955610275
887 0.002664355793967843
888 0.0028185152914375067
889 0.005023051053285599
890 0.005576326511800289
891 0.00416138581931591
892 0.005229037255048752
893 0.0036580467130988836
894 0.0029393001459538937
895 0.002715165726840496
896 0.0037102377973496914
897 0.005962240509688854
898 0.0031233592890203
899 0.004390200134366751
900 0.002206912264227867
901 0.0063579147681593895
902 0.0058096968568861485
903 0.0036093643866479397
904 0.0030716906767338514
905 0.0038994699716567993
906 0.0038603448774665594
907 0.003577033756300807
908 0.004069214221090078
909 0.0021777793299406767
910 0.0017840472282841802
911 0.0016198799712583423
912 0.002043478423729539
913 0.00321284681558609
914 0.0030063283629715443
915 0.006238218862563372
916 0.005157764069736004
917 0.0022394771222025156
918 0.004130666609853506
919 0.0042820763774216175
920 0.0039161862805485725
921 0.006525480188429356
922 0.004781302064657211
923 0.005215044133365154
924 0.004817099776118994
925 0.0026883562095463276
926 0.0046166423708200455
927 0.0029781463090330362
928 0.004175388254225254
929 0.0027251692954450846
930 0.003926360514014959
931 0.004597383551299572
932 0.003078643698245287
933 0.002872847020626068
934 0.0033076598774641752
935 0.0038137747906148434
936 0.0029032579623162746
937 0.003464681329205632
938 0.002599359257146716
939 0.0016301589785143733
940 0.0017430396983399987
941 0.004681328311562538
942 0.0016272501088678837
943 0.005157940089702606
944 0.004314030520617962
945 0.0046020750887691975
946 0.0017826464027166367
947 0.00252430303953588
948 0.004290343727916479
949 0.0042952559888362885
950 0.00517064006999135
951 0.003720885841175914
952 0.004724582657217979
953 0.005389083176851273
954 0.0028050288092345
955 0.004778764210641384
956 0.003788997884839773
957 0.004510308150202036
958 0.0019370695808902383
959 0.0038947828579694033
960 0.004007759969681501
961 0.0010425865184515715
962 0.0028442004695534706
963 0.003865291830152273
964 0.0019085765816271305
965 0.00347348116338253
966 0.0018478292040526867
967 0.005750269629061222
968 0.006522854324430227
969 0.005445748567581177
970 0.0037637483328580856
971 0.004210451617836952
972 0.0031225711572915316
973 0.0035372404381632805
974 0.0018232454312965274
975 0.0037526267115026712
976 0.003368239849805832
977 0.004448790568858385
978 0.004413645248860121
979 0.0024422521237283945
980 0.0019068260444328189
981 0.0038225986063480377
982 0.0031965356320142746
983 0.004370543174445629
984 0.002283973852172494
985 0.002679352881386876
986 0.0028244848363101482
987 0.00396124180406332
988 0.003900389652699232
989 0.004571051802486181
990 0.0027017865795642138
991 0.004713545087724924
992 0.004036598838865757
993 0.0031009868253022432
994 0.0022287690080702305
995 0.001914583845064044
996 0.002757094334810972
997 0.0032016667537391186
998 0.0021573472768068314
999 0.0020199259743094444
