0 327.0655212402344
1 154.81582641601562
2 88.86263275146484
3 29.733043670654297
4 13.953898429870605
5 15.506009101867676
6 8.714730262756348
7 8.28159236907959
8 1.2623924016952515
9 9.84848690032959
10 8.564517974853516
11 11.853421211242676
12 7.175322532653809
13 2.7734625339508057
14 5.3271307945251465
15 8.804509162902832
16 3.7490735054016113
17 7.774382591247559
18 3.311420202255249
19 4.137311935424805
20 8.206582069396973
21 3.4277358055114746
22 9.25391960144043
23 12.509408950805664
24 5.753968715667725
25 1.2113041877746582
26 8.900829315185547
27 3.2661092281341553
28 6.822808265686035
29 3.8047642707824707
30 2.3304543495178223
31 4.252729892730713
32 4.2179718017578125
33 7.39512300491333
34 6.562683582305908
35 6.0044755935668945
36 7.505753517150879
37 3.06221079826355
38 8.263727188110352
39 5.79537296295166
40 5.928272724151611
41 4.81817626953125
42 9.95956039428711
43 6.653350353240967
44 6.168191432952881
45 11.823798179626465
46 5.30682897567749
47 6.679012298583984
48 2.4251132011413574
49 5.589149475097656
50 0.836670994758606
51 5.258820533752441
52 6.128420829772949
53 5.486578464508057
54 3.226666212081909
55 4.3628411293029785
56 6.639512538909912
57 4.502566814422607
58 5.459448337554932
59 3.8707997798919678
60 4.96928596496582
61 7.001309871673584
62 3.641134262084961
63 7.225205421447754
64 2.2488949298858643
65 4.887576103210449
66 3.514767646789551
67 6.751529216766357
68 8.69734001159668
69 3.445033550262451
70 1.9923173189163208
71 3.6847639083862305
72 5.948436737060547
73 4.021515846252441
74 2.770914077758789
75 5.854798316955566
76 5.079472064971924
77 2.136397123336792
78 4.897475242614746
79 5.137351036071777
80 2.209332227706909
81 2.210097074508667
82 3.931145191192627
83 2.559126138687134
84 3.914407968521118
85 1.8408523797988892
86 6.987631320953369
87 4.361136436462402
88 4.401423454284668
89 2.0510900020599365
90 4.969991207122803
91 3.9014365673065186
92 3.2260031700134277
93 6.360628604888916
94 4.293302536010742
95 5.130006313323975
96 6.431501388549805
97 2.9052894115448
98 8.613802909851074
99 2.33553147315979
100 3.9871692657470703
101 6.215747833251953
102 2.493906021118164
103 3.4443166255950928
104 6.433784484863281
105 6.985243797302246
106 6.511674404144287
107 5.3092546463012695
108 3.0041143894195557
109 2.6887192726135254
110 5.276604652404785
111 4.159794807434082
112 2.6848397254943848
113 5.532182216644287
114 3.332226276397705
115 5.687358379364014
116 3.8373546600341797
117 3.863967180252075
118 5.3235979080200195
119 4.740801811218262
120 2.808143138885498
121 5.578576564788818
122 6.155889511108398
123 3.1861841678619385
124 4.975883960723877
125 5.426239967346191
126 3.709561824798584
127 3.7164835929870605
128 6.369032382965088
129 4.457949161529541
130 1.2823901176452637
131 5.28985595703125
132 3.2372708320617676
133 2.8576531410217285
134 2.3965954780578613
135 6.6577467918396
136 2.429222345352173
137 4.4086761474609375
138 2.897545099258423
139 2.8868234157562256
140 4.715931415557861
141 6.3038787841796875
142 4.118133544921875
143 1.6698354482650757
144 4.859825611114502
145 2.5022053718566895
146 4.374656677246094
147 3.7156028747558594
148 2.173917293548584
149 4.731995582580566
150 2.2708191871643066
151 1.3425102233886719
152 2.73252534866333
153 2.513906955718994
154 6.039198875427246
155 4.192028999328613
156 4.073115825653076
157 4.535036087036133
158 1.051948070526123
159 4.502856254577637
160 4.3513922691345215
161 2.8704967498779297
162 2.4219260215759277
163 4.356851577758789
164 2.240980386734009
165 4.277279853820801
166 4.987224102020264
167 6.5918121337890625
168 4.830921173095703
169 3.0937089920043945
170 2.635610342025757
171 4.419111251831055
172 4.5548996925354
173 3.588923931121826
174 4.713333606719971
175 4.468314170837402
176 4.779040813446045
177 1.7811716794967651
178 5.758660793304443
179 1.026340365409851
180 1.541745901107788
181 4.438852310180664
182 2.383481502532959
183 1.680804967880249
184 3.0696773529052734
185 3.3980507850646973
186 4.768311977386475
187 2.5340518951416016
188 1.739694356918335
189 1.6588754653930664
190 2.9231348037719727
191 6.302523136138916
192 3.388605833053589
193 3.6409757137298584
194 1.6231882572174072
195 3.0320513248443604
196 2.3606133460998535
197 0.9884313344955444
198 2.350309133529663
199 3.213479995727539
200 3.254089117050171
201 1.6763639450073242
202 3.4527480602264404
203 4.252830505371094
204 3.8980329036712646
205 3.2180612087249756
206 2.249875068664551
207 4.962772846221924
208 2.8147716522216797
209 3.303330421447754
210 4.613112926483154
211 2.4050164222717285
212 2.2168643474578857
213 3.6393375396728516
214 3.012829542160034
215 5.008184909820557
216 4.915577411651611
217 1.192618489265442
218 2.4855003356933594
219 4.77337121963501
220 2.7361772060394287
221 3.059865713119507
222 2.9015135765075684
223 2.3609259128570557
224 2.084530830383301
225 4.358390808105469
226 1.0633211135864258
227 4.128914833068848
228 3.5633158683776855
229 2.947482109069824
230 2.037017822265625
231 4.861828804016113
232 3.3195786476135254
233 3.740128517150879
234 2.0087146759033203
235 1.5928210020065308
236 2.492987871170044
237 0.9305333495140076
238 3.8006179332733154
239 2.3911540508270264
240 1.877090334892273
241 4.535544395446777
242 1.3837676048278809
243 3.148998260498047
244 1.3703560829162598
245 2.530970335006714
246 2.9079556465148926
247 3.409637928009033
248 3.2870101928710938
249 1.5908023118972778
250 1.98685622215271
251 1.2938379049301147
252 4.859250545501709
253 3.2120609283447266
254 2.8621482849121094
255 1.7696404457092285
256 1.6724644899368286
257 2.07873272895813
258 1.4410532712936401
259 3.083280086517334
260 0.6461121439933777
261 1.069101333618164
262 2.1852259635925293
263 1.3222098350524902
264 2.191519021987915
265 3.075763702392578
266 4.716821193695068
267 3.986473321914673
268 0.8472543954849243
269 1.525869369506836
270 3.8558199405670166
271 2.0107505321502686
272 2.8414111137390137
273 1.8015060424804688
274 1.8674513101577759
275 2.480226755142212
276 3.025498151779175
277 2.3138656616210938
278 3.3187310695648193
279 1.6931660175323486
280 3.8477530479431152
281 2.0991125106811523
282 0.91548091173172
283 2.195296049118042
284 1.422650694847107
285 1.2385144233703613
286 0.7190564870834351
287 1.3442974090576172
288 2.4225597381591797
289 2.4716522693634033
290 0.7575864791870117
291 3.5707101821899414
292 3.890133857727051
293 2.1887221336364746
294 2.233684778213501
295 2.3218162059783936
296 1.856671929359436
297 1.6641794443130493
298 1.528752326965332
299 3.7717783451080322
300 1.6096667051315308
301 2.6671135425567627
302 3.659219741821289
303 1.82792329788208
304 1.9693937301635742
305 1.441762924194336
306 1.4751148223876953
307 1.0829830169677734
308 1.8981835842132568
309 1.9868003129959106
310 1.527846336364746
311 1.295228362083435
312 2.3622970581054688
313 1.0119094848632812
314 3.6689538955688477
315 1.419832706451416
316 2.8277041912078857
317 0.9870628714561462
318 1.0902775526046753
319 2.6531219482421875
320 1.2649916410446167
321 1.2721701860427856
322 1.8356449604034424
323 1.495657205581665
324 2.088714838027954
325 2.4721856117248535
326 1.4834864139556885
327 0.930615246295929
328 0.6809936165809631
329 1.9879852533340454
330 1.514878273010254
331 1.6478357315063477
332 1.7159671783447266
333 2.1454312801361084
334 1.0637887716293335
335 0.3912809193134308
336 1.5765820741653442
337 2.2794029712677
338 1.3306511640548706
339 1.7060163021087646
340 0.9571266770362854
341 1.6201527118682861
342 0.9432552456855774
343 1.8699438571929932
344 1.4162302017211914
345 0.893985390663147
346 1.6472704410552979
347 1.7356964349746704
348 1.2169753313064575
349 0.8892340660095215
350 0.5589724183082581
351 0.9231523871421814
352 1.063848614692688
353 1.0297341346740723
354 0.5799722671508789
355 1.6168324947357178
356 1.2856212854385376
357 2.2875494956970215
358 0.7880670428276062
359 1.3423930406570435
360 1.0728650093078613
361 1.0096145868301392
362 0.7701823711395264
363 0.8842368721961975
364 1.3308073282241821
365 1.3371824026107788
366 1.452082872390747
367 1.7591530084609985
368 1.1085890531539917
369 0.5694124698638916
370 0.3781714141368866
371 0.6221274733543396
372 1.315317988395691
373 0.724564254283905
374 1.1990797519683838
375 0.8905937075614929
376 1.7304116487503052
377 0.5509093403816223
378 0.5564843416213989
379 0.693211555480957
380 1.5833137035369873
381 0.9655458331108093
382 0.9409583210945129
383 1.2612664699554443
384 1.1383551359176636
385 0.9827877283096313
386 2.3226757049560547
387 1.4143164157867432
388 1.3863308429718018
389 1.0830929279327393
390 0.9571890830993652
391 1.9527082443237305
392 1.485080599784851
393 0.45442578196525574
394 0.9484493732452393
395 0.7058337330818176
396 1.1782238483428955
397 1.6945946216583252
398 1.1246402263641357
399 0.7959528565406799
400 0.8407757878303528
401 0.29453563690185547
402 0.5504229068756104
403 1.3892285823822021
404 1.4287501573562622
405 0.5303515791893005
406 0.35904309153556824
407 0.6752774715423584
408 0.7386082410812378
409 0.22501443326473236
410 0.7402169704437256
411 0.6348557472229004
412 0.9703718423843384
413 0.4998319447040558
414 0.807841420173645
415 1.0777753591537476
416 0.8551269769668579
417 0.6045807600021362
418 0.6413729786872864
419 1.0646783113479614
420 1.0158611536026
421 0.14967627823352814
422 0.4458099603652954
423 0.5962062478065491
424 0.7653821110725403
425 0.4458867013454437
426 0.44780635833740234
427 1.2099624872207642
428 0.5718688368797302
429 0.6748349070549011
430 0.968010425567627
431 0.9573684930801392
432 0.862358033657074
433 1.2486698627471924
434 0.33706846833229065
435 0.6270895004272461
436 0.6915102601051331
437 0.6648162007331848
438 0.29551905393600464
439 0.27724596858024597
440 0.904962956905365
441 0.5024074912071228
442 0.46383237838745117
443 0.8277605772018433
444 1.1704425811767578
445 0.9095237851142883
446 0.43450605869293213
447 0.7685085535049438
448 0.5806639194488525
449 0.5074968934059143
450 0.5015642046928406
451 0.4047945737838745
452 0.5746629238128662
453 1.157210111618042
454 0.24807307124137878
455 0.47122395038604736
456 0.5765167474746704
457 0.5487149953842163
458 0.5089090466499329
459 0.6355513334274292
460 0.37759047746658325
461 0.27340635657310486
462 0.41169145703315735
463 0.34180229902267456
464 0.34438076615333557
465 0.1968262493610382
466 0.3889757990837097
467 0.6316822171211243
468 0.45102494955062866
469 0.4689015746116638
470 0.3087383806705475
471 0.34154215455055237
472 0.13174644112586975
473 0.6276386976242065
474 0.3644425868988037
475 0.10360773652791977
476 0.6401474475860596
477 0.38917413353919983
478 0.4724424481391907
479 0.24273109436035156
480 0.33916693925857544
481 0.3602522015571594
482 0.09375809878110886
483 0.15060842037200928
484 0.36443576216697693
485 0.13788004219532013
486 0.602053701877594
487 0.46339601278305054
488 0.19987863302230835
489 0.08164769411087036
490 0.4230149984359741
491 0.28703412413597107
492 0.33328384160995483
493 0.2809506952762604
494 0.18046413362026215
495 0.22721533477306366
496 0.19759497046470642
497 0.190718412399292
498 0.4047118127346039
499 0.47977009415626526
500 0.36245059967041016
501 0.30224502086639404
502 0.36331525444984436
503 0.36877167224884033
504 0.2740768492221832
505 0.24273259937763214
506 0.4968236982822418
507 0.27077630162239075
508 0.15994955599308014
509 0.2368631809949875
510 0.28975510597229004
511 0.3162136971950531
512 0.47388768196105957
513 0.13110367953777313
514 0.2643113434314728
515 0.09420724958181381
516 0.19296520948410034
517 0.2132348120212555
518 0.23944595456123352
519 0.17571821808815002
520 0.19698366522789001
521 0.25003522634506226
522 0.3932681977748871
523 0.24174244701862335
524 0.23977890610694885
525 0.26662611961364746
526 0.09141124039888382
527 0.23749704658985138
528 0.3351992666721344
529 0.25825420022010803
530 0.37473350763320923
531 0.14025285840034485
532 0.23004800081253052
533 0.16475751996040344
534 0.26389995217323303
535 0.34705451130867004
536 0.2893242835998535
537 0.17515122890472412
538 0.3443678617477417
539 0.14702141284942627
540 0.23941977322101593
541 0.1858431100845337
542 0.019835682585835457
543 0.2044120877981186
544 0.22278276085853577
545 0.16026553511619568
546 0.2175305038690567
547 0.24106189608573914
548 0.11621502041816711
549 0.130301371216774
550 0.11472152918577194
551 0.1532084345817566
552 0.23120281100273132
553 0.2033076137304306
554 0.22945883870124817
555 0.23288989067077637
556 0.24679678678512573
557 0.18201614916324615
558 0.2242637574672699
559 0.03603470325469971
560 0.20433643460273743
561 0.0758170336484909
562 0.17451892793178558
563 0.1250956952571869
564 0.1359228640794754
565 0.13571296632289886
566 0.25487470626831055
567 0.28817296028137207
568 0.07862347364425659
569 0.24653750658035278
570 0.09488603472709656
571 0.0910676047205925
572 0.07083461433649063
573 0.06224910169839859
574 0.2481371909379959
575 0.2643205225467682
576 0.1743488609790802
577 0.2889336347579956
578 0.1678754687309265
579 0.08640438318252563
580 0.19584672152996063
581 0.1306546926498413
582 0.1509692668914795
583 0.0923861414194107
584 0.1806623935699463
585 0.18762104213237762
586 0.11687248945236206
587 0.12597624957561493
588 0.07335149496793747
589 0.11724462360143661
590 0.1408756971359253
591 0.0699758529663086
592 0.21572382748126984
593 0.1317814290523529
594 0.16983340680599213
595 0.08895737677812576
596 0.09053556621074677
597 0.2087106704711914
598 0.1114867702126503
599 0.09126188606023788
600 0.05045430734753609
601 0.13924215734004974
602 0.13183125853538513
603 0.060135677456855774
604 0.11354492604732513
605 0.09355150163173676
606 0.0898401290178299
607 0.09722369909286499
608 0.0585361048579216
609 0.01367640309035778
610 0.13043636083602905
611 0.09010188281536102
612 0.07042313367128372
613 0.11792950332164764
614 0.1743520200252533
615 0.13197708129882812
616 0.05311259999871254
617 0.09353744238615036
618 0.08770639449357986
619 0.14893372356891632
620 0.1339099109172821
621 0.10823792219161987
622 0.07760722935199738
623 0.252926230430603
624 0.08230045437812805
625 0.03303934261202812
626 0.052574001252651215
627 0.1477910727262497
628 0.07755552977323532
629 0.12942054867744446
630 0.10790159553289413
631 0.13547219336032867
632 0.08215692639350891
633 0.1681888997554779
634 0.09117994457483292
635 0.08741558343172073
636 0.1164933294057846
637 0.0695858746767044
638 0.0799328163266182
639 0.1635226011276245
640 0.11760548502206802
641 0.10691875964403152
642 0.0516105592250824
643 0.1139051541686058
644 0.09335174411535263
645 0.08808008581399918
646 0.11420997232198715
647 0.0394403375685215
648 0.08829610794782639
649 0.10749544948339462
650 0.10840395838022232
651 0.08382883667945862
652 0.02359701506793499
653 0.08941632509231567
654 0.06823710352182388
655 0.13045385479927063
656 0.055595796555280685
657 0.07376867532730103
658 0.11994938552379608
659 0.06550441682338715
660 0.058916352689266205
661 0.06575603783130646
662 0.10618500411510468
663 0.06991155445575714
664 0.025845134630799294
665 0.0976744219660759
666 0.09840130060911179
667 0.02710706740617752
668 0.03978275880217552
669 0.07379253208637238
670 0.04075735807418823
671 0.10779866576194763
672 0.057419050484895706
673 0.07403155416250229
674 0.06767340004444122
675 0.055248767137527466
676 0.030639827251434326
677 0.10131563991308212
678 0.020597875118255615
679 0.07762575149536133
680 0.10398012399673462
681 0.09780976176261902
682 0.06660246104001999
683 0.03800446540117264
684 0.024342073127627373
685 0.09799657016992569
686 0.07661069184541702
687 0.04810567945241928
688 0.07286081463098526
689 0.07136090099811554
690 0.04555187746882439
691 0.06280427426099777
692 0.04804658889770508
693 0.05585134029388428
694 0.11525731533765793
695 0.10270659625530243
696 0.1062009185552597
697 0.06779789179563522
698 0.04050605744123459
699 0.030314374715089798
700 0.0864311084151268
701 0.03969763591885567
702 0.020778881385922432
703 0.050058458000421524
704 0.06891536712646484
705 0.07376804947853088
706 0.043893612921237946
707 0.05690757930278778
708 0.05671730637550354
709 0.06027604639530182
710 0.0962178185582161
711 0.05024207755923271
712 0.10442998260259628
713 0.06931187957525253
714 0.06731453537940979
715 0.06357812881469727
716 0.09188336133956909
717 0.04989491403102875
718 0.02067256160080433
719 0.05771932378411293
720 0.05945682153105736
721 0.06812471151351929
722 0.041410114616155624
723 0.033178869634866714
724 0.03924868255853653
725 0.031654056161642075
726 0.021719293668866158
727 0.03600575029850006
728 0.017037389799952507
729 0.051856234669685364
730 0.060582201927900314
731 0.03564853593707085
732 0.025417551398277283
733 0.08400467038154602
734 0.03614961355924606
735 0.046917401254177094
736 0.04737062007188797
737 0.03172101825475693
738 0.037825603038072586
739 0.08100471645593643
740 0.07455959916114807
741 0.02006237767636776
742 0.061468593776226044
743 0.02602492831647396
744 0.06327560544013977
745 0.041485920548439026
746 0.09358905255794525
747 0.020868884399533272
748 0.03692706301808357
749 0.048940736800432205
750 0.02225169725716114
751 0.0627647116780281
752 0.03064882941544056
753 0.04576179012656212
754 0.031099118292331696
755 0.07127504795789719
756 0.01164934504777193
757 0.07448560744524002
758 0.11413490772247314
759 0.09739404916763306
760 0.05227937921881676
761 0.03873448446393013
762 0.051391396671533585
763 0.04814555495977402
764 0.026687074452638626
765 0.019862044602632523
766 0.027631886303424835
767 0.04816318675875664
768 0.01587541773915291
769 0.01764293946325779
770 0.048998042941093445
771 0.05819178372621536
772 0.04157627746462822
773 0.031360309571027756
774 0.04213492199778557
775 0.03393781930208206
776 0.012027781456708908
777 0.03439352288842201
778 0.05330628529191017
779 0.03753838688135147
780 0.02696266770362854
781 0.03409590199589729
782 0.045728735625743866
783 0.025496503338217735
784 0.049695927649736404
785 0.0537276417016983
786 0.047709498554468155
787 0.06390375643968582
788 0.03542434796690941
789 0.02858266979455948
790 0.02429232932627201
791 0.061513785272836685
792 0.029585108160972595
793 0.04606474190950394
794 0.040071938186883926
795 0.047606904059648514
796 0.047642987221479416
797 0.03218788653612137
798 0.030286751687526703
799 0.059843551367521286
800 0.04497358575463295
801 0.03966931626200676
802 0.011997068300843239
803 0.04276258498430252
804 0.037645477801561356
805 0.05323422700166702
806 0.03000968135893345
807 0.02778315544128418
808 0.03446850925683975
809 0.037376876920461655
810 0.01650289073586464
811 0.03841962665319443
812 0.02171028032898903
813 0.03250276297330856
814 0.05585865676403046
815 0.049915630370378494
816 0.017628107219934464
817 0.038676198571920395
818 0.03281710296869278
819 0.04862244799733162
820 0.03216182067990303
821 0.043597690761089325
822 0.048109445720911026
823 0.03671716898679733
824 0.025070110335946083
825 0.039635710418224335
826 0.021449223160743713
827 0.029926087707281113
828 0.04217051714658737
829 0.04277146980166435
830 0.037205908447504044
831 0.02461923472583294
832 0.03236052021384239
833 0.02100326120853424
834 0.03415614366531372
835 0.010958938859403133
836 0.05393584445118904
837 0.03564169257879257
838 0.032077621668577194
839 0.025741584599018097
840 0.03527555242180824
841 0.03487228602170944
842 0.029531709849834442
843 0.012572802603244781
844 0.034236062318086624
845 0.01872631348669529
846 0.02742292918264866
847 0.02012469619512558
848 0.03688958287239075
849 0.01847711391746998
850 0.06977581232786179
851 0.03661157563328743
852 0.02469979226589203
853 0.03835628926753998
854 0.0352267287671566
855 0.02206263318657875
856 0.01875024102628231
857 0.03922836855053902
858 0.03989381343126297
859 0.03265664353966713
860 0.02435050532221794
861 0.03262792527675629
862 0.047457728534936905
863 0.021142130717635155
864 0.028603538870811462
865 0.02940225787460804
866 0.037670183926820755
867 0.0311248991638422
868 0.05732489749789238
869 0.019021328538656235
870 0.015821442008018494
871 0.035131800919771194
872 0.034184109419584274
873 0.03286469355225563
874 0.01912226900458336
875 0.024485254660248756
876 0.0393427312374115
877 0.0344029925763607
878 0.034568872302770615
879 0.030122675001621246
880 0.021886656060814857
881 0.010659102350473404
882 0.024708149954676628
883 0.012833483517169952
884 0.030373692512512207
885 0.03204554691910744
886 0.03617498651146889
887 0.019820792600512505
888 0.025758907198905945
889 0.023438824340701103
890 0.030346276238560677
891 0.03598400577902794
892 0.03309839218854904
893 0.021528152748942375
894 0.041395049542188644
895 0.030187711119651794
896 0.024699192494153976
897 0.01595623791217804
898 0.022403748705983162
899 0.03428841754794121
900 0.018146583810448647
901 0.028908072039484978
902 0.02951095625758171
903 0.024234674870967865
904 0.03131677955389023
905 0.03234155476093292
906 0.029351111501455307
907 0.021183868870139122
908 0.03810972347855568
909 0.017011567950248718
910 0.028329625725746155
911 0.0271029993891716
912 0.028037291020154953
913 0.024876823648810387
914 0.030931131914258003
915 0.016404125839471817
916 0.027237668633461
917 0.021732084453105927
918 0.02616003341972828
919 0.026116374880075455
920 0.020393306389451027
921 0.026616089046001434
922 0.02075481042265892
923 0.018379095941781998
924 0.022661495953798294
925 0.03642304241657257
926 0.039748597890138626
927 0.037050727754831314
928 0.027679644525051117
929 0.017683712765574455
930 0.019337894394993782
931 0.02672942541539669
932 0.024392660707235336
933 0.05189521238207817
934 0.04547468200325966
935 0.040048301219940186
936 0.025373367592692375
937 0.011952755972743034
938 0.009355354122817516
939 0.05496333912014961
940 0.017406241968274117
941 0.013843190856277943
942 0.012056824751198292
943 0.014895519241690636
944 0.00813185703009367
945 0.020894426852464676
946 0.01969149336218834
947 0.026136020198464394
948 0.029324060305953026
949 0.026606280356645584
950 0.018564937636256218
951 0.017247924581170082
952 0.014031033962965012
953 0.024257894605398178
954 0.01449623890221119
955 0.03619031235575676
956 0.024276193231344223
957 0.009356695227324963
958 0.023571578785777092
959 0.05217808485031128
960 0.03119501657783985
961 0.019656915217638016
962 0.02829456701874733
963 0.01975184492766857
964 0.028975747525691986
965 0.022429179400205612
966 0.013019334524869919
967 0.026470068842172623
968 0.03792998939752579
969 0.02556007169187069
970 0.021442001685500145
971 0.013971750624477863
972 0.030888095498085022
973 0.021033547818660736
974 0.018718751147389412
975 0.0121707022190094
976 0.012181121855974197
977 0.02803642861545086
978 0.01926889270544052
979 0.02351062372326851
980 0.015044114552438259
981 0.01892155036330223
982 0.017274025827646255
983 0.019943933933973312
984 0.024889560416340828
985 0.009918642230331898
986 0.01872619055211544
987 0.014982697553932667
988 0.021366741508245468
989 0.019811788573861122
990 0.029870707541704178
991 0.0255691260099411
992 0.023845911026000977
993 0.02730230987071991
994 0.021956991404294968
995 0.031605493277311325
996 0.011794543825089931
997 0.011901593767106533
998 0.02170570008456707
999 0.02025013230741024
