0 8.449383735656738
1 9.471480369567871
2 5.11963415145874
3 3.9976954460144043
4 3.130561351776123
5 1.8093078136444092
6 3.3404195308685303
7 4.272997856140137
8 3.3780319690704346
9 0.5688347220420837
10 1.4788976907730103
11 2.133317232131958
12 0.7640116810798645
13 2.475123882293701
14 2.9257452487945557
15 1.316349983215332
16 1.6228142976760864
17 1.5642955303192139
18 1.1904972791671753
19 2.336822509765625
20 2.6387999057769775
21 0.8422908782958984
22 0.5603176355361938
23 1.2908180952072144
24 1.023295521736145
25 1.3074440956115723
26 1.550653338432312
27 1.3406343460083008
28 0.6183992624282837
29 0.746015191078186
30 0.7164552211761475
31 0.6195257902145386
32 0.6942154765129089
33 0.5504072904586792
34 0.5630984306335449
35 0.5995448231697083
36 0.3597719669342041
37 0.27660349011421204
38 0.39853793382644653
39 0.2935723066329956
40 0.18775074183940887
41 0.13830874860286713
42 0.1785144805908203
43 0.12259607762098312
44 0.19384048879146576
45 0.16689583659172058
46 0.16754859685897827
47 0.10740648210048676
48 0.11796353757381439
49 0.09176328033208847
50 0.12705263495445251
51 0.10983540117740631
52 0.06598809361457825
53 0.07100411504507065
54 0.0633886456489563
55 0.060729414224624634
56 0.043466247618198395
57 0.0628233402967453
58 0.03572080656886101
59 0.04640308395028114
60 0.05901246517896652
61 0.03677181899547577
62 0.03160347044467926
63 0.040039654821157455
64 0.030730383470654488
65 0.02392129972577095
66 0.03572753816843033
67 0.0324384942650795
68 0.025218069553375244
69 0.017989598214626312
70 0.022488731890916824
71 0.02983415685594082
72 0.01764785498380661
73 0.026489850133657455
74 0.015941178426146507
75 0.025391707196831703
76 0.02117946743965149
77 0.01606893353164196
78 0.015168135054409504
79 0.015620118007063866
80 0.021751489490270615
81 0.011791030876338482
82 0.018234925344586372
83 0.015153628773987293
84 0.02427368238568306
85 0.01583881489932537
86 0.020321840420365334
87 0.018072690814733505
88 0.01634266972541809
89 0.011874033138155937
90 0.014918286353349686
91 0.019347382709383965
92 0.013761192560195923
93 0.01605936698615551
94 0.010088718496263027
95 0.015701420605182648
96 0.012883728370070457
97 0.011232191696763039
98 0.009527774527668953
99 0.017287489026784897
100 0.011838836595416069
101 0.010397487320005894
102 0.013857207261025906
103 0.010747741907835007
104 0.013605707325041294
105 0.008699590340256691
106 0.010317281819880009
107 0.008593426086008549
108 0.010720056481659412
109 0.014477118849754333
110 0.011788884177803993
111 0.010681023821234703
112 0.01084059476852417
113 0.009647560305893421
114 0.016385415568947792
115 0.0097103426232934
116 0.008995658718049526
117 0.013366397470235825
118 0.009908796288073063
119 0.012091686949133873
120 0.00817734282463789
121 0.009741038084030151
122 0.01207524910569191
123 0.012947579845786095
124 0.01163900550454855
125 0.012915723025798798
126 0.0073964414186775684
127 0.00885058008134365
128 0.009667688980698586
129 0.011791661381721497
130 0.007236318662762642
131 0.0069497451186180115
132 0.011067424900829792
133 0.007310925051569939
134 0.008860369212925434
135 0.010323502123355865
136 0.0056303576566278934
137 0.00827405508607626
138 0.007550577633082867
139 0.007674778811633587
140 0.008340644650161266
141 0.007697277702391148
142 0.006561773829162121
143 0.00851396843791008
144 0.008910377509891987
145 0.006111402530223131
146 0.006717150565236807
147 0.010766933672130108
148 0.007485809735953808
149 0.006397334858775139
150 0.005293786991387606
151 0.008416566997766495
152 0.0068006087094545364
153 0.005911699496209621
154 0.0054796310141682625
155 0.006419140845537186
156 0.006239525508135557
157 0.006153217516839504
158 0.0045130904763937
159 0.005821457598358393
160 0.006688958033919334
161 0.006495335604995489
162 0.005785660818219185
163 0.005009468179196119
164 0.0091131292283535
165 0.004745346028357744
166 0.005837880074977875
167 0.005340744275599718
168 0.005690809339284897
169 0.003983787260949612
170 0.0064843748696148396
171 0.0038443105295300484
172 0.004324857611209154
173 0.00395460519939661
174 0.005257670767605305
175 0.005513452459126711
176 0.007132828701287508
177 0.007212398108094931
178 0.004949227906763554
179 0.004735181573778391
180 0.0056031206622719765
181 0.006664238404482603
182 0.003692632308229804
183 0.005270398687571287
184 0.0031115429010242224
185 0.00365486741065979
186 0.002867113333195448
187 0.004471296444535255
188 0.0036944509483873844
189 0.004135895520448685
190 0.002419230993837118
191 0.0041895667091012
192 0.005106098018586636
193 0.005426738876849413
194 0.00414454098790884
195 0.003459447994828224
196 0.004543731454759836
197 0.004371073562651873
198 0.002022158121690154
199 0.004101170692592859
200 0.004311927128583193
201 0.0031065144576132298
202 0.004957299213856459
203 0.003453835379332304
204 0.003160289255902171
205 0.0022384426556527615
206 0.0035187334287911654
207 0.0019262825371697545
208 0.00295488303527236
209 0.003657303983345628
210 0.002933599753305316
211 0.005514167249202728
212 0.0025994584430009127
213 0.0044165728613734245
214 0.0028342329896986485
215 0.0034470425453037024
216 0.0036063173320144415
217 0.004047757014632225
218 0.0026309797540307045
219 0.00271145673468709
220 0.002543400274589658
221 0.004208551719784737
222 0.0034383577294647694
223 0.003014725400134921
224 0.005153906997293234
225 0.0030691095162183046
226 0.002702601719647646
227 0.003206329420208931
228 0.002593966666609049
229 0.002083823084831238
230 0.002775799948722124
231 0.002361901570111513
232 0.0020010010339319706
233 0.002964218845590949
234 0.0020275393035262823
235 0.003020946867763996
236 0.004561107140034437
237 0.00359036261215806
238 0.0024417750537395477
239 0.002998172305524349
240 0.0024615151342004538
241 0.0015733108157292008
242 0.002856090199202299
243 0.0016966749681159854
244 0.002051345771178603
245 0.002143473830074072
246 0.002365157939493656
247 0.001890351646579802
248 0.001409832388162613
249 0.00139376032166183
250 0.0020767119713127613
251 0.0028976972680538893
252 0.0024355247151106596
253 0.00148693285882473
254 0.001639599446207285
255 0.0025185958947986364
256 0.001752124517224729
257 0.0022461689077317715
258 0.0020421515218913555
259 0.002173948334529996
260 0.0017238329164683819
261 0.0017976765520870686
262 0.0025160855147987604
263 0.0011955528752878308
264 0.0032197183463722467
265 0.0019526472315192223
266 0.001792136114090681
267 0.001695422688499093
268 0.0014185328036546707
269 0.002233959035947919
270 0.0022038868628442287
271 0.0014249414671212435
272 0.001931372215040028
273 0.001960192108526826
274 0.00198607100173831
275 0.0018792187329381704
276 0.0024301563389599323
277 0.001711545162834227
278 0.001793383969925344
279 0.0016709644114598632
280 0.0012102399487048388
281 0.0018512844108045101
282 0.0020933656487613916
283 0.0025928723625838757
284 0.0017775915330275893
285 0.00196302798576653
286 0.002071196446195245
287 0.001703414716757834
288 0.0011041034013032913
289 0.0016433343989774585
290 0.0020194973330944777
291 0.002355820033699274
292 0.001190261566080153
293 0.0013267382746562362
294 0.0019678804092109203
295 0.0014312714338302612
296 0.0013937375042587519
297 0.0010470317211002111
298 0.0014702847693115473
299 0.0013205144787207246
300 0.0013283531880006194
301 0.0031196593772619963
302 0.0020130896009504795
303 0.0017991883214563131
304 0.0017014258773997426
305 0.0014002606039866805
306 0.002138306386768818
307 0.001674808794632554
308 0.0012808656319975853
309 0.0012205978855490685
310 0.0009394246735610068
311 0.002116740681231022
312 0.0015624756924808025
313 0.0029062964022159576
314 0.0014774217270314693
315 0.0011135657550767064
316 0.0016988656716421247
317 0.0010411986149847507
318 0.001238339114934206
319 0.0016928452532738447
320 0.0016786687774583697
321 0.0020727678202092648
322 0.0013955086469650269
323 0.0011178046697750688
324 0.0013497977051883936
325 0.0026205680333077908
326 0.0016898480243980885
327 0.001250262139365077
328 0.001079243142157793
329 0.000995058217085898
330 0.0014683729968965054
331 0.0014346751850098372
332 0.001080558868125081
333 0.001557096722535789
334 0.0018068528734147549
335 0.0015044561587274075
336 0.0015347650041803718
337 0.0012719811638817191
338 0.0008610899094492197
339 0.001204514061100781
340 0.0010702678700909019
341 0.0020058108493685722
342 0.002708663232624531
343 0.002637498313561082
344 0.0022286216262727976
345 0.0015733138425275683
346 0.0012338922824710608
347 0.0018578211311250925
348 0.0010421376209706068
349 0.001000210759229958
350 0.0008202319731935859
351 0.000911073584575206
352 0.0009903833270072937
353 0.0011612032540142536
354 0.0012864372693002224
355 0.0019553990568965673
356 0.0015603291103616357
357 0.001037009060382843
358 0.0008786159451119602
359 0.0012655056780204177
360 0.0015702378004789352
361 0.0011426737764850259
362 0.0008622045861557126
363 0.0010856263106688857
364 0.0009914991678670049
365 0.000846714130602777
366 0.0022881978657096624
367 0.000725700578186661
368 0.0016483241925016046
369 0.0030969164799898863
370 0.001430688425898552
371 0.0010212495690211654
372 0.001085224561393261
373 0.0012734574265778065
374 0.0011630309745669365
375 0.0009564069914631546
376 0.0016592444153502584
377 0.0020973749924451113
378 0.00113250024151057
379 0.0013558946084231138
380 0.0011717176530510187
381 0.0009428918710909784
382 0.0009246407425962389
383 0.001210722723044455
384 0.0005285339429974556
385 0.0012990080285817385
386 0.0017082729609683156
387 0.0011313719442114234
388 0.0016076797619462013
389 0.0015467471675947309
390 0.001008630613796413
391 0.0009052620735019445
392 0.001551808207295835
393 0.0008503183489665389
394 0.0011507108574733138
395 0.0012021114816889167
396 0.0006673516472801566
397 0.0019261491252109408
398 0.0006733289337716997
399 0.001106211100704968
400 0.0026581662241369486
401 0.0022977672051638365
402 0.0035202971193939447
403 0.0009208096889778972
404 0.0007444993825629354
405 0.0014895685017108917
406 0.0025815116241574287
407 0.0009525165660306811
408 0.000821002060547471
409 0.0014138638507574797
410 0.002305574482306838
411 0.003708858974277973
412 0.0017259089509025216
413 0.0012956588761880994
414 0.0012124001514166594
415 0.0004977884818799794
416 0.001186089008115232
417 0.001360260765068233
418 0.0017348869005218148
419 0.0010414844145998359
420 0.0008646926726214588
421 0.0015870658680796623
422 0.0009948071092367172
423 0.0006263951072469354
424 0.0008727338281460106
425 0.001037956913933158
426 0.0007103864918462932
427 0.002043608808889985
428 0.0010729038622230291
429 0.0008392820600420237
430 0.000808733981102705
431 0.0008363559027202427
432 0.005112222395837307
433 0.0037402110174298286
434 0.002179375384002924
435 0.0010709873167797923
436 0.0007436354062519968
437 0.0016225104918703437
438 0.0008778449846431613
439 0.0019267090829089284
440 0.0017112555215135217
441 0.002198966918513179
442 0.0020878014620393515
443 0.001177877769805491
444 0.0007377906586043537
445 0.0008051542099565268
446 0.0009042136953212321
447 0.0007585735293105245
448 0.0047112442553043365
449 0.002497827634215355
450 0.0005704315262846649
451 0.0012398355174809694
452 0.0013624702114611864
453 0.004483044613152742
454 0.0016909707337617874
455 0.001071455655619502
456 0.0009723090915940702
457 0.001128471689298749
458 0.0011378086637705564
459 0.001897337380796671
460 0.0012765387073159218
461 0.0010427033994346857
462 0.0009683616226539016
463 0.0011833577882498503
464 0.003187034511938691
465 0.0009390388149768114
466 0.0005349646089598536
467 0.0008713030838407576
468 0.001398789812810719
469 0.0030031749047338963
470 0.0016038569156080484
471 0.000986413098871708
472 0.0011591404909268022
473 0.0012771523324772716
474 0.0013841736363247037
475 0.0007867980166338384
476 0.00343594653531909
477 0.0019342179875820875
478 0.0017700447933748364
479 0.0019881296902894974
480 0.0009871829533949494
481 0.001887951628305018
482 0.000989563879556954
483 0.0009479194413870573
484 0.0006914718542248011
485 0.004983103834092617
486 0.0055084326304495335
487 0.003802999621257186
488 0.002384752733632922
489 0.0021980558522045612
490 0.0012847976759076118
491 0.0013502606889232993
492 0.003526502288877964
493 0.0036665713414549828
494 0.004700472112745047
495 0.002688036533072591
496 0.000868654518853873
497 0.0011111510684713721
498 0.0006503829499706626
499 0.0026617320254445076
500 0.0012904171599075198
501 0.001777356956154108
502 0.0009876042604446411
503 0.001202392391860485
504 0.0017037378856912255
505 0.0011900404933840036
506 0.00038576810038648546
507 0.0007100519724190235
508 0.002471806714311242
509 0.0009847297333180904
510 0.0007681901915930212
511 0.000491781160235405
512 0.0007406702497974038
513 0.002697510179132223
514 0.003976542968302965
515 0.0005469113239087164
516 0.0006595779559575021
517 0.0009906133636832237
518 0.0022789016366004944
519 0.002350275171920657
520 0.0025420126039534807
521 0.0011156159453094006
522 0.0014012111350893974
523 0.0009279242367483675
524 0.0009678814676590264
525 0.001663639792241156
526 0.0017331945709884167
527 0.002156575908884406
528 0.005879256874322891
529 0.0009113209671340883
530 0.0011321231722831726
531 0.005456709302961826
532 0.0005461617838591337
533 0.0011985786259174347
534 0.0006239894428290427
535 0.0007063169032335281
536 0.0011458685621619225
537 0.0029259261209517717
538 0.0005259191384539008
539 0.0013193065533414483
540 0.0014308709651231766
541 0.0011262119514867663
542 0.0006821957649663091
543 0.0010728457709774375
544 0.0055441176518797874
545 0.010059830732643604
546 0.0018880745628848672
547 0.012477953918278217
548 0.0028919021133333445
549 0.0014342559734359384
550 0.003598571754992008
551 0.0036158522125333548
552 0.0018038044217973948
553 0.0009824460139498115
554 0.0007413483690470457
555 0.0016044098883867264
556 0.0005886917351745069
557 0.001146558322943747
558 0.0006431697402149439
559 0.0007499974453821778
560 0.001522047445178032
561 0.0007962806848809123
562 0.001374303363263607
563 0.0011821907246485353
564 0.0012659727362915874
565 0.0020320825278759003
566 0.0018899014685302973
567 0.0024594913702458143
568 0.0017119009280577302
569 0.001133571844547987
570 0.0007248618640005589
571 0.0010001424234360456
572 0.00037513888673856854
573 0.00045157194836065173
574 0.0008719901670701802
575 0.0005706184892915189
576 0.0008644112967886031
577 0.000560046115424484
578 0.0004938221536576748
579 0.001143312081694603
580 0.000765192206017673
581 0.0018751766765490174
582 0.0013045629020780325
583 0.0023551585618406534
584 0.0010392977856099606
585 0.0008650303934700787
586 0.0013303555315360427
587 0.001024751109071076
588 0.0006766932201571763
589 0.0016625892603769898
590 0.0011107282480224967
591 0.00344632170163095
592 0.0008156670373864472
593 0.0042589157819747925
594 0.0007202358683571219
595 0.0014369601849466562
596 0.007527271285653114
597 0.0011612215312197804
598 0.001003611832857132
599 0.0038981942925602198
600 0.001135507714934647
601 0.0012383830035105348
602 0.0009333450580015779
603 0.0007242557476274669
604 0.0013017395976930857
605 0.007756576873362064
606 0.000792168197222054
607 0.0037073350977152586
608 0.0016178962541744113
609 0.0009300779202021658
610 0.0022961271461099386
611 0.0027323265094310045
612 0.0007986101554706693
613 0.0012589450925588608
614 0.000772187253460288
615 0.0009230418363586068
616 0.0008693468407727778
617 0.004433396738022566
618 0.0008785071549937129
619 0.002826773328706622
620 0.00232165795750916
621 0.0013100963551551104
622 0.0007279303390532732
623 0.0007235833909362555
624 0.0012523360783234239
625 0.0006212566513568163
626 0.0005787749541923404
627 0.002941069658845663
628 0.0015314760385081172
629 0.0004944039974361658
630 0.004485602956265211
631 0.0015569734387099743
632 0.0024793799966573715
633 0.0012429739581421018
634 0.0008349863346666098
635 0.0011032195761799812
636 0.0009995239088311791
637 0.0012950465315952897
638 0.0010509865824133158
639 0.0008291114936582744
640 0.0007983184768818319
641 0.0023226996418088675
642 0.00254661962389946
643 0.001468469388782978
644 0.0010507652768865228
645 0.00042008620221167803
646 0.004674781579524279
647 0.001237179501913488
648 0.0014903631526976824
649 0.0010735789546743035
650 0.001757281250320375
651 0.0016471135895699263
652 0.0029064356349408627
653 0.0008358510094694793
654 0.0027732548769563437
655 0.0033707732800394297
656 0.0012472366215661168
657 0.001823208061978221
658 0.0025236401706933975
659 0.0010936985490843654
660 0.0008152148802764714
661 0.0007964469259604812
662 0.0007668890175409615
663 0.0011574882082641125
664 0.004523663781583309
665 0.0011940953554585576
666 0.002217524917796254
667 0.001106377225369215
668 0.0019146332051604986
669 0.0009192947763949633
670 0.0016375253908336163
671 0.0009229304268956184
672 0.0009478546562604606
673 0.0008979617268778384
674 0.003038054332137108
675 0.003915667533874512
676 0.001207575318403542
677 0.000554753583855927
678 0.0005124484305270016
679 0.0013485143426805735
680 0.0010154949268326163
681 0.0028481134213507175
682 0.002180479234084487
683 0.0018946665804833174
684 0.00046640122309327126
685 0.0007624899735674262
686 0.0012796055525541306
687 0.0009571259142830968
688 0.0005264378851279616
689 0.0010578195797279477
690 0.0011314169969409704
691 0.0020015223417431116
692 0.005493027623742819
693 0.0023242284078150988
694 0.0008212911779992282
695 0.0006598339532501996
696 0.0008154176757670939
697 0.0018285403493791819
698 0.000797354441601783
699 0.0009556672303006053
700 0.0039411685429513454
701 0.0003969724930357188
702 0.0006546411314047873
703 0.0024362339172512293
704 0.0013913369039073586
705 0.000713118992280215
706 0.0013908148976042867
707 0.0014816951006650925
708 0.0013604386476799846
709 0.0007496335310861468
710 0.0010696961544454098
711 0.0007617483497597277
712 0.0013041150523349643
713 0.008606776595115662
714 0.0032120011746883392
715 0.0016692760400474072
716 0.003986183553934097
717 0.0011904074344784021
718 0.0025091501884162426
719 0.0012501084711402655
720 0.0007416295120492578
721 0.0010892499703913927
722 0.0010674487566575408
723 0.0008222939213737845
724 0.0006751671899110079
725 0.0007222156855277717
726 0.0008615464903414249
727 0.001910017803311348
728 0.0006338121020235121
729 0.0009981140028685331
730 0.0004597324295900762
731 0.0016735049430280924
732 0.0018631531856954098
733 0.0008217269787564874
734 0.0008252253173850477
735 0.0014321471098810434
736 0.0023105591535568237
737 0.001393394311890006
738 0.003635058645159006
739 0.0006278381333686411
740 0.0020389375276863575
741 0.0010749389184638858
742 0.0015385925071313977
743 0.0017456860514357686
744 0.0006421316065825522
745 0.0019672748167067766
746 0.0006165046361275017
747 0.0006449184729717672
748 0.0006242375238798559
749 0.0005773669108748436
750 0.000994135974906385
751 0.004960181191563606
752 0.0017607882618904114
753 0.00130175962112844
754 0.0019930019043385983
755 0.004198158625513315
756 0.0012151456903666258
757 0.0009018345735967159
758 0.001356232212856412
759 0.0010478084441274405
760 0.005505176726728678
761 0.004700948018580675
762 0.0036187232472002506
763 0.001680212328210473
764 0.0010167944710701704
765 0.0006701346137560904
766 0.0012452526716515422
767 0.0003539537428878248
768 0.00048378901556134224
769 0.0004717677948065102
770 0.0010125450789928436
771 0.0008647635113447905
772 0.0006983804632909596
773 0.0017929073655977845
774 0.0020008315332233906
775 0.0004831243131775409
776 0.0012340734247118235
777 0.0014344592345878482
778 0.0014982017455622554
779 0.000531450379639864
780 0.0009110610699281096
781 0.0005624934565275908
782 0.0014162930892780423
783 0.0006541220936924219
784 0.001338226138614118
785 0.0005628140643239021
786 0.0007301878649741411
787 0.0006061512976884842
788 0.00040739780524745584
789 0.000521094654686749
790 0.0007926417165435851
791 0.0017261134926229715
792 0.003981955349445343
793 0.0008459119126200676
794 0.000671626825351268
795 0.0009574455907568336
796 0.0007013243157416582
797 0.0015320201637223363
798 0.0052500818856060505
799 0.0025423243641853333
800 0.003977510612457991
801 0.0058036912232637405
802 0.0018969174707308412
803 0.0018321529496461153
804 0.0012009288184344769
805 0.001717259525321424
806 0.0007955291657708585
807 0.0021760633680969477
808 0.003589367028325796
809 0.0009288740693591535
810 0.001238013617694378
811 0.0022284274455159903
812 0.0007519905921071768
813 0.0007885228260420263
814 0.001853963709436357
815 0.002270275494083762
816 0.0017125082667917013
817 0.0016392553225159645
818 0.0006440262659452856
819 0.0019658042583614588
820 0.0006434850511141121
821 0.0014243681216612458
822 0.003107682568952441
823 0.0008334284066222608
824 0.0010836479486897588
825 0.0013753517996519804
826 0.004989086650311947
827 0.005175212398171425
828 0.0013290229253470898
829 0.0018276459304615855
830 0.0018694817554205656
831 0.0010685860179364681
832 0.0006420123390853405
833 0.0006538307061418891
834 0.001071756356395781
835 0.00546420831233263
836 0.0013584846165031195
837 0.0008409940055571496
838 0.0011092800414189696
839 0.0010623115813359618
840 0.00047973039909265935
841 0.0009615295566618443
842 0.0007967454730533063
843 0.0010760973673313856
844 0.0015228519914671779
845 0.0011256970465183258
846 0.0016432359116151929
847 0.0006881229346618056
848 0.0029170967172831297
849 0.0017157649854198098
850 0.0032951754983514547
851 0.0006356287631206214
852 0.0018972159596160054
853 0.0014405493857339025
854 0.0007673934451304376
855 0.0028091201093047857
856 0.0011377412592992187
857 0.0008693856652826071
858 0.002514606574550271
859 0.0016142383683472872
860 0.0018100644228979945
861 0.0013199006207287312
862 0.003461674554273486
863 0.004267474170774221
864 0.0033313154708594084
865 0.002592633478343487
866 0.0010291028302162886
867 0.001341354800388217
868 0.0007476277532987297
869 0.0011496383231133223
870 0.0009056641720235348
871 0.000744371151085943
872 0.002947617322206497
873 0.0006217353511601686
874 0.0008717345190234482
875 0.0009537188452668488
876 0.0013505583629012108
877 0.0009068957297131419
878 0.0017101988196372986
879 0.002657836303114891
880 0.006387114059180021
881 0.002905891276896
882 0.0020729652605950832
883 0.0009294615592807531
884 0.0005793614545837045
885 0.0014234499540179968
886 0.0005684014176949859
887 0.0011901984689757228
888 0.0017101005651056767
889 0.0003440184809733182
890 0.0012304575648158789
891 0.0009260230581276119
892 0.0014377249171957374
893 0.0008765934617258608
894 0.0008929700707085431
895 0.0010965656256303191
896 0.000659980985801667
897 0.00042392773320898414
898 0.0010941558284685016
899 0.0008357982151210308
900 0.00031501022749580443
901 0.0016482170904055238
902 0.0018813185160979629
903 0.002070043236017227
904 0.0015424039447680116
905 0.0014522600686177611
906 0.002274879952892661
907 0.0013589452719315886
908 0.001640048110857606
909 0.0011818937491625547
910 0.0014048166340216994
911 0.00911310501396656
912 0.0013773445971310139
913 0.001650348654948175
914 0.0008151544025167823
915 0.0016692831413820386
916 0.00038027597474865615
917 0.0006165853119455278
918 0.0005158082349225879
919 0.0009062249446287751
920 0.003967110067605972
921 0.0036357445642352104
922 0.0015322895487770438
923 0.0007585539715364575
924 0.0006657757330685854
925 0.0007436862215399742
926 0.0013523801462724805
927 0.0006508777150884271
928 0.000613852811511606
929 0.0012428935151547194
930 0.001516446704044938
931 0.003182666376233101
932 0.0013082849327474833
933 0.0020449396688491106
934 0.0008765821694396436
935 0.002627225127071142
936 0.0005515069933608174
937 0.0010799415176734328
938 0.0004275593673810363
939 0.0008716843440197408
940 0.0015760172391310334
941 0.0010729092173278332
942 0.0005359575152397156
943 0.0007737468695268035
944 0.002561596455052495
945 0.006168543826788664
946 0.011728297919034958
947 0.003474498400464654
948 0.00167341239284724
949 0.0008570930804125965
950 0.0004931326257064939
951 0.0007056210306473076
952 0.0011736378073692322
953 0.0003435339021962136
954 0.0009747662115842104
955 0.0009459829307161272
956 0.00030639467877335846
957 0.0003931184473913163
958 0.0008164419559761882
959 0.0004307283670641482
960 0.0009458999847993255
961 0.0008328906260430813
962 0.0005687183584086597
963 0.0005547993932850659
964 0.000916214776225388
965 0.0016272752545773983
966 0.0007038908661343157
967 0.00048379891086369753
968 0.0005147716728970408
969 0.0005494594224728644
970 0.0012320205569267273
971 0.0007240828708745539
972 0.000536344014108181
973 0.002116838702932
974 0.0009199827909469604
975 0.0005337129696272314
976 0.0016845348291099072
977 0.0010338322026655078
978 0.00131882238201797
979 0.00043464070768095553
980 0.0005461265682242811
981 0.0016348492354154587
982 0.002133589470759034
983 0.0034738341346383095
984 0.007996327243745327
985 0.0020792915020138025
986 0.0014064599527046084
987 0.000606088840868324
988 0.0005934727960266173
989 0.001006050151772797
990 0.0011684164637699723
991 0.003298784140497446
992 0.0008528149337507784
993 0.0010659932158887386
994 0.001233090995810926
995 0.0005698446766473353
996 0.0004032817669212818
997 0.0006722031976096332
998 0.0005659294547513127
999 0.00046473450493067503
