0 7.324840068817139
1 9.2933988571167
2 8.156328201293945
3 8.319112777709961
4 2.2468931674957275
5 1.7455878257751465
6 3.9300239086151123
7 2.352008581161499
8 1.0440458059310913
9 4.2281599044799805
10 5.322270393371582
11 1.7600197792053223
12 2.0747458934783936
13 1.2928287982940674
14 0.8603562116622925
15 0.943641722202301
16 0.2892025411128998
17 0.6734919548034668
18 0.4403270184993744
19 0.24608208239078522
20 0.2558027505874634
21 0.11618329584598541
22 0.12761230766773224
23 0.08019955456256866
24 0.06768403947353363
25 0.040359240025281906
26 0.05417853593826294
27 0.03336470574140549
28 0.03138390928506851
29 0.03259031102061272
30 0.022811977192759514
31 0.019356712698936462
32 0.02149856649339199
33 0.017826896160840988
34 0.015405596233904362
35 0.011690457351505756
36 0.016047194600105286
37 0.010557854548096657
38 0.00935039110481739
39 0.009777035564184189
40 0.00960591807961464
41 0.008878128603100777
42 0.009288119152188301
43 0.008191998116672039
44 0.007300413679331541
45 0.005810428410768509
46 0.008124035783112049
47 0.005678114481270313
48 0.0055101243779063225
49 0.0062752957455813885
50 0.0055558448657393456
51 0.005110328085720539
52 0.004189156927168369
53 0.005017906427383423
54 0.003519965335726738
55 0.0034921441692858934
56 0.003983907401561737
57 0.0024729648139327765
58 0.003484595799818635
59 0.0031663961708545685
60 0.002018628641963005
61 0.002141208853572607
62 0.0016526097897440195
63 0.001722507062368095
64 0.0015098598087206483
65 0.0016988391289487481
66 0.0020557986572384834
67 0.0013658649986609817
68 0.0012199515476822853
69 0.001352875609882176
70 0.0007466676761396229
71 0.0010662779677659273
72 0.0009218868217431009
73 0.0009248237474821508
74 0.0014260313473641872
75 0.001096523366868496
76 0.0013828333467245102
77 0.001039279974065721
78 0.0010066836839541793
79 0.0013929936103522778
80 0.0010085473768413067
81 0.0007358560687862337
82 0.0008619754808023572
83 0.0011258532758802176
84 0.0005103303119540215
85 0.0007890041451901197
86 0.0002553901285864413
87 0.000288693088805303
88 0.0006741273100487888
89 0.0007364220800809562
90 0.00041362314368598163
91 0.00044932443415746093
92 0.0008984692394733429
93 0.0004894805024378002
94 0.0004966309643350542
95 0.0002850337768904865
96 0.00023467348364647478
97 0.00016659188258927315
98 0.0007128307479433715
99 0.0005660707247443497
100 0.0005752043216489255
101 0.0006512855761684477
102 0.0005459138774313033
103 0.0002710969129111618
104 0.0001162035041488707
105 0.00024311583547387272
106 0.00018824587459675968
107 0.00013264305016491562
108 0.0004661495622713119
109 0.00016210849571507424
110 0.0005945352604612708
111 0.0003686010604724288
112 0.00041093333857133985
113 7.220257975859568e-05
114 0.0001256851537618786
115 0.0005967403412796557
116 0.0005831273156218231
117 0.00026643843739293516
118 0.0004547987482510507
119 0.00020811268768738955
120 0.0009255823097191751
121 0.00022608380822930485
122 0.00018711204756982625
123 0.0003207583795301616
124 0.00034404630423523486
125 0.0006183827063068748
126 0.00032581109553575516
127 0.00046502143959514797
128 0.00023474496265407652
129 0.00046697791549377143
130 0.00022425827046390623
131 0.00018407613970339298
132 0.00019762125157285482
133 0.000162206357344985
134 0.00029289224767126143
135 0.00040170838474296033
136 0.00021998844749759883
137 0.0004307228373363614
138 0.0005946244345977902
139 0.0001350881502730772
140 0.0002944899897556752
141 0.0001739842409733683
142 0.0002999418938998133
143 0.00013059038610663265
144 0.0003844817401841283
145 0.00031881945324130356
146 0.000146774691529572
147 0.0003430748183745891
148 0.00017279124585911632
149 0.00022264373546931893
150 0.00019995530601590872
151 0.00023721683828625828
152 0.000324320251820609
153 0.0002833855105563998
154 0.0003162634093314409
155 0.00031741440761834383
156 0.00022821866150479764
157 0.000156169684487395
158 0.00018872247892431915
159 0.00024695441243238747
160 0.0002747483958955854
161 0.00012931661331094801
162 0.00016958876221906394
163 0.00019229341705795377
164 0.0002797593188006431
165 0.0002545852039474994
166 0.0001851062261266634
167 0.0005549654015339911
168 0.00035238880082033575
169 0.0002452563785482198
170 0.00032475264742970467
171 0.0003826124593615532
172 0.00026649143546819687
173 0.00011219042062293738
174 9.42744518397376e-05
175 0.0001137841900344938
176 0.00016690818301867694
177 0.00016646686708554626
178 0.00014221706078387797
179 0.00013953544839750975
180 0.00014092829951550812
181 0.00013477314496412873
182 5.814760152134113e-05
183 0.00017776894674170762
184 0.0003251741291023791
185 0.00031656736973673105
186 7.338259456446394e-05
187 0.0003884177713189274
188 0.0003019274736288935
189 0.00021414601360447705
190 0.00022630875173490494
191 0.0001064233438228257
192 0.0002577969280537218
193 9.786193550098687e-05
194 0.00019451357366051525
195 0.0003231843584217131
196 0.00018600797920953482
197 0.0002097950637107715
198 5.958365727565251e-05
199 0.00016351851809304208
200 0.00017410225700587034
201 0.00022506806999444962
202 0.00017550453776493669
203 0.00021965865744277835
204 0.00012336630607023835
205 0.00019030264229513705
206 0.0001785225176718086
207 7.988120341906324e-05
208 0.00043364663724787533
209 0.0002598529972601682
210 0.0003284688282292336
211 0.00025883616763167083
212 0.00014763072249479592
213 0.00016963061352726072
214 0.00018578454910311848
215 0.00016947902622632682
216 0.0003283784899394959
217 0.00020724169735331088
218 0.00020622534793801606
219 0.00019619110389612615
220 0.0005364951211959124
221 0.00023456604685634375
222 0.0004342688771430403
223 0.00016537720512133092
224 0.00010980382648995146
225 0.00016988989955279976
226 0.00018933210230898112
227 0.0002879472158383578
228 0.00015075756527949125
229 0.00017714101704768836
230 0.00012117111327825114
231 0.0001496148033766076
232 0.0001350767124677077
233 0.0003279821539763361
234 0.0001598613162059337
235 0.0003636050969362259
236 0.00010950167779810727
237 0.00040120581979863346
238 6.842509174020961e-05
239 9.610453707864508e-05
240 9.049336222233251e-05
241 0.0003673173487186432
242 0.00014858385839033872
243 0.00014961959095671773
244 0.00018967408686876297
245 0.00035634206142276525
246 0.00026998535031452775
247 0.00013707063044421375
248 0.0002768418344203383
249 0.00036539669963531196
250 0.00011853167961817235
251 0.00022282631834968925
252 0.0004908820264972746
253 0.0003256267518736422
254 0.0033863780554383993
255 0.0009930867236107588
256 0.0009173191501758993
257 0.0023872286546975374
258 0.0024293602909892797
259 0.0005084624863229692
260 0.004144696053117514
261 0.004517797846347094
262 0.002125625964254141
263 0.000856042664963752
264 0.000944180937949568
265 0.0002457566442899406
266 0.0010026178788393736
267 0.00016330285870935768
268 0.0013938595075160265
269 0.003386615077033639
270 0.00043320172699168324
271 0.0005269353277981281
272 0.00028225843561813235
273 0.001018778420984745
274 0.005410504061728716
275 0.0014860854716971517
276 0.0009468229254707694
277 0.0003766255686059594
278 0.00033358618384227157
279 8.125800377456471e-05
280 0.00016899031470529735
281 0.0004412379930727184
282 0.0004088731075171381
283 0.0047898972406983376
284 0.0004899189807474613
285 0.0011973656946793199
286 0.001400663168169558
287 0.0074266474694013596
288 0.0022515933960676193
289 0.009032395668327808
290 0.022537151351571083
291 0.011222518980503082
292 0.002235931344330311
293 0.0027050795033574104
294 0.004224160686135292
295 0.00035735362325794995
296 0.0033245105296373367
297 0.002206944627687335
298 0.013598873279988766
299 0.01325909048318863
300 0.0041064247488975525
301 0.012810926884412766
302 0.030175745487213135
303 0.008916587568819523
304 0.05875232070684433
305 0.02622467838227749
306 0.021144356578588486
307 0.017277544364333153
308 0.011088271625339985
309 0.004655821248888969
310 0.00021953012037556618
311 0.000264584319666028
312 0.00035150611074641347
313 0.00019982692901976407
314 0.00036234440631233156
315 7.109977013897151e-05
316 0.0003425256290938705
317 0.00010917007602984086
318 0.00036719124182127416
319 8.989888010546565e-05
320 4.53379652753938e-05
321 0.0005085057346150279
322 0.00016220448014792055
323 7.50406106817536e-05
324 9.783769201021641e-05
325 0.00030429044272750616
326 5.8433677622815594e-05
327 0.00010186765575781465
328 0.00011215620907023549
329 0.0002621869498398155
330 0.00017427309649065137
331 0.0001129723314079456
332 4.884823283646256e-05
333 9.712251630844548e-05
334 0.00013620131358038634
335 7.546666893176734e-05
336 0.00012611705460585654
337 4.6230674342950806e-05
338 0.0005248700617812574
339 5.678449088009074e-05
340 0.00023298947780858725
341 9.439351561013609e-05
342 9.311444591730833e-05
343 0.00012879939458798617
344 8.934217476053163e-05
345 0.000198106121388264
346 0.00019112836162094027
347 0.0002856039209291339
348 9.232675074599683e-05
349 0.00023241456074174494
350 0.00027639808831736445
351 0.00016942086222115904
352 0.00011545273446245119
353 0.00044131811591796577
354 7.711974467383698e-05
355 8.967747999122366e-05
356 7.35735593480058e-05
357 0.00011352729052305222
358 0.0003726918366737664
359 0.00013514595048036426
360 7.943509990582243e-05
361 0.0001312755630351603
362 0.0001385142095386982
363 0.00016568564751651138
364 0.0004275314277037978
365 0.0001326777128269896
366 0.00013257344835437834
367 0.0001377191802021116
368 0.00036657421151176095
369 0.0006900141597725451
370 0.0008890596218407154
371 0.0020018131472170353
372 0.0003962210612371564
373 0.00045617055729962885
374 0.00012892861559521407
375 0.00037355246604420245
376 0.00015357848315034062
377 2.658187622728292e-05
378 0.0001776959397830069
379 9.874903480522335e-05
380 0.00012270711886230856
381 0.00023570767370983958
382 0.00035470048896968365
383 4.899386112811044e-05
384 0.00011652337707346305
385 8.723903738427907e-05
386 5.944975418969989e-05
387 0.0001188134920084849
388 5.0386617658659816e-05
389 0.0006840307032689452
390 0.0006195356254465878
391 0.0007445071823894978
392 0.000491432729177177
393 0.0005876814248040318
394 0.00021597472368739545
395 0.000653816619887948
396 0.0006500938325189054
397 0.00020369072444736958
398 0.00030175846768543124
399 0.00016463236534036696
400 0.0007264117593877017
401 0.00915011577308178
402 0.00020604365272447467
403 0.0003148223622702062
404 0.0026371534913778305
405 0.005066297482699156
406 0.012492036446928978
407 0.08943462371826172
408 0.00527918990701437
409 0.01154075376689434
410 0.0024894848465919495
411 0.0028627433348447084
412 0.0006827727193012834
413 0.0006619059713557363
414 0.0005799119244329631
415 0.0003064574848394841
416 0.0003564348444342613
417 0.0002512112259864807
418 0.00025878704036585987
419 0.0004360712191555649
420 0.00036303201341070235
421 0.00022699714463669807
422 0.00019037345191463828
423 3.6149514926364645e-05
424 4.3524225475266576e-05
425 6.882527668494731e-05
426 4.091519440407865e-05
427 7.003363134572282e-05
428 0.00011210325465071946
429 0.00032112846383824944
430 7.633371569681913e-05
431 0.000142526303534396
432 9.699631482362747e-05
433 0.0005081978742964566
434 0.0003169959527440369
435 0.0004291226505301893
436 0.0002670186513569206
437 0.0009100842871703207
438 0.0005033718189224601
439 0.0010264154989272356
440 0.003243217011913657
441 0.014389093033969402
442 0.004752263426780701
443 0.0023039213847368956
444 0.002432232955470681
445 0.00261489674448967
446 0.0010587949072942138
447 0.00023759520263411105
448 0.0007312513771466911
449 0.00027476093964651227
450 0.0002835603663697839
451 0.0001828600070439279
452 0.00011157803965033963
453 0.0007169398595578969
454 0.0002409150474704802
455 0.00014637304411735386
456 0.0003316728980280459
457 0.0006972815608605742
458 0.001324246870353818
459 0.0012745355488732457
460 0.00047144159907475114
461 0.00032259608269669116
462 0.0001319122820859775
463 0.0002853598853107542
464 0.0011813187738880515
465 0.007850325666368008
466 0.015448864549398422
467 0.003952467814087868
468 0.0035599004477262497
469 0.0016074292361736298
470 0.0009596005547791719
471 0.0005081859999336302
472 0.00033592263935133815
473 0.0011747396783903241
474 0.0005943131982348859
475 0.0007851155241951346
476 0.00016620235692244023
477 0.00048091899952851236
478 0.0004382619808893651
479 0.0005686825606971979
480 0.00030370120657607913
481 0.0009372596978209913
482 0.003469482297077775
483 0.0011747461976483464
484 0.0005224501946941018
485 0.0007171922479756176
486 0.00408611074090004
487 0.0008637813734821975
488 0.00245049805380404
489 0.002630567643791437
490 0.0072007509879767895
491 0.003979991655796766
492 0.03637663647532463
493 0.04449152201414108
494 0.008395252749323845
495 0.002816978842020035
496 0.0009624361409805715
497 0.0026822297368198633
498 6.358896644087508e-05
499 0.00016458169557154179
500 0.0003055906272493303
501 0.0007336928974837065
502 0.00014848775754217058
503 8.8326953118667e-05
504 0.00011095413356088102
505 0.00021936165285296738
506 4.910065763397142e-05
507 0.000260474014794454
508 0.00011322003410896286
509 7.605741120642051e-05
510 0.00012306799180805683
511 6.476251292042434e-05
512 8.442783291684464e-05
513 0.00032078626099973917
514 0.00010586642747512087
515 9.298147051595151e-05
516 6.760589894838631e-05
517 0.00017475459026172757
518 0.0002663227205630392
519 0.00013328090426512063
520 0.0001634175714571029
521 0.0002019318926613778
522 0.0002829765435308218
523 0.00023427627456840128
524 9.104461059905589e-05
525 0.000649592257104814
526 0.00015983959019649774
527 5.332579166861251e-05
528 0.00015834408986847848
529 0.00016348152712453157
530 0.00010556011693552136
531 0.00022589837317354977
532 0.00021154608111828566
533 0.00416951859369874
534 0.005545153748244047
535 0.002865090500563383
536 0.018961157649755478
537 0.005768886301666498
538 0.007231742609292269
539 0.01846805214881897
540 0.01373137254267931
541 0.005048434250056744
542 0.006151648238301277
543 0.005824099760502577
544 0.007192729972302914
545 0.02546217292547226
546 0.01680585741996765
547 0.002264279406517744
548 0.001133264391683042
549 0.0018465524772182107
550 0.007530094590038061
551 0.009380945935845375
552 0.004221965558826923
553 0.001255190814845264
554 0.0010844030184671283
555 0.0005467733717523515
556 0.00041751720709726214
557 0.00023287496878765523
558 0.0004616741498466581
559 0.00017473017214797437
560 5.467790469992906e-05
561 8.359193452633917e-05
562 0.0002035386423813179
563 0.0003008026978932321
564 0.00045019941171631217
565 0.00028136526816524565
566 0.0005234252312220633
567 5.3610467148246244e-05
568 0.00011736745364032686
569 0.00012291785969864577
570 0.00012012587831122801
571 0.0002899776736740023
572 4.5458746171789244e-05
573 4.5663316996069625e-05
574 0.00016296125249937177
575 0.00017158845730591565
576 0.00011646263010334224
577 2.345327811781317e-05
578 8.545265154680237e-05
579 0.00021287963318172842
580 0.00010132713941857219
581 0.00012299617810640484
582 0.00012256551417522132
583 0.00019978928321506828
584 0.0001399296597810462
585 0.00026653194800019264
586 8.575569518143311e-05
587 0.00017526137526147068
588 0.0001631226041354239
589 8.169209468178451e-05
590 0.00026330468244850636
591 0.00039020387339405715
592 0.00014184540486894548
593 5.370297731133178e-05
594 4.162759432801977e-05
595 0.00023629084171261638
596 0.0011154473759233952
597 0.0002626085188239813
598 0.0004949253634549677
599 0.00039408085285685956
600 0.0007511311559937894
601 0.0012265834957361221
602 0.00073225237429142
603 0.059173353016376495
604 0.14233684539794922
605 0.008827611804008484
606 0.014058342203497887
607 0.00997743010520935
608 0.010323026217520237
609 0.0039051719941198826
610 0.001224446576088667
611 0.0018596085719764233
612 0.000785819545853883
613 0.00048721343046054244
614 0.0002795670588966459
615 0.00043609749991446733
616 0.00047526205889880657
617 0.0001747103815432638
618 0.0001748658687574789
619 9.310599125456065e-05
620 0.00019182554387953132
621 0.00023043820692691952
622 0.00017639272846281528
623 7.523326348746195e-05
624 0.00013809297524858266
625 0.00010024388029705733
626 5.087857789476402e-05
627 0.00012224778765812516
628 8.40626162244007e-05
629 6.377033423632383e-05
630 3.557095624273643e-05
631 4.168137820670381e-05
632 0.000251686607953161
633 0.00041146259172819555
634 0.00016474899894092232
635 5.2815168601227924e-05
636 0.00011868605361087248
637 0.00012460959260351956
638 0.0003629142593126744
639 0.0009264459949918091
640 0.00010314437531633303
641 0.0003171689750161022
642 0.000231616897508502
643 0.00010296246910002083
644 0.0003326036676298827
645 0.00045082560973241925
646 0.0004985660780221224
647 9.960657189367339e-05
648 0.0014941067202016711
649 0.0006772152264602482
650 0.0003830608620774001
651 0.00028657499933615327
652 0.00012839221744798124
653 0.00012817046081181616
654 0.0005935658700764179
655 0.0001120619272114709
656 0.00029739513411186635
657 0.00011042195546906441
658 0.00034413026878610253
659 0.0007108987192623317
660 0.00022914692817721516
661 6.842971924925223e-05
662 0.0004667096654884517
663 0.0001447641698177904
664 0.00011372689186828211
665 0.00013059175398666412
666 9.902817691909149e-05
667 0.00025274333893321455
668 8.106558379950002e-05
669 0.00017272451077587903
670 0.0003574175061658025
671 0.0006147842505015433
672 0.00973103754222393
673 0.0006997693562880158
674 0.004302168730646372
675 0.05608011409640312
676 0.0041184984147548676
677 0.018441174179315567
678 0.004583420231938362
679 0.004329608753323555
680 0.003084697527810931
681 0.001857386901974678
682 0.00208640331402421
683 0.003264488186687231
684 0.001850809552706778
685 0.0030195782892405987
686 0.00030364119447767735
687 0.0001944139803526923
688 0.000216822256334126
689 0.0001480783539591357
690 6.21220824541524e-05
691 0.0005251917755231261
692 0.002140605356544256
693 0.001213258015923202
694 0.0005028595915064216
695 0.001279544667340815
696 0.0006409180932678282
697 0.00018281785014551133
698 0.00013142050011083484
699 0.0001276244584005326
700 0.0006732591427862644
701 0.0007062207441776991
702 0.0005055599031038582
703 0.0046900431625545025
704 0.055860623717308044
705 0.016909636557102203
706 0.0040878732688724995
707 0.015384779311716557
708 0.004256437066942453
709 0.004003284499049187
710 0.003134258557111025
711 0.002050443785265088
712 0.0017756589222699404
713 0.0003897589922416955
714 0.0005213436088524759
715 0.0038367239758372307
716 0.007230502087622881
717 0.003448519390076399
718 0.0010756176197901368
719 0.0005756404716521502
720 0.0012894792016595602
721 0.00037911819526925683
722 0.00022277719108387828
723 0.0001651159254834056
724 9.382473945152014e-05
725 0.00016734814562369138
726 0.00016213591152336448
727 8.45846880110912e-05
728 0.0004638510581571609
729 0.0005142005975358188
730 0.0005137167172506452
731 0.0003522927581798285
732 0.00016920255438890308
733 0.000346739892847836
734 0.0003443609457463026
735 0.00021131476387381554
736 7.431603444274515e-05
737 0.00021354392811190337
738 0.000303400942357257
739 0.00017028929141815752
740 3.755065336008556e-05
741 0.00016378247528336942
742 9.337927622254938e-05
743 0.0002200182352680713
744 8.304897346533835e-05
745 0.0005839512450620532
746 0.00038200730341486633
747 0.0009265023982152343
748 0.00044376146979629993
749 0.0005214778357185423
750 0.0006194088491611183
751 0.0015549605013802648
752 0.0017682029865682125
753 0.0008891099714674056
754 0.0009891893714666367
755 0.0005519858677871525
756 0.0004036997561343014
757 0.0011741616763174534
758 0.0043003312312066555
759 0.0023187887854874134
760 0.002221578499302268
761 0.0019486196106299758
762 0.0004782860341947526
763 0.0008896786021068692
764 0.0008445680723525584
765 0.0034620659425854683
766 0.0006284419796429574
767 0.0006539768073707819
768 0.0005976579850539565
769 0.00048796148621477187
770 0.006740717217326164
771 0.0011697541922330856
772 0.0010961045045405626
773 0.0013770759105682373
774 0.0015560198808088899
775 0.00024596176808699965
776 0.0003936260472983122
777 0.0002810586302075535
778 0.014745842665433884
779 0.003886752761900425
780 0.0018370049074292183
781 0.005008458159863949
782 0.0020377603359520435
783 0.00029086682479828596
784 0.000400417746277526
785 0.00022665360302198678
786 0.0004910803399980068
787 0.0009519163868390024
788 0.004451490007340908
789 0.004219307564198971
790 0.05227169767022133
791 0.010120250284671783
792 0.007042863871902227
793 0.002230752259492874
794 0.0006432176451198757
795 0.0010918861953541636
796 0.0024438907857984304
797 0.0008770375279709697
798 0.0005867519648745656
799 0.0006808114121668041
800 0.00042626800131984055
801 0.001121019129641354
802 0.00024306436534971
803 0.00041964760748669505
804 0.00026741204783320427
805 0.0006123841158114374
806 0.0006992308190092444
807 0.08193878084421158
808 0.00540469354018569
809 0.0008163206512108445
810 0.00045538751874119043
811 0.00039922859286889434
812 0.00018479015852790326
813 0.0002342706429772079
814 6.283350376179442e-05
815 0.00018063379684463143
816 6.972769187996164e-05
817 0.0003244922845624387
818 0.00013217741798143834
819 0.0001020771887851879
820 8.93043979885988e-05
821 9.16861099540256e-05
822 0.0001102622554753907
823 6.724195554852486e-05
824 9.140709153143689e-05
825 4.866937888436951e-05
826 9.350919572170824e-05
827 4.101885497220792e-05
828 0.00022387724311556667
829 6.566480442415923e-05
830 0.0003592973807826638
831 9.305585263064131e-05
832 0.0016725208843126893
833 0.003147372044622898
834 0.005730471573770046
835 0.023182058706879616
836 0.019429482519626617
837 0.04085049405694008
838 0.02769838087260723
839 0.007854791358113289
840 0.011272936128079891
841 0.0006952118128538132
842 0.001205248641781509
843 0.0010181270772591233
844 0.0005435572820715606
845 0.00011121199349872768
846 0.0006987630622461438
847 0.0005406135460361838
848 0.0001086549018509686
849 0.00013458859757520258
850 0.00010949386341962963
851 8.513240027241409e-05
852 0.00010418955207569525
853 9.443695307709277e-05
854 0.00022408721270039678
855 6.39614590909332e-05
856 0.00025468316744081676
857 0.00030525197507813573
858 0.0002972935908474028
859 0.00028194909100420773
860 0.00011715666914824396
861 0.00014792759611736983
862 7.656652451260015e-05
863 2.8353926609270275e-05
864 0.00015840164269320667
865 9.541150211589411e-05
866 8.084224828053266e-05
867 0.00014730867405887693
868 6.484066398115829e-05
869 3.7710975448135287e-05
870 0.00010654392099240795
871 4.275055471225642e-05
872 4.239769623382017e-05
873 4.609790266840719e-05
874 4.1634226363385096e-05
875 0.00014617718989029527
876 3.783087959163822e-05
877 0.00016818003496155143
878 0.0005231095710769296
879 0.0001097056083381176
880 0.00010604830458760262
881 1.0141506209038198e-05
882 6.96659553796053e-05
883 2.9394190278253518e-05
884 5.2023424359504133e-05
885 3.783919964917004e-05
886 7.779173756716773e-05
887 0.0001579064119141549
888 7.65282311476767e-05
889 5.014543785364367e-05
890 0.0001438892650185153
891 0.000445777754066512
892 0.00040885445196181536
893 0.00015716880443505943
894 0.00263259862549603
895 0.018501635640859604
896 0.0025342381559312344
897 0.008583469316363335
898 0.007857874035835266
899 0.0027163613121956587
900 0.0011400565272197127
901 0.002540948335081339
902 0.002607096917927265
903 0.0012957298895344138
904 0.0007859730394557118
905 0.00047448405530303717
906 0.00039852061308920383
907 0.0011954137589782476
908 0.0006941506289876997
909 5.063874777988531e-05
910 8.528953912900761e-05
911 0.0002966820902656764
912 0.0036686831153929234
913 0.006184875033795834
914 0.0037438529543578625
915 0.004115842282772064
916 0.005932665430009365
917 0.0015836540842428803
918 0.0008404671098105609
919 0.0010833041742444038
920 0.00028826139168813825
921 0.0002482722920831293
922 0.00019190320745110512
923 0.0008150226203724742
924 0.00022811559028923512
925 0.00011587551125558093
926 0.0001494103780714795
927 0.00012418307596817613
928 0.00017764893709681928
929 0.0001712945377221331
930 0.00017553794896230102
931 0.0001056123583111912
932 0.00014699282473884523
933 0.00016066213720478117
934 8.281751070171595e-05
935 0.00010282995935995132
936 0.00012914890248794109
937 0.0002878249215427786
938 0.00016887311358004808
939 0.00023429984867107123
940 0.00016228517051786184
941 0.00025002393522299826
942 0.0001636225642869249
943 9.640005009714514e-05
944 0.00022004154743626714
945 0.0005588174099102616
946 0.00022132891172077507
947 0.00010579512309050187
948 0.0001260001736227423
949 2.360151120228693e-05
950 0.0003228744608350098
951 0.0009003268787637353
952 0.03962496295571327
953 0.0075214579701423645
954 0.03509907051920891
955 0.0039367382414639
956 0.006694419775158167
957 0.0025248522870242596
958 0.005242641549557447
959 0.0004823121416848153
960 0.001368892495520413
961 0.00127773720305413
962 0.001703724847175181
963 0.00044650418567471206
964 0.0007957660127431154
965 0.0002306246751686558
966 0.0003295474161859602
967 0.0003809917834587395
968 0.00011211408855160698
969 0.0001619178947294131
970 7.958526839502156e-05
971 0.0019143539248034358
972 0.00021650877897627652
973 0.0005041855038143694
974 0.00024725979892537
975 8.147618063958362e-05
976 0.00011680534953484312
977 0.00019801278540398926
978 0.0002720002958085388
979 0.00047165711293928325
980 0.0006734719499945641
981 0.00044590450124815106
982 0.000255515769822523
983 0.00036942423321306705
984 6.649732677033171e-05
985 0.00011442847608122975
986 0.0001521833910373971
987 0.0009418040281161666
988 0.00020472219330258667
989 0.00048447606968693435
990 0.002165299840271473
991 0.0017220741137862206
992 0.0009084076154977083
993 0.0003134140861220658
994 0.0013365787453949451
995 0.0020220607984811068
996 0.0122624346986413
997 0.0007845672662369907
998 0.0013682281132787466
999 0.001246547675691545
