0 24.703786849975586
1 13.613253593444824
2 5.550817489624023
3 3.59093976020813
4 1.6169785261154175
5 5.268547534942627
6 3.994266986846924
7 3.0685815811157227
8 3.566330671310425
9 2.8323214054107666
10 3.407796859741211
11 2.1605825424194336
12 0.7929365038871765
13 0.9582997560501099
14 1.3076332807540894
15 2.9472014904022217
16 2.831333875656128
17 4.022346019744873
18 1.3937225341796875
19 5.003753185272217
20 2.293210506439209
21 1.5074121952056885
22 3.7453906536102295
23 3.1604859828948975
24 2.607867956161499
25 1.8148013353347778
26 2.3697893619537354
27 2.122999906539917
28 2.6582353115081787
29 1.588964819908142
30 2.2198731899261475
31 2.3836536407470703
32 1.6774277687072754
33 3.0942115783691406
34 1.3488597869873047
35 1.4740476608276367
36 3.439321517944336
37 1.5119493007659912
38 0.5971653461456299
39 1.890593409538269
40 2.1052894592285156
41 2.260478973388672
42 0.7489188313484192
43 1.3925508260726929
44 1.4275263547897339
45 1.6415635347366333
46 0.9636703729629517
47 2.152340888977051
48 2.284086227416992
49 2.3892440795898438
50 1.165880560874939
51 1.4355742931365967
52 3.378920078277588
53 1.6773587465286255
54 2.2624294757843018
55 0.6684970855712891
56 1.8353157043457031
57 3.0655932426452637
58 0.622357189655304
59 1.6926287412643433
60 2.304075002670288
61 1.2494312524795532
62 1.3394421339035034
63 1.3653907775878906
64 0.9110386967658997
65 1.0664944648742676
66 2.6134700775146484
67 1.4819433689117432
68 2.616960287094116
69 2.1614129543304443
70 3.20668363571167
71 1.4914450645446777
72 2.4459006786346436
73 1.2243050336837769
74 1.4454288482666016
75 1.12079918384552
76 1.6385326385498047
77 2.4198200702667236
78 2.802881956100464
79 1.0824962854385376
80 2.2223691940307617
81 2.0348455905914307
82 2.474905490875244
83 1.177539587020874
84 1.1391711235046387
85 2.394458770751953
86 1.883766531944275
87 1.875532627105713
88 0.5945839881896973
89 1.693226933479309
90 1.8187427520751953
91 1.9579354524612427
92 2.5375139713287354
93 1.026869297027588
94 1.5785396099090576
95 2.489543914794922
96 2.755736827850342
97 1.854407787322998
98 1.2585718631744385
99 1.7850658893585205
100 2.259981632232666
101 1.120340347290039
102 0.5788787007331848
103 1.2328288555145264
104 1.7296228408813477
105 2.1303551197052
106 1.9195258617401123
107 2.2996013164520264
108 1.516780972480774
109 0.7485833168029785
110 1.4723879098892212
111 1.8883402347564697
112 1.270742654800415
113 1.6554442644119263
114 1.0908175706863403
115 1.0836381912231445
116 2.299067974090576
117 2.6595888137817383
118 0.3158986270427704
119 1.981306791305542
120 1.7394839525222778
121 1.3744505643844604
122 1.171317219734192
123 1.2469127178192139
124 1.5919307470321655
125 2.119978666305542
126 2.60739803314209
127 1.3195843696594238
128 0.4798842668533325
129 1.358590841293335
130 2.6006569862365723
131 1.294810175895691
132 1.753085970878601
133 1.3999691009521484
134 1.589271068572998
135 1.3792247772216797
136 2.264437437057495
137 1.4029762744903564
138 1.3622256517410278
139 2.4246232509613037
140 1.7515798807144165
141 2.187314748764038
142 2.0142669677734375
143 1.181165337562561
144 0.7953781485557556
145 1.7426068782806396
146 1.4638278484344482
147 1.8099230527877808
148 1.3741624355316162
149 3.127840995788574
150 0.987471878528595
151 1.8352634906768799
152 2.178574323654175
153 2.5035758018493652
154 0.4702671766281128
155 2.6736576557159424
156 1.2755497694015503
157 1.2527111768722534
158 1.3322924375534058
159 2.057133436203003
160 2.6185379028320312
161 0.8606626391410828
162 1.3114770650863647
163 1.282804250717163
164 1.2044041156768799
165 1.2194159030914307
166 2.2028608322143555
167 1.2026541233062744
168 1.0068632364273071
169 1.4387003183364868
170 1.1413793563842773
171 1.831616759300232
172 1.205965518951416
173 1.2799911499023438
174 1.47065269947052
175 2.7327444553375244
176 1.195540189743042
177 0.8180924654006958
178 2.035994291305542
179 0.34895962476730347
180 1.3622097969055176
181 1.163948655128479
182 2.246756076812744
183 1.4350180625915527
184 1.394043207168579
185 1.6603984832763672
186 0.870734691619873
187 1.7820374965667725
188 1.3828128576278687
189 1.0363857746124268
190 0.8429111242294312
191 1.2736338376998901
192 0.7384998798370361
193 1.6647404432296753
194 2.287320137023926
195 1.5201159715652466
196 1.1343817710876465
197 0.8096728324890137
198 0.6660702228546143
199 0.8668413162231445
200 1.1042531728744507
201 1.1939679384231567
202 2.4227726459503174
203 0.9862725734710693
204 2.6629021167755127
205 2.149357318878174
206 2.3639321327209473
207 1.1379965543746948
208 2.0341527462005615
209 2.1089677810668945
210 1.1745330095291138
211 0.7431797385215759
212 0.8859862685203552
213 0.9332659244537354
214 0.509064793586731
215 0.7824025750160217
216 1.3976593017578125
217 2.366650104522705
218 1.0976955890655518
219 1.5078412294387817
220 0.6410054564476013
221 1.917534351348877
222 0.994687020778656
223 1.1601078510284424
224 1.5929901599884033
225 1.2291076183319092
226 0.5414324998855591
227 2.351344108581543
228 1.3347020149230957
229 1.0695998668670654
230 1.25200355052948
231 1.2182501554489136
232 2.5830390453338623
233 0.9045047163963318
234 0.8343379497528076
235 1.7851288318634033
236 0.8031297326087952
237 1.0378755331039429
238 1.5242893695831299
239 1.6058152914047241
240 1.1674238443374634
241 1.4745101928710938
242 1.196858286857605
243 1.4020144939422607
244 1.3861759901046753
245 1.7526273727416992
246 2.892843246459961
247 1.309360384941101
248 2.019808053970337
249 1.5303583145141602
250 0.5350418090820312
251 1.2569109201431274
252 1.5127261877059937
253 1.098786473274231
254 1.3461335897445679
255 1.0709329843521118
256 0.6213915348052979
257 1.267952561378479
258 0.6874483823776245
259 1.1087747812271118
260 1.0016438961029053
261 1.1170169115066528
262 1.4735438823699951
263 1.3135039806365967
264 1.0967274904251099
265 0.7958637475967407
266 0.7216435074806213
267 1.534963846206665
268 0.9421622157096863
269 1.287514328956604
270 1.7013942003250122
271 0.915259063243866
272 0.6225066781044006
273 1.441819429397583
274 1.2209587097167969
275 1.1326634883880615
276 1.716688632965088
277 1.771432638168335
278 1.0583902597427368
279 1.0264571905136108
280 0.6463196873664856
281 1.0548930168151855
282 1.3290529251098633
283 1.6597999334335327
284 0.80812668800354
285 1.1805497407913208
286 0.7484164237976074
287 0.5792164206504822
288 1.0321877002716064
289 1.2611498832702637
290 1.071082353591919
291 0.9057013988494873
292 1.2027236223220825
293 0.6046777963638306
294 1.3193433284759521
295 0.8453513383865356
296 0.5086802840232849
297 0.6495830416679382
298 0.8971561193466187
299 1.18559730052948
300 0.7492164373397827
301 1.4378360509872437
302 1.1968050003051758
303 0.482449471950531
304 0.7184118628501892
305 1.5646435022354126
306 1.0772124528884888
307 1.065740704536438
308 1.2834739685058594
309 0.801220715045929
310 1.286896824836731
311 1.3172013759613037
312 0.5679187178611755
313 1.3474056720733643
314 0.5574560761451721
315 0.5577903389930725
316 0.8843834400177002
317 0.3530423939228058
318 1.0562241077423096
319 1.2152252197265625
320 0.796437680721283
321 0.8106841444969177
322 1.090336561203003
323 0.7883487939834595
324 0.8666234016418457
325 1.1705588102340698
326 0.6946694850921631
327 2.083902597427368
328 1.3946988582611084
329 1.388248085975647
330 1.1822402477264404
331 0.8565317988395691
332 0.9667774438858032
333 0.8310075402259827
334 0.3266308903694153
335 0.8824918270111084
336 0.7103159427642822
337 0.5743932723999023
338 0.9227378368377686
339 0.8412814736366272
340 0.7024290561676025
341 0.7689361572265625
342 0.9029580354690552
343 0.855972945690155
344 0.9500939249992371
345 0.45972520112991333
346 0.6642043590545654
347 0.8197343945503235
348 0.5816701054573059
349 1.1197044849395752
350 0.4816620349884033
351 0.5632975697517395
352 0.6450858116149902
353 1.0630122423171997
354 0.4241882562637329
355 0.4445885717868805
356 0.8105394840240479
357 0.7644109129905701
358 0.77191561460495
359 0.6647911667823792
360 0.530353844165802
361 1.2888646125793457
362 1.370412826538086
363 0.9064028859138489
364 1.0162893533706665
365 0.9057249426841736
366 0.8851335048675537
367 0.9846423864364624
368 0.7037553191184998
369 0.6155000925064087
370 1.1328486204147339
371 0.28226256370544434
372 0.8859815001487732
373 0.45993760228157043
374 0.7106463313102722
375 0.48753705620765686
376 0.5544782876968384
377 0.4308243691921234
378 0.4324634373188019
379 0.5645675659179688
380 0.7387324571609497
381 0.37896832823753357
382 0.4399060606956482
383 0.6388484835624695
384 0.6254246830940247
385 0.664790153503418
386 0.9363554120063782
387 0.5453157424926758
388 0.6809415221214294
389 0.3498609960079193
390 0.17443114519119263
391 1.0099862813949585
392 0.4358643889427185
393 0.7626090049743652
394 0.4786160886287689
395 0.7184208035469055
396 0.2069547176361084
397 0.3933681845664978
398 0.4127840995788574
399 0.26552581787109375
400 0.636219322681427
401 0.4206888973712921
402 0.3815237581729889
403 0.4984947144985199
404 0.3715256452560425
405 0.6817420125007629
406 0.30683234333992004
407 0.2912159860134125
408 0.48237940669059753
409 0.5067757964134216
410 0.4983872175216675
411 0.26542606949806213
412 0.34697678685188293
413 0.5712224245071411
414 0.2858273983001709
415 0.3212050795555115
416 0.6080174446105957
417 0.33524101972579956
418 0.5103832483291626
419 0.23710490763187408
420 0.37721481919288635
421 0.5827168822288513
422 0.36823251843452454
423 0.6939883232116699
424 0.37370172142982483
425 0.4520331919193268
426 0.5930394530296326
427 0.643022894859314
428 0.37030166387557983
429 0.45849940180778503
430 0.29001671075820923
431 0.5429695248603821
432 0.34114834666252136
433 0.47214654088020325
434 0.49734458327293396
435 0.5255446434020996
436 0.40467989444732666
437 0.1584421694278717
438 0.24127501249313354
439 0.24773919582366943
440 0.26505324244499207
441 0.3946639895439148
442 0.39232560992240906
443 0.34344756603240967
444 0.4288486838340759
445 0.29919925332069397
446 0.28012195229530334
447 0.32487136125564575
448 0.2790135145187378
449 0.4522511661052704
450 0.1643718183040619
451 0.3857933282852173
452 0.4916098713874817
453 0.46822264790534973
454 0.4105451703071594
455 0.355795294046402
456 0.595706045627594
457 0.302217572927475
458 0.2838186025619507
459 0.2870001494884491
460 0.244032621383667
461 0.26169994473457336
462 0.12902095913887024
463 0.26892009377479553
464 0.24679173529148102
465 0.3704570531845093
466 0.36638572812080383
467 0.29593247175216675
468 0.33386895060539246
469 0.13004393875598907
470 0.24028515815734863
471 0.3095080852508545
472 0.2051715850830078
473 0.18325118720531464
474 0.1843213438987732
475 0.2665024399757385
476 0.23031753301620483
477 0.17905473709106445
478 0.28323957324028015
479 0.28516003489494324
480 0.20324862003326416
481 0.18061533570289612
482 0.17452791333198547
483 0.22820012271404266
484 0.13187186419963837
485 0.1542590707540512
486 0.34201106429100037
487 0.27074605226516724
488 0.1172293871641159
489 0.13427960872650146
490 0.30155879259109497
491 0.18880915641784668
492 0.27496084570884705
493 0.23966895043849945
494 0.16100339591503143
495 0.19238078594207764
496 0.29925721883773804
497 0.222808837890625
498 0.234413743019104
499 0.5036532282829285
500 0.21562035381793976
501 0.23921576142311096
502 0.2122553139925003
503 0.12247585505247116
504 0.12618783116340637
505 0.17540600895881653
506 0.21392713487148285
507 0.3858520984649658
508 0.24856285750865936
509 0.14003291726112366
510 0.17026387155056
511 0.17602583765983582
512 0.11395206302404404
513 0.13418374955654144
514 0.2565584182739258
515 0.2093387395143509
516 0.1735604852437973
517 0.1149972602725029
518 0.153509259223938
519 0.1838415414094925
520 0.068253293633461
521 0.12243477255105972
522 0.12230749428272247
523 0.08078767359256744
524 0.15282663702964783
525 0.10068587958812714
526 0.10139262676239014
527 0.2438177764415741
528 0.13028794527053833
529 0.19128304719924927
530 0.12777966260910034
531 0.07281772047281265
532 0.14939668774604797
533 0.06671561300754547
534 0.22582434117794037
535 0.07266876101493835
536 0.26691094040870667
537 0.05414963141083717
538 0.13538208603858948
539 0.18382269144058228
540 0.12303173542022705
541 0.08855769783258438
542 0.14739014208316803
543 0.14332079887390137
544 0.09827163815498352
545 0.09501469880342484
546 0.15334674715995789
547 0.16963598132133484
548 0.10187490284442902
549 0.1517534852027893
550 0.06717518717050552
551 0.08706695586442947
552 0.060711171478033066
553 0.10783366858959198
554 0.09132452309131622
555 0.08262335509061813
556 0.10368858277797699
557 0.06556406617164612
558 0.09133601933717728
559 0.05229388549923897
560 0.08362414687871933
561 0.08443018794059753
562 0.08935731649398804
563 0.06789316236972809
564 0.0796789601445198
565 0.08840964734554291
566 0.038275763392448425
567 0.09035609662532806
568 0.10494425892829895
569 0.06214375048875809
570 0.0957045704126358
571 0.030317123979330063
572 0.0547088086605072
573 0.12115196883678436
574 0.0338677354156971
575 0.06775001436471939
576 0.06561363488435745
577 0.08892808854579926
578 0.08028510957956314
579 0.05668152868747711
580 0.058637961745262146
581 0.07151558250188828
582 0.08129753917455673
583 0.0664115846157074
584 0.08089572936296463
585 0.057664282619953156
586 0.06063596159219742
587 0.09800545126199722
588 0.07705777883529663
589 0.048618074506521225
590 0.04719148203730583
591 0.05324561148881912
592 0.04039779677987099
593 0.038344644010066986
594 0.047144245356321335
595 0.07641272246837616
596 0.04697936400771141
597 0.04772845283150673
598 0.031098734587430954
599 0.0474964901804924
600 0.03896430879831314
601 0.044477932155132294
602 0.033932190388441086
603 0.04079661890864372
604 0.031071441248059273
605 0.057893507182598114
606 0.050495944917201996
607 0.05951187014579773
608 0.040475353598594666
609 0.0830145850777626
610 0.028665637597441673
611 0.044991932809352875
612 0.03935405611991882
613 0.04028312489390373
614 0.03618147224187851
615 0.03011135384440422
616 0.04258008673787117
617 0.03895841911435127
618 0.03638964146375656
619 0.046921152621507645
620 0.024378938600420952
621 0.03068501688539982
622 0.0253506638109684
623 0.04434157907962799
624 0.031800828874111176
625 0.03427103906869888
626 0.039928633719682693
627 0.023196743801236153
628 0.04334718734025955
629 0.039059653878211975
630 0.023733284324407578
631 0.029897594824433327
632 0.046801112592220306
633 0.016736697405576706
634 0.03182529658079147
635 0.016509851440787315
636 0.016122763976454735
637 0.015394606627523899
638 0.011963246390223503
639 0.01486385241150856
640 0.026631124317646027
641 0.02762460708618164
642 0.025768756866455078
643 0.022688107565045357
644 0.024446217343211174
645 0.03505411371588707
646 0.009093400090932846
647 0.0205223485827446
648 0.01601029932498932
649 0.019091200083494186
650 0.02084038034081459
651 0.02194260060787201
652 0.021428681910037994
653 0.015776706859469414
654 0.021145658567547798
655 0.018597541376948357
656 0.016643481329083443
657 0.018162865191698074
658 0.021466994658112526
659 0.014326746575534344
660 0.01009091455489397
661 0.016102422028779984
662 0.01575588434934616
663 0.011536221019923687
664 0.010572344064712524
665 0.017404355108737946
666 0.024193229153752327
667 0.010065661743283272
668 0.014402839355170727
669 0.01676115207374096
670 0.013972733169794083
671 0.006560623180121183
672 0.011826717294752598
673 0.020944559946656227
674 0.00944780558347702
675 0.008182687684893608
676 0.012729608453810215
677 0.013068357482552528
678 0.012880178168416023
679 0.009779702872037888
680 0.012892026454210281
681 0.01057041622698307
682 0.008822649717330933
683 0.008211524225771427
684 0.008852244354784489
685 0.011582870036363602
686 0.012983775697648525
687 0.008372205309569836
688 0.008043857291340828
689 0.018036024644970894
690 0.012348481453955173
691 0.00934378057718277
692 0.007641638163477182
693 0.008693234995007515
694 0.009144296869635582
695 0.007942290976643562
696 0.007672603242099285
697 0.007234963588416576
698 0.009617346338927746
699 0.0069779991172254086
700 0.005058750510215759
701 0.006251732353121042
702 0.006570265628397465
703 0.004958098288625479
704 0.008002452552318573
705 0.0045243422500789165
706 0.00874161347746849
707 0.008573598228394985
708 0.008535003289580345
709 0.006668277084827423
710 0.007942094467580318
711 0.006750001572072506
712 0.0057576061226427555
713 0.00505976052954793
714 0.007083800155669451
715 0.0029970635659992695
716 0.005636387504637241
717 0.0053686522878706455
718 0.00409554922953248
719 0.006527258083224297
720 0.006320355460047722
721 0.004524655640125275
722 0.007287848275154829
723 0.004037423525005579
724 0.003416031366214156
725 0.005084106232970953
726 0.0035807047970592976
727 0.004978949669748545
728 0.010354374535381794
729 0.004493621177971363
730 0.00448338920250535
731 0.0026680808514356613
732 0.005140082910656929
733 0.0025510601699352264
734 0.004182140808552504
735 0.0043929885141551495
736 0.0069449543952941895
737 0.004177446011453867
738 0.0034139095805585384
739 0.004104507155716419
740 0.0037081879563629627
741 0.003731670556589961
742 0.0025670479517430067
743 0.00560748390853405
744 0.00533335842192173
745 0.00279413559474051
746 0.0025338935665786266
747 0.0059509314596652985
748 0.005000063218176365
749 0.0029240897856652737
750 0.003788598347455263
751 0.004574308171868324
752 0.0030679642222821712
753 0.003586991224437952
754 0.0027312180027365685
755 0.002458894159644842
756 0.002914180513471365
757 0.0028697378002107143
758 0.004893251229077578
759 0.0033743535168468952
760 0.004364225547760725
761 0.004608498886227608
762 0.004774094093590975
763 0.005623970180749893
764 0.005472181830555201
765 0.003983878996223211
766 0.0077864034101367
767 0.0022533219307661057
768 0.003980633802711964
769 0.006064258515834808
770 0.004768057726323605
771 0.0033462694846093655
772 0.002092011272907257
773 0.002199752489104867
774 0.0044317995198071
775 0.00324810529127717
776 0.005246251821517944
777 0.0028020821046084166
778 0.004612240940332413
779 0.002907386515289545
780 0.0035144309513270855
781 0.004435272421687841
782 0.004710045177489519
783 0.0029280739836394787
784 0.0036451935302466154
785 0.0022920912597328424
786 0.0037292568013072014
787 0.0036338246427476406
788 0.004395736381411552
789 0.005538785830140114
790 0.0037771612405776978
791 0.0034416820853948593
792 0.0040199970826506615
793 0.004716025665402412
794 0.0037209182046353817
795 0.004042652435600758
796 0.0019725929014384747
797 0.003446834394708276
798 0.0031471513211727142
799 0.004053852986544371
800 0.002944432431831956
801 0.004969564266502857
802 0.004686037078499794
803 0.00267038750462234
804 0.0016612479230389
805 0.0023475848138332367
806 0.0036482703872025013
807 0.009705238975584507
808 0.004842741414904594
809 0.003635128727182746
810 0.003134673461318016
811 0.004246968310326338
812 0.003959497436881065
813 0.00366192776709795
814 0.0024753999896347523
815 0.004806854296475649
816 0.002968974644318223
817 0.0038986990693956614
818 0.003675241721794009
819 0.0025718051474541426
820 0.0038842097856104374
821 0.0055414666421711445
822 0.0030719826463609934
823 0.00418481370434165
824 0.0046014003455638885
825 0.0019053490832448006
826 0.004196145571768284
827 0.0037524751387536526
828 0.002961794612929225
829 0.0019848421216011047
830 0.0034440935123711824
831 0.0037552244029939175
832 0.002354281023144722
833 0.002849783282727003
834 0.003333388827741146
835 0.003815848147496581
836 0.002537438413128257
837 0.005079829134047031
838 0.006176698487251997
839 0.004168824292719364
840 0.0036608341615647078
841 0.0019248928874731064
842 0.0035397098399698734
843 0.0030463053844869137
844 0.0030840272083878517
845 0.00254584988579154
846 0.002453892258927226
847 0.005907853599637747
848 0.004326121881604195
849 0.002732940949499607
850 0.0033111879602074623
851 0.003733151825144887
852 0.003641186747699976
853 0.004209714010357857
854 0.0023588535841554403
855 0.0046222759410738945
856 0.004722652956843376
857 0.003832474583759904
858 0.0045628841035068035
859 0.0022995942272245884
860 0.00216503394767642
861 0.00491312425583601
862 0.004279847256839275
863 0.0054559228010475636
864 0.004698468837887049
865 0.003979612607508898
866 0.004748675040900707
867 0.0033648312091827393
868 0.005476990714669228
869 0.003032906912267208
870 0.003788459114730358
871 0.003782107960432768
872 0.002691396977752447
873 0.005109663121402264
874 0.0028415063861757517
875 0.005660993978381157
876 0.0038896831683814526
877 0.0040432908572256565
878 0.0028173995669931173
879 0.0018007464241236448
880 0.003101534442976117
881 0.0024769066367298365
882 0.0028968669939786196
883 0.0034144867677241564
884 0.003627088153734803
885 0.002098106313496828
886 0.004086673259735107
887 0.002693437971174717
888 0.0025976758915930986
889 0.004296636674553156
890 0.0020737897139042616
891 0.003326776437461376
892 0.002681299578398466
893 0.0034628678113222122
894 0.002331841504201293
895 0.003141682129353285
896 0.003041059011593461
897 0.0028427999932318926
898 0.0019527934491634369
899 0.003709259442985058
900 0.0028640246018767357
901 0.002534250495955348
902 0.002987779676914215
903 0.003778134472668171
904 0.004934639669954777
905 0.0033404389396309853
906 0.0031546163372695446
907 0.0022334882523864508
908 0.003451934549957514
909 0.004450088832527399
910 0.0013725166209042072
911 0.003988849464803934
912 0.0027119580190628767
913 0.0030629702378064394
914 0.002168492181226611
915 0.0033943122252821922
916 0.003398965345695615
917 0.0018303702818229795
918 0.0032958954107016325
919 0.003282755147665739
920 0.008495978079736233
921 0.004673819523304701
922 0.0029165763407945633
923 0.0022812022361904383
924 0.0027306093834340572
925 0.0026896572671830654
926 0.003811364993453026
927 0.005214933305978775
928 0.00203069974668324
929 0.001585323247127235
930 0.003863082267343998
931 0.0021622637286782265
932 0.004981413949280977
933 0.0026949583552777767
934 0.0028406723868101835
935 0.004273644648492336
936 0.0029069753363728523
937 0.00239248713478446
938 0.0018407603492960334
939 0.0021859644912183285
940 0.002263264264911413
941 0.002237555105239153
942 0.004404791165143251
943 0.002529976423829794
944 0.004235675558447838
945 0.0042211017571389675
946 0.0034999465569853783
947 0.0038365975487977266
948 0.0032697576098144054
949 0.002227031858637929
950 0.0041790674440562725
951 0.004192115738987923
952 0.0017457546200603247
953 0.0029098596423864365
954 0.002149205422028899
955 0.002441833959892392
956 0.0027003437280654907
957 0.003523270133882761
958 0.0040629650466144085
959 0.00301453098654747
960 0.0025276034139096737
961 0.002942766062915325
962 0.003269847249612212
963 0.0023490670137107372
964 0.0031079628970474005
965 0.002162771765142679
966 0.002584001747891307
967 0.003316232468932867
968 0.003159264102578163
969 0.002897292375564575
970 0.0023638431448489428
971 0.0025713942013680935
972 0.0014849711442366242
973 0.002385597676038742
974 0.00467443373054266
975 0.0027483850717544556
976 0.0019171163439750671
977 0.003319408977404237
978 0.003274179995059967
979 0.003541427431628108
980 0.0014237398281693459
981 0.002342778258025646
982 0.0030252651777118444
983 0.0020251357927918434
984 0.0021213546860963106
985 0.0031765089370310307
986 0.0035889570135623217
987 0.0025210650637745857
988 0.0031591318547725677
989 0.0018130548996850848
990 0.003555790986865759
991 0.002063122810795903
992 0.003215021686628461
993 0.002217780100181699
994 0.002497199224308133
995 0.0020423661917448044
996 0.0011649170191958547
997 0.001717698178254068
998 0.0032723648473620415
999 0.0030574998818337917
