0 6.372583389282227
1 11.187337875366211
2 9.128437995910645
3 8.485472679138184
4 1.6245827674865723
5 2.2206692695617676
6 2.4747276306152344
7 0.5508706569671631
8 1.5402812957763672
9 0.8082287311553955
10 0.7666881084442139
11 0.31879812479019165
12 0.2032897025346756
13 0.1905730813741684
14 0.1211029663681984
15 0.12622328102588654
16 0.11320574581623077
17 0.12575921416282654
18 0.06630787998437881
19 0.03498132526874542
20 0.03342973813414574
21 0.02244821935892105
22 0.016837313771247864
23 0.02743472158908844
24 0.019487328827381134
25 0.02076667547225952
26 0.019817713648080826
27 0.013364814221858978
28 0.01495850645005703
29 0.009228091686964035
30 0.011980333365499973
31 0.010227905586361885
32 0.011637194082140923
33 0.009094183333218098
34 0.007663022261112928
35 0.006536862347275019
36 0.006734641268849373
37 0.0037559799384325743
38 0.007084281649440527
39 0.0037319809198379517
40 0.0032636397518217564
41 0.003884096397086978
42 0.0032068651635199785
43 0.0038303732872009277
44 0.0018533725524321198
45 0.0028996793553233147
46 0.003980415873229504
47 0.0021394845098257065
48 0.0021165458019822836
49 0.0025935217272490263
50 0.0035893500316888094
51 0.00265621324069798
52 0.004301642533391714
53 0.0013144075637683272
54 0.0033195456489920616
55 0.0024798777885735035
56 0.002763106022030115
57 0.0011496245861053467
58 0.0010921887587755919
59 0.0013098045019432902
60 0.0009430820937268436
61 0.0009913448011502624
62 0.0008850001613609493
63 0.0014621218433603644
64 0.0006082800100557506
65 0.0021959650330245495
66 0.0009448078344576061
67 0.0021081201266497374
68 0.0005171247175894678
69 0.001918769907206297
70 0.0009038499556481838
71 0.0004587518342304975
72 0.0007882803911343217
73 0.0006300740060396492
74 0.0003603909572120756
75 0.00027266162214800715
76 0.001952586928382516
77 0.0012537642614915967
78 0.0006796337547712028
79 0.0002864810230676085
80 0.00032509941956959665
81 0.0002679586468730122
82 0.0008806815021671355
83 0.0009081445168703794
84 0.0010584144620224833
85 0.00032288351212628186
86 0.00023062109539750963
87 0.00019194431661162525
88 0.00024595626746304333
89 0.00028390210354700685
90 0.0011768441181629896
91 0.0004644814180210233
92 0.00015141203766688704
93 0.0009587868698872626
94 0.0001944734394783154
95 0.00015279269427992404
96 0.00027076303376816213
97 7.448485121130943e-05
98 0.00040020537562668324
99 0.00037276482908055186
100 0.00015756617358420044
101 0.00015529895608779043
102 0.00026569116744212806
103 0.00017763137293513864
104 0.00011702561459969729
105 0.000496532185934484
106 0.00022115196043159813
107 0.00011081794946221635
108 0.0001223752915393561
109 0.00012173349387012422
110 0.00013755161489825696
111 6.772820051992312e-05
112 0.0003906679921783507
113 0.00025459949392825365
114 8.711580449016765e-05
115 0.00012706193956546485
116 0.00024910634965635836
117 0.00034459689049981534
118 0.00031820806907489896
119 0.0004857823078054935
120 0.00021712773013859987
121 0.00011641843593679368
122 0.0003088384692091495
123 6.783343997085467e-05
124 0.00012230583524797112
125 0.00019090829300694168
126 0.00017446371202822775
127 0.00022477860329672694
128 0.0002644312335178256
129 6.925670459168032e-05
130 0.000124477461213246
131 0.00026599940611049533
132 0.00020790113194379956
133 0.00013181462418287992
134 0.0003255119372624904
135 2.851685530913528e-05
136 0.00026168464682996273
137 0.00010017278691520914
138 5.8159290347248316e-05
139 0.0001278762356378138
140 0.00015714865003246814
141 0.00023062166292220354
142 0.00017643271712586284
143 4.2772473534569144e-05
144 0.00016818138828966767
145 6.12116782576777e-05
146 5.665902062901296e-05
147 4.4589080061996356e-05
148 4.530240039457567e-05
149 0.00012441008584573865
150 0.00010832949192263186
151 0.00015216777683235705
152 0.0001458732149330899
153 0.00013282743748277426
154 5.843536928296089e-05
155 0.00015931219968479127
156 6.918577128089964e-05
157 7.829345122445375e-05
158 0.00015462824376299977
159 6.407584442058578e-05
160 0.00011484696733532473
161 0.00013804332411382347
162 0.00023374722513835877
163 7.738816202618182e-05
164 3.96067880501505e-05
165 0.00023426952247973531
166 6.187616963870823e-05
167 7.114093023119494e-05
168 0.0001298066636081785
169 0.00010134182957699522
170 0.0001221410057041794
171 0.0001987114519579336
172 9.407075413037091e-05
173 0.00011159651330672204
174 3.35781296598725e-05
175 4.667875691666268e-05
176 7.940224895719439e-05
177 0.0001232909708051011
178 3.362659481354058e-05
179 8.121492282953113e-05
180 4.4078275095671415e-05
181 4.8853366024559364e-05
182 8.323679503519088e-05
183 0.00010094140452565625
184 0.00017213131650350988
185 4.665421511163004e-05
186 3.871364606311545e-05
187 5.174723992240615e-05
188 3.067741999984719e-05
189 2.6025420083897188e-05
190 2.5600797016522847e-05
191 5.711662015528418e-05
192 7.144158007577062e-05
193 2.0759631297551095e-05
194 6.0013189795427024e-05
195 5.1121623982908204e-05
196 7.146364077925682e-05
197 9.86685263342224e-05
198 2.17932065424975e-05
199 8.894351776689291e-05
200 7.871031994000077e-05
201 8.799320494290441e-05
202 0.0001451649732189253
203 0.00012538168812170625
204 3.548975655576214e-05
205 0.00010046339593827724
206 6.970933463890105e-05
207 0.0001265442551812157
208 8.921752851165365e-06
209 6.0354923334671184e-05
210 5.7715158618520945e-05
211 3.664753239718266e-05
212 5.7040637329919264e-05
213 7.268199988175184e-05
214 4.144712511333637e-05
215 5.2501327445497736e-05
216 0.00021606625523418188
217 6.172381108626723e-05
218 9.095054701901972e-05
219 0.00010413173731649294
220 3.216840195818804e-05
221 3.221823862986639e-05
222 1.5210036508506164e-05
223 8.813721069600433e-05
224 2.3226082703331485e-05
225 2.7695350581780076e-05
226 3.565413862816058e-05
227 6.405283784260973e-05
228 4.499887290876359e-05
229 3.463501707301475e-05
230 1.599571442056913e-05
231 7.538937643403187e-05
232 7.930814172141254e-05
233 2.7942107408307493e-05
234 1.8804066712618805e-05
235 6.895311526022851e-05
236 1.4828537132416386e-05
237 1.5307130524888635e-05
238 7.430920959450305e-05
239 1.5803872884134762e-05
240 7.23048287909478e-05
241 5.6912820582510903e-05
242 1.965104638657067e-05
243 0.00010478960757609457
244 5.8162408095085993e-05
245 5.541508289752528e-05
246 6.620775820920244e-05
247 0.00011398535571061075
248 6.827678589615971e-05
249 3.296045179013163e-05
250 5.4779957281425595e-05
251 0.00014207724598236382
252 6.578851753147319e-05
253 2.968842636619229e-05
254 1.6935180610744283e-05
255 2.412078174529597e-05
256 3.613727312767878e-05
257 6.316276994766667e-05
258 0.00012592694838531315
259 5.587655323324725e-05
260 5.572145528276451e-05
261 5.93098666286096e-05
262 3.9268776163225994e-05
263 4.195774090476334e-05
264 2.946186941699125e-05
265 5.172332748770714e-05
266 3.287179788458161e-05
267 3.154477963107638e-05
268 5.059404793428257e-05
269 7.631817425135523e-05
270 0.00011190259829163551
271 6.787417805753648e-05
272 3.104906136286445e-05
273 6.183971709106117e-05
274 1.895748937386088e-05
275 0.0001054172680596821
276 6.977362500037998e-05
277 5.013063127989881e-05
278 4.2103576561203226e-05
279 4.540762529359199e-05
280 2.627859248605091e-05
281 5.348863487597555e-05
282 1.7826903786044568e-05
283 3.877249400829896e-05
284 1.4439968254009727e-05
285 7.159770757425576e-05
286 2.459569259372074e-05
287 2.5901223125401884e-05
288 7.032538269413635e-05
289 3.580822885851376e-05
290 2.7919271815335378e-05
291 4.54035252914764e-05
292 2.6298841476091184e-05
293 1.267434981855331e-05
294 4.068496127729304e-05
295 2.361925180593971e-05
296 3.1985204259399325e-05
297 7.19814925105311e-05
298 4.9905534979188815e-05
299 3.3144940971396863e-05
300 2.3199370843940414e-05
301 4.304750109440647e-05
302 3.9909937186166644e-05
303 0.00010857730376301333
304 0.00011736431042663753
305 2.2072586943977512e-05
306 5.236771175987087e-05
307 4.292379890102893e-05
308 3.854013266391121e-05
309 2.370207403146196e-05
310 8.318304935528431e-06
311 5.1870349125238135e-05
312 2.657066215761006e-05
313 4.952631570631638e-05
314 5.471851909533143e-05
315 3.633318192441948e-05
316 3.97924923163373e-05
317 2.67114482994657e-05
318 3.603221557568759e-05
319 3.717547588166781e-05
320 0.0001421379711246118
321 6.409872003132477e-05
322 5.5936616263352334e-05
323 4.349328446551226e-05
324 7.701681170146912e-05
325 2.924373075074982e-05
326 2.9511826141970232e-05
327 5.128174598212354e-05
328 4.651582639780827e-05
329 7.525433375121793e-06
330 1.679880551819224e-05
331 2.1368048692238517e-05
332 2.6854580937651917e-05
333 6.047976785339415e-05
334 5.332924047252163e-05
335 5.158350904821418e-05
336 1.948504359461367e-05
337 4.142313628108241e-05
338 2.5595152692403644e-05
339 3.407715485082008e-05
340 6.193771696416661e-05
341 3.5882847441826016e-05
342 8.985739259514958e-05
343 1.4972326425777283e-05
344 1.996912578761112e-05
345 1.0845829820027575e-05
346 5.310256892698817e-05
347 9.088754450203851e-05
348 6.640689389314502e-05
349 4.352370888227597e-05
350 6.375343673425959e-06
351 3.908900180249475e-05
352 1.6155099729076028e-06
353 3.586192906368524e-05
354 1.8816885130945593e-05
355 2.2345726392813958e-05
356 6.122719059931114e-05
357 3.420398206799291e-05
358 6.854525418020785e-05
359 0.0002075317461276427
360 7.547687710030004e-05
361 7.381145405815914e-05
362 2.9113351047271863e-05
363 4.788705336977728e-05
364 5.1269642426632345e-05
365 7.44677017792128e-05
366 3.658279456431046e-05
367 4.8207173676928505e-05
368 7.61878573030117e-06
369 0.000124882732052356
370 5.0012986321235076e-05
371 2.5637084036134183e-05
372 1.3130853403708898e-05
373 3.471391391940415e-05
374 4.3469201045809314e-05
375 3.692593236337416e-05
376 1.348049863736378e-05
377 7.651482155779377e-05
378 1.7879956430988386e-05
379 3.0891940696164966e-05
380 3.514256968628615e-05
381 2.6090881874551997e-05
382 1.7911826944327913e-05
383 1.8428405383019708e-05
384 9.349578249384649e-06
385 1.1225037269468885e-05
386 5.900413088966161e-05
387 9.978240996133536e-05
388 2.4878747353795916e-05
389 4.4623218855122104e-05
390 4.735797119792551e-05
391 1.651114143896848e-05
392 1.83561205631122e-05
393 5.173924728296697e-05
394 3.808064866461791e-05
395 2.031513758993242e-05
396 4.6546891098842025e-05
397 4.777224239660427e-05
398 5.753443838329986e-05
399 4.274838283890858e-05
400 2.3285614588530734e-05
401 4.405633080750704e-05
402 1.665573836362455e-05
403 1.1457153050287161e-05
404 4.2883864807663485e-05
405 0.000126159458886832
406 0.00021962792379781604
407 0.00011568760237423703
408 0.00018901457951869816
409 0.00013748447236139327
410 0.0002109739725710824
411 4.67319150629919e-05
412 4.7407174861291423e-05
413 2.1908725102548487e-05
414 4.524306859821081e-05
415 0.00012000105198239908
416 2.5144005121546797e-05
417 0.0005139450076967478
418 0.00016987897106446326
419 0.00016988553397823125
420 7.371050742221996e-05
421 9.050181688508019e-05
422 0.00023478535877075046
423 0.00018915344844572246
424 0.0002562083536759019
425 0.00010337663843529299
426 0.00010757706331787631
427 0.0003355486842337996
428 0.00020458767539821565
429 0.0007002236670814455
430 0.00010062780347652733
431 0.0029858241323381662
432 0.0009003568557091057
433 0.0005408381693996489
434 0.00014271718100644648
435 0.00021423272846732289
436 0.000165140038006939
437 4.8416713980259374e-05
438 0.00021255252067930996
439 0.00040070171235129237
440 0.00021100722369737923
441 0.0008057261002250016
442 0.054645124822854996
443 0.1349148452281952
444 0.053777556866407394
445 0.00838835071772337
446 0.006030799355357885
447 0.003363876137882471
448 0.0013130921870470047
449 0.00041786619112826884
450 0.0007768585346639156
451 0.0006026331684552133
452 0.00047574672498740256
453 0.0006208406994119287
454 0.00022309707128442824
455 0.00016387042705900967
456 0.0001867966348072514
457 9.205251262756065e-05
458 8.920835534809157e-05
459 6.725484854541719e-05
460 8.539147529518232e-05
461 8.821991650620475e-05
462 6.667930574622005e-05
463 0.0001004864097922109
464 5.667829464073293e-05
465 5.9819412854267284e-05
466 7.497239857912064e-05
467 8.744221122469753e-05
468 0.00011228295625187457
469 0.00010948534327326342
470 0.00018810154870152473
471 0.00021990400273352861
472 6.418791599571705e-05
473 4.4966953282710165e-05
474 2.5739092961885035e-05
475 8.599603461334482e-05
476 8.090563642326742e-05
477 0.0001731347874738276
478 6.079491868149489e-05
479 0.00018531839305069298
480 0.00016878249880392104
481 4.474390152608976e-05
482 0.00011826630361611024
483 0.00011726963566616178
484 0.00019819603767246008
485 0.0001649284386076033
486 9.284707630285993e-05
487 3.0822593544144183e-05
488 6.429661880247295e-05
489 1.6252684872597456e-05
490 4.9539507017470896e-05
491 2.477590533089824e-05
492 3.315082358312793e-05
493 6.634835881413892e-05
494 9.8878335847985e-05
495 6.81390956742689e-05
496 5.8236808399669826e-05
497 3.500610910123214e-05
498 4.8490495828446e-05
499 1.0805423698911909e-05
500 2.3361502826446667e-05
501 6.939250306459144e-05
502 4.247060132911429e-05
503 4.271059515303932e-05
504 4.141032331972383e-05
505 7.954283501021564e-05
506 0.00012382362911012024
507 0.00010021019988926128
508 3.248728171456605e-05
509 9.191894059767947e-05
510 0.00014862082025501877
511 2.9247546990518458e-05
512 0.00014222352183423936
513 0.00018484781321603805
514 7.671930507058278e-05
515 6.926601781742647e-05
516 0.00014840767835266888
517 6.590667908312753e-05
518 2.1128751541255042e-05
519 6.346690497593954e-05
520 8.293143764603883e-05
521 0.0001534878247184679
522 3.0658786272397265e-05
523 2.753102671704255e-05
524 6.306065188255161e-05
525 0.0001544440892757848
526 7.966956763993949e-05
527 6.112628761911765e-05
528 0.0003486150235403329
529 7.847226515877992e-05
530 9.881770529318601e-05
531 0.0004423970531206578
532 5.006535502616316e-05
533 7.669702608836815e-05
534 6.263951945584267e-05
535 7.811806426616386e-05
536 0.00035800071782432497
537 0.00016447584494017065
538 0.000591927906498313
539 0.00010206370643572882
540 4.168265877524391e-05
541 4.444710066309199e-05
542 4.024822555948049e-05
543 4.9885707994690165e-05
544 0.0001482297811890021
545 4.6048495278228074e-05
546 1.7220861991518177e-05
547 4.639566395781003e-05
548 3.9405273128068075e-05
549 2.3404347302857786e-05
550 3.32123163389042e-05
551 9.538448648527265e-05
552 3.3585492928978056e-05
553 0.00019883525965269655
554 7.270838250406086e-05
555 0.000183050477062352
556 0.0003351810737513006
557 9.348343155579641e-05
558 0.00020786462118849158
559 0.00012565526412799954
560 0.00030935415998101234
561 0.00011235545389354229
562 0.0004674237279687077
563 0.0002594302932266146
564 0.00042495474917814136
565 0.0002387237036600709
566 0.001255139708518982
567 0.0033492804504930973
568 0.0010024524526670575
569 0.00040328275645151734
570 0.001323829754255712
571 0.010825944133102894
572 0.0011374917812645435
573 0.01136628445237875
574 0.0017190062208101153
575 0.004691449925303459
576 0.002179739298298955
577 0.0008025461575016379
578 0.0004483694792725146
579 0.000451895670266822
580 0.0006127121741883457
581 0.00035303994081914425
582 0.0022547533735632896
583 0.0018359469249844551
584 0.002594291465356946
585 0.0029283466283231974
586 0.0017511064652353525
587 0.0030573629774153233
588 0.0010807870421558619
589 0.0029041317757219076
590 0.0003915559209417552
591 0.00023801134375389665
592 0.00035596638917922974
593 0.00039030524203553796
594 0.00037252885522320867
595 0.0001807801891118288
596 0.00014075044600758702
597 8.830286969896406e-05
598 0.0001289191859541461
599 6.41078659100458e-05
600 8.957474346971139e-05
601 1.7561895219841972e-05
602 4.210317274555564e-05
603 3.8434434827649966e-05
604 0.0005280461627990007
605 0.0002771409344859421
606 0.00010288283374393359
607 0.00018615603039506823
608 0.00023334665456786752
609 0.0008833252359181643
610 0.0024432004429399967
611 0.003052002051845193
612 0.01627805270254612
613 0.0481947585940361
614 0.022231152281165123
615 0.030662760138511658
616 0.02352907881140709
617 0.0014190950896590948
618 0.003246616804972291
619 0.0017379368655383587
620 0.001755538978613913
621 0.0001746006601024419
622 0.0004567802825476974
623 0.00033324072137475014
624 0.00059741479344666
625 0.00017779238987714052
626 3.196610487066209e-05
627 9.804080036701635e-05
628 0.00014063363778404891
629 0.0002611036179587245
630 0.00034487160155549645
631 0.0001551825407659635
632 5.261933620204218e-05
633 6.865919567644596e-05
634 3.3669777621980757e-05
635 0.0001308376231463626
636 0.00014926239964552224
637 4.473057924769819e-05
638 6.145213410491124e-05
639 7.095924229361117e-05
640 3.290650056442246e-05
641 4.9425452743889764e-05
642 0.00010561247472651303
643 4.30920954386238e-05
644 5.541284554055892e-05
645 0.0001559758820803836
646 0.00016551860608160496
647 0.0001008047693176195
648 0.0002076984674204141
649 0.0001674737868597731
650 0.0005022318218834698
651 0.0013836020370945334
652 0.00020669566583819687
653 0.00019319869170431048
654 0.00019964574312325567
655 9.158499597106129e-05
656 0.00032734821434132755
657 0.004279231186956167
658 0.0023263052571564913
659 0.0005077095120213926
660 0.0012101659085601568
661 0.001678998931311071
662 0.0015942725585773587
663 0.0015351937618106604
664 0.0008012085454538465
665 0.0005563166923820972
666 0.00032694311812520027
667 0.0020654993131756783
668 0.0020941917318850756
669 0.0006554370047524571
670 0.001992116216570139
671 0.0012363690184429288
672 0.0024743573740124702
673 0.0011593046365305781
674 0.0012597542954608798
675 0.0016584923723712564
676 0.0007160063832998276
677 0.002015251899138093
678 0.000556146667804569
679 9.868205233942717e-05
680 0.00010166344873141497
681 0.0003424138994887471
682 0.00028766714967787266
683 0.001451818156056106
684 0.001435283338651061
685 0.0004724873579107225
686 0.0002047871967079118
687 0.0008119771955534816
688 0.0007739744032733142
689 0.0005110262427479029
690 0.015696054324507713
691 0.0030081176664680243
692 0.0022012093104422092
693 0.0005944976583123207
694 0.0002370607980992645
695 0.00011404943506931886
696 4.752370296046138e-05
697 0.0002139150892617181
698 1.733468525344506e-05
699 6.474824476754293e-05
700 2.393361137364991e-05
701 4.5105050958227366e-05
702 4.968304710928351e-05
703 6.018691055942327e-05
704 6.872021913295612e-05
705 1.391984915244393e-05
706 0.00010198670497629791
707 7.558744255220518e-05
708 8.821087249089032e-05
709 0.0001502830273238942
710 0.0003143969806842506
711 0.0005769382696598768
712 0.0007084580138325691
713 0.0005917900707572699
714 0.00030142138712108135
715 0.0005698298919014633
716 0.0007685861201025546
717 0.0004653360228985548
718 0.0003519322199281305
719 0.0007553502800874412
720 0.000978774856775999
721 0.0002913044299930334
722 0.0006068070069886744
723 0.00013489175762515515
724 0.0228972639888525
725 0.007676517125219107
726 0.008083612658083439
727 0.006696342956274748
728 0.06592103093862534
729 0.1619560271501541
730 0.05761787295341492
731 0.06360506266355515
732 0.024030428379774094
733 0.015853598713874817
734 0.0016824849881231785
735 0.0018155424622818828
736 0.0005716527812182903
737 0.0007030412671156228
738 0.0002610197407193482
739 0.0001578620431246236
740 6.89643420628272e-05
741 7.236397505039349e-05
742 4.429096952662803e-05
743 4.1436273022554815e-05
744 3.926461795344949e-05
745 6.86011990183033e-05
746 3.8306381611619145e-05
747 6.302675319602713e-05
748 5.9386336943134665e-05
749 4.194727443973534e-05
750 4.23889905505348e-05
751 7.301190635189414e-05
752 4.7924531827447936e-05
753 1.5186513337539509e-05
754 4.131910463911481e-05
755 1.3583760846813675e-05
756 7.476974133169279e-05
757 5.62956411158666e-05
758 9.015230170916766e-05
759 2.5242252377211116e-05
760 7.709068449912593e-05
761 3.312834451207891e-05
762 0.00024413959181401879
763 0.000255577644566074
764 0.00022044476645532995
765 8.624121255706996e-05
766 0.00012571019760798663
767 0.0001301237498410046
768 0.00024126225616782904
769 7.675728556932881e-05
770 0.0002631718525663018
771 0.00010400241444585845
772 0.00010859024041565135
773 9.224742098012939e-05
774 7.879367331042886e-05
775 0.00014215284318197519
776 0.00023216077534016222
777 0.00016800758021418005
778 7.603783160448074e-05
779 0.00021869184274692088
780 0.0004014006699435413
781 4.3492527765920386e-05
782 2.614262848510407e-05
783 0.00048799969954416156
784 0.00024952259263955057
785 0.00017437174392398447
786 8.101113053271547e-05
787 3.1402560125570744e-05
788 0.00017135795496869832
789 0.00029200190328992903
790 6.0330130509100854e-05
791 3.866614497383125e-05
792 6.468540959758684e-05
793 6.359830149449408e-05
794 7.234211807372048e-05
795 3.681907764985226e-05
796 5.8183846704196185e-05
797 1.7752139683580026e-05
798 3.5072902392130345e-05
799 3.2369480322813615e-05
800 9.19083868211601e-06
801 2.3308901290874928e-05
802 2.8659131203312427e-05
803 2.9915108825662173e-05
804 3.119854591204785e-05
805 8.367752889171243e-05
806 4.4560183596331626e-05
807 0.00011454035848146304
808 6.502918404294178e-05
809 4.7479836212005466e-05
810 9.589416004018858e-05
811 6.588045653188601e-05
812 6.535644206451252e-05
813 0.0003830042260233313
814 4.9435457185609266e-05
815 2.1016045138821937e-05
816 4.402591730467975e-05
817 4.014709702460095e-05
818 0.00019315113604534417
819 0.00029250967781990767
820 0.00020943870185874403
821 0.00021334903431124985
822 0.0003665652475319803
823 4.918717604596168e-05
824 4.570309101836756e-05
825 0.000344681553542614
826 0.0008220431045629084
827 0.00021800027752760798
828 7.73720457800664e-05
829 5.919345494476147e-05
830 0.0001454203884350136
831 4.810767131857574e-05
832 0.00016207178123295307
833 0.00014196138363331556
834 8.997281111078337e-05
835 4.879453990724869e-05
836 4.1339928429806605e-05
837 7.121084490790963e-05
838 0.000149090017657727
839 6.317884981399402e-05
840 0.000749304483179003
841 0.0003347306337673217
842 0.001077039516530931
843 0.004266648553311825
844 0.0008994031231850386
845 0.0017999850679188967
846 0.0018457156838849187
847 0.0014080661348998547
848 0.0032922725658863783
849 0.0022340849973261356
850 0.0007506170077249408
851 0.001038414309732616
852 0.006737613584846258
853 0.0026102792471647263
854 0.003629505168646574
855 0.0035138765815645456
856 0.000690380169544369
857 0.004761974327266216
858 0.022008944302797318
859 0.00969003327190876
860 0.0011911778710782528
861 0.0008401684463024139
862 0.0006610172567889094
863 0.0003089906822424382
864 7.366773934336379e-05
865 0.00017163407756015658
866 0.0003977634769398719
867 9.504292393103242e-05
868 2.903604763559997e-05
869 6.941708852536976e-05
870 7.184341666288674e-05
871 3.573142021195963e-05
872 6.865804607514292e-05
873 6.817075336584821e-05
874 3.880006988765672e-05
875 5.231430259300396e-05
876 8.651097596157342e-05
877 0.00016818262520246208
878 8.956316742114723e-05
879 9.322181722382084e-05
880 7.72512867115438e-05
881 9.419076377525926e-05
882 0.0001408461685059592
883 1.97481203940697e-05
884 0.00010125554399564862
885 0.00012424238957464695
886 5.041521944804117e-05
887 5.0139740778831765e-05
888 4.535511470749043e-05
889 3.325182115077041e-05
890 2.24416253331583e-05
891 0.00011502272536745295
892 0.00011876991629833356
893 0.00026902338140644133
894 0.0001435630110790953
895 0.001549948356114328
896 0.005460062529891729
897 0.003907747566699982
898 0.00044387576053850353
899 0.003063971409574151
900 0.036599475890398026
901 0.08300605416297913
902 0.05110820010304451
903 0.02915746159851551
904 0.016343336552381516
905 0.006630279123783112
906 0.0006350402254611254
907 0.0009582104394212365
908 0.00031657327781431377
909 0.00025544548407197
910 0.0002780852373689413
911 0.00015187925600912422
912 0.00015789088502060622
913 0.00013541779480874538
914 0.00011639620061032474
915 3.338482929393649e-05
916 7.4135183240287e-05
917 5.235517164692283e-05
918 1.6835152564453892e-05
919 4.310056829126552e-05
920 6.843179289717227e-05
921 4.886270471615717e-05
922 1.7030430171871558e-05
923 2.2547139451489784e-05
924 4.7094774345168844e-05
925 3.380192720214836e-05
926 5.948749458184466e-05
927 6.82529280311428e-05
928 0.00012467446504160762
929 0.000202021052245982
930 0.0001138919178629294
931 7.029144035186619e-05
932 8.334818267030641e-05
933 0.0002596543054096401
934 0.00024008860054891557
935 5.960038470220752e-05
936 4.287410047254525e-05
937 7.200533582363278e-05
938 2.2594329493585974e-05
939 4.662563878810033e-05
940 2.363738531130366e-05
941 6.825664604548365e-05
942 8.999711280921474e-05
943 0.00013572417083196342
944 5.573094676947221e-05
945 0.00013551297888625413
946 7.268723129527643e-05
947 4.266967880539596e-05
948 0.0005876222276128829
949 0.00047235714737325907
950 0.0007651050691492856
951 0.0002983812883030623
952 0.00019527216500137
953 0.00022888218518346548
954 0.00020708402735181153
955 0.0002518090477678925
956 0.0006053554825484753
957 0.0006885131006129086
958 0.0005430587334558368
959 0.00028798013227060437
960 0.0005069019389338791
961 0.0005573484813794494
962 0.0005030679749324918
963 0.0002731727436184883
964 8.76124031492509e-05
965 4.0811333747114986e-05
966 0.00014429933798965067
967 0.00017837304039858282
968 0.00013073875743430108
969 0.00019987979612778872
970 0.0003635101893451065
971 0.0008119759731926024
972 0.0014847751008346677
973 0.00011695632565533742
974 8.865805284585804e-05
975 0.0001876942114904523
976 6.924131594132632e-05
977 0.00037752726348116994
978 0.00010329623182769865
979 0.0004067070549353957
980 0.00018325263226870447
981 0.000677852367516607
982 0.0012548816157504916
983 0.0005632000975310802
984 0.0007667276076972485
985 0.0010273270308971405
986 0.00039064534939825535
987 0.0013135354965925217
988 0.0005609212093986571
989 0.001243715058080852
990 0.003513185540214181
991 0.0017290011746808887
992 0.003009155159816146
993 0.004675669129937887
994 0.007180842570960522
995 0.0016422163462266326
996 0.0012744995765388012
997 0.0006637972546741366
998 0.001764993299730122
999 0.0019276092061772943
