0 73.17876434326172
1 55.25753402709961
2 40.140743255615234
3 20.610279083251953
4 19.584030151367188
5 21.898962020874023
6 12.980680465698242
7 9.252350807189941
8 7.507632255554199
9 7.768646240234375
10 9.393000602722168
11 7.472416400909424
12 7.714326858520508
13 8.74420166015625
14 5.282881736755371
15 2.4201104640960693
16 3.8737595081329346
17 0.8732098340988159
18 5.0425848960876465
19 3.006275177001953
20 3.7585864067077637
21 4.750912189483643
22 2.2875630855560303
23 2.4868545532226562
24 3.448446750640869
25 1.764685869216919
26 2.3704662322998047
27 1.775964379310608
28 2.379852771759033
29 2.138716459274292
30 1.9269710779190063
31 2.068002700805664
32 2.6148226261138916
33 1.2145134210586548
34 1.406097173690796
35 1.2975919246673584
36 1.6628705263137817
37 1.2095705270767212
38 1.15916109085083
39 0.6137092113494873
40 2.2470335960388184
41 1.483307123184204
42 0.3979445695877075
43 0.8239175081253052
44 0.43949082493782043
45 0.9924549460411072
46 0.9354361295700073
47 0.8463494181632996
48 0.4306286871433258
49 0.9735673069953918
50 0.45917946100234985
51 0.514528214931488
52 0.5672476887702942
53 0.3510036766529083
54 0.44938787817955017
55 0.4741817116737366
56 0.44348442554473877
57 0.42503786087036133
58 0.29330047965049744
59 0.2031840682029724
60 0.33721041679382324
61 0.1884642094373703
62 0.3358745276927948
63 0.183089479804039
64 0.22281667590141296
65 0.2105938047170639
66 0.2128392606973648
67 0.18149350583553314
68 0.18295496702194214
69 0.19219371676445007
70 0.14341233670711517
71 0.14322929084300995
72 0.15848703682422638
73 0.11094402521848679
74 0.09641345590353012
75 0.09396842122077942
76 0.11793331801891327
77 0.10170013457536697
78 0.12196453660726547
79 0.09318587183952332
80 0.0697675570845604
81 0.0637686550617218
82 0.07198815792798996
83 0.06134667620062828
84 0.07550954073667526
85 0.04974600672721863
86 0.0593256875872612
87 0.035990722477436066
88 0.048014894127845764
89 0.05631571263074875
90 0.06171751394867897
91 0.030476408079266548
92 0.048924773931503296
93 0.0472373440861702
94 0.052078861743211746
95 0.03643844649195671
96 0.043069448322057724
97 0.03810891509056091
98 0.049240365624427795
99 0.028940126299858093
100 0.02245965227484703
101 0.04932476952672005
102 0.027719229459762573
103 0.03320828825235367
104 0.029371002689003944
105 0.028350597247481346
106 0.0292695052921772
107 0.03231183439493179
108 0.041070498526096344
109 0.019674893468618393
110 0.036747854202985764
111 0.027136772871017456
112 0.03182515501976013
113 0.02242145873606205
114 0.02667739801108837
115 0.02771863155066967
116 0.027442295104265213
117 0.029747238382697105
118 0.02046646736562252
119 0.015010759234428406
120 0.025848567485809326
121 0.05471860244870186
122 0.021234922111034393
123 0.022358322516083717
124 0.03267907723784447
125 0.02320757322013378
126 0.03834870457649231
127 0.019518299028277397
128 0.026189720258116722
129 0.023889945819973946
130 0.03310540318489075
131 0.029900461435317993
132 0.023318791761994362
133 0.0261251088231802
134 0.019404133781790733
135 0.012415832839906216
136 0.031553223729133606
137 0.01705600693821907
138 0.03290792182087898
139 0.01853827014565468
140 0.018696818500757217
141 0.01162673905491829
142 0.019865240901708603
143 0.03301607444882393
144 0.012190951965749264
145 0.03187594562768936
146 0.014025664888322353
147 0.02955581434071064
148 0.015214497223496437
149 0.026283366605639458
150 0.03421557694673538
151 0.02083161659538746
152 0.02680020034313202
153 0.022040333598852158
154 0.016291290521621704
155 0.02186722122132778
156 0.023528773337602615
157 0.020012933760881424
158 0.016396302729845047
159 0.008730201050639153
160 0.011527587659657001
161 0.025193339213728905
162 0.028186142444610596
163 0.026980053633451462
164 0.025328727439045906
165 0.03281044960021973
166 0.021344471722841263
167 0.011227495968341827
168 0.008833682164549828
169 0.024737508967518806
170 0.018427841365337372
171 0.02548677660524845
172 0.019324762746691704
173 0.02184370346367359
174 0.026189908385276794
175 0.018012801185250282
176 0.025042783468961716
177 0.018033139407634735
178 0.021459145471453667
179 0.026973174884915352
180 0.01616167277097702
181 0.03771042823791504
182 0.020090090110898018
183 0.018112363293766975
184 0.017077436670660973
185 0.02251085638999939
186 0.02098275162279606
187 0.01306295394897461
188 0.015264401212334633
189 0.023921219632029533
190 0.02685515768826008
191 0.009487943723797798
192 0.011918612755835056
193 0.013063952326774597
194 0.016171928495168686
195 0.0081305718049407
196 0.026396237313747406
197 0.005973456427454948
198 0.008713925257325172
199 0.016938427463173866
200 0.01694490760564804
201 0.009653287008404732
202 0.023573728278279305
203 0.028366997838020325
204 0.0091193662956357
205 0.013680465519428253
206 0.023268362507224083
207 0.01592802070081234
208 0.014780048280954361
209 0.014680956490337849
210 0.013141704723238945
211 0.016847660765051842
212 0.007330605760216713
213 0.020111089572310448
214 0.01400828454643488
215 0.013456900604069233
216 0.009000621736049652
217 0.01284394133836031
218 0.011721780523657799
219 0.008420105092227459
220 0.028958918526768684
221 0.017169825732707977
222 0.025810934603214264
223 0.012915831059217453
224 0.018207862973213196
225 0.009123869240283966
226 0.02449832297861576
227 0.011326633393764496
228 0.019801892340183258
229 0.006585060618817806
230 0.007022347766906023
231 0.02640870213508606
232 0.014306556433439255
233 0.014205005019903183
234 0.0181366428732872
235 0.00977129116654396
236 0.008745371364057064
237 0.013351291418075562
238 0.02379981428384781
239 0.02042878232896328
240 0.02337164431810379
241 0.00607465673238039
242 0.01487976685166359
243 0.02376958169043064
244 0.010864372365176678
245 0.024082565680146217
246 0.016620343551039696
247 0.026182090863585472
248 0.007582318969070911
249 0.017204493284225464
250 0.012900864705443382
251 0.018427714705467224
252 0.005778699181973934
253 0.02191135659813881
254 0.015162554569542408
255 0.011081261560320854
256 0.01761968992650509
257 0.01721632480621338
258 0.021755704656243324
259 0.024722972884774208
260 0.023565171286463737
261 0.007790342438966036
262 0.025859499350190163
263 0.005606214050203562
264 0.011552167125046253
265 0.024817653000354767
266 0.015765706077218056
267 0.009385504759848118
268 0.008883805014193058
269 0.013487651012837887
270 0.009335394017398357
271 0.017433859407901764
272 0.013424204662442207
273 0.01928148791193962
274 0.004326777532696724
275 0.009687352925539017
276 0.011276254430413246
277 0.007995450869202614
278 0.011935808695852757
279 0.01330695953220129
280 0.03584401309490204
281 0.027611365541815758
282 0.008215843699872494
283 0.010850181803107262
284 0.01873624511063099
285 0.013040580786764622
286 0.01951966993510723
287 0.011191406287252903
288 0.009150165133178234
289 0.015664758160710335
290 0.009036614559590816
291 0.008179201744496822
292 0.021659521386027336
293 0.015506839379668236
294 0.005595467984676361
295 0.021312933415174484
296 0.010252654552459717
297 0.004887373652309179
298 0.005021511577069759
299 0.016224483028054237
300 0.009640994481742382
301 0.006302735302597284
302 0.03390051797032356
303 0.01717408001422882
304 0.013281324878334999
305 0.02817363664507866
306 0.014166027307510376
307 0.013361956924200058
308 0.013884788379073143
309 0.020462194457650185
310 0.011646473780274391
311 0.016945887356996536
312 0.017219627276062965
313 0.008235672488808632
314 0.010694926604628563
315 0.00854805763810873
316 0.017110710963606834
317 0.019400306046009064
318 0.0070066750049591064
319 0.01642681285738945
320 0.022210467606782913
321 0.024070238694548607
322 0.011993512511253357
323 0.015600292943418026
324 0.007109392434358597
325 0.008700897917151451
326 0.02197835221886635
327 0.00654200091958046
328 0.022566240280866623
329 0.01206536591053009
330 0.015038156881928444
331 0.018908996134996414
332 0.012175442650914192
333 0.008903691545128822
334 0.022692004218697548
335 0.011210290715098381
336 0.0052896360866725445
337 0.025405051186680794
338 0.007391191087663174
339 0.01362903043627739
340 0.013896583579480648
341 0.011652003042399883
342 0.01865430362522602
343 0.013693793676793575
344 0.017765263095498085
345 0.023990001529455185
346 0.014943142421543598
347 0.014237490482628345
348 0.01945614442229271
349 0.018157757818698883
350 0.018763462081551552
351 0.004214459098875523
352 0.014539234340190887
353 0.023570261895656586
354 0.012770703993737698
355 0.011145014315843582
356 0.008384018205106258
357 0.013757294043898582
358 0.014312456361949444
359 0.005618494004011154
360 0.009470164775848389
361 0.004784491844475269
362 0.0031662913970649242
363 0.011288953945040703
364 0.013414457440376282
365 0.011151214130222797
366 0.018383976072072983
367 0.014413934201002121
368 0.006312593352049589
369 0.007153092883527279
370 0.018282262608408928
371 0.008682609535753727
372 0.025242412462830544
373 0.011636409908533096
374 0.011350700631737709
375 0.014430653303861618
376 0.015376792289316654
377 0.012122644111514091
378 0.008607514202594757
379 0.01810326613485813
380 0.019306307658553123
381 0.021773412823677063
382 0.010514079593122005
383 0.025349561125040054
384 0.022293617948889732
385 0.00432144058868289
386 0.015125388279557228
387 0.020959876477718353
388 0.022236468270421028
389 0.027349429205060005
390 0.0139762656763196
391 0.01760922372341156
392 0.027721036225557327
393 0.007454735226929188
394 0.010916955769062042
395 0.014696904458105564
396 0.02273879200220108
397 0.006750096566975117
398 0.010815221816301346
399 0.00871251430362463
400 0.028488552197813988
401 0.020807966589927673
402 0.018846217542886734
403 0.008057779632508755
404 0.007532982155680656
405 0.016436131671071053
406 0.012105951085686684
407 0.017552737146615982
408 0.011133107356727123
409 0.018099119886755943
410 0.0061213173903524876
411 0.006827773060649633
412 0.023037683218717575
413 0.03368871286511421
414 0.026463352143764496
415 0.008153293281793594
416 0.00811044778674841
417 0.006879209075123072
418 0.020696712657809258
419 0.024740539491176605
420 0.026880305260419846
421 0.0028716938104480505
422 0.008675944060087204
423 0.01990526169538498
424 0.015094543807208538
425 0.019741179421544075
426 0.02355930022895336
427 0.0077414182014763355
428 0.0037273946218192577
429 0.007862797006964684
430 0.012892074882984161
431 0.01944512501358986
432 0.02517821080982685
433 0.01854303665459156
434 0.014831685461103916
435 0.012992536649107933
436 0.005484059918671846
437 0.018156107515096664
438 0.00591522129252553
439 0.02189682424068451
440 0.01675846241414547
441 0.019858675077557564
442 0.01811666041612625
443 0.0039427862502634525
444 0.02181069180369377
445 0.0142690259963274
446 0.015013747848570347
447 0.005751387681812048
448 0.022254234179854393
449 0.01861434057354927
450 0.008558536879718304
451 0.019928371533751488
452 0.00656591122969985
453 0.009394556283950806
454 0.010684993118047714
455 0.004783185198903084
456 0.012226196937263012
457 0.011025865562260151
458 0.011459145694971085
459 0.00422004284337163
460 0.0040708440355956554
461 0.008264567703008652
462 0.013051615096628666
463 0.02580641396343708
464 0.011754171922802925
465 0.0046467166393995285
466 0.0028906671795994043
467 0.012640436179935932
468 0.007885352708399296
469 0.008028077892959118
470 0.008052047342061996
471 0.02762126363813877
472 0.011495005339384079
473 0.0061441510915756226
474 0.008503223769366741
475 0.007570865098387003
476 0.010468865744769573
477 0.01300732884556055
478 0.008167882449924946
479 0.02426137961447239
480 0.013292806223034859
481 0.006540942471474409
482 0.009185560047626495
483 0.006105994340032339
484 0.007713601924479008
485 0.013074520044028759
486 0.014775687828660011
487 0.0028183774556964636
488 0.0064338999800384045
489 0.010243033990263939
490 0.013252702541649342
491 0.019915755838155746
492 0.01478615403175354
493 0.02023519203066826
494 0.0055822208523750305
495 0.0169388260692358
496 0.009668352082371712
497 0.00861414335668087
498 0.006260150112211704
499 0.013041566126048565
500 0.020970260724425316
501 0.01356345135718584
502 0.010120500810444355
503 0.016224369406700134
504 0.008502745069563389
505 0.01903330162167549
506 0.008006206713616848
507 0.008656322956085205
508 0.01683339662849903
509 0.005799745675176382
510 0.015436961315572262
511 0.02461428940296173
512 0.016908617690205574
513 0.015742847695946693
514 0.021679094061255455
515 0.0038080355152487755
516 0.011563241481781006
517 0.006765004247426987
518 0.00898974109441042
519 0.01626954786479473
520 0.015393028035759926
521 0.0053311060182750225
522 0.017687935382127762
523 0.008892340585589409
524 0.01836901158094406
525 0.013080085627734661
526 0.011119240894913673
527 0.004291865974664688
528 0.0038114103954285383
529 0.005927766673266888
530 0.006971889175474644
531 0.014270004816353321
532 0.009478027001023293
533 0.024110428988933563
534 0.010027848184108734
535 0.008581869304180145
536 0.013478979468345642
537 0.004243982955813408
538 0.014459055848419666
539 0.01604144088923931
540 0.012686198577284813
541 0.009024475701153278
542 0.007177446503192186
543 0.007427448872476816
544 0.018950650468468666
545 0.02864224836230278
546 0.008532145991921425
547 0.013932143338024616
548 0.01091000996530056
549 0.020178532227873802
550 0.008301278576254845
551 0.010027941316366196
552 0.005418458487838507
553 0.008487479761242867
554 0.0049910894595086575
555 0.006175451911985874
556 0.013454897329211235
557 0.019389573484659195
558 0.008707349188625813
559 0.014306193217635155
560 0.013340923935174942
561 0.014468667097389698
562 0.006235436070710421
563 0.009005459025502205
564 0.019402673467993736
565 0.02183837816119194
566 0.017595170065760612
567 0.012089584954082966
568 0.017942354083061218
569 0.017723040655255318
570 0.012147395871579647
571 0.011903369799256325
572 0.014900601468980312
573 0.006132031325250864
574 0.004045693203806877
575 0.011037524789571762
576 0.017883431166410446
577 0.006248292047530413
578 0.021351441740989685
579 0.01732025109231472
580 0.0054970732890069485
581 0.022562285885214806
582 0.010115141980350018
583 0.011257106438279152
584 0.01240259874612093
585 0.011009476147592068
586 0.007238602731376886
587 0.019910374656319618
588 0.012933033518493176
589 0.02207174338400364
590 0.009567195549607277
591 0.014352514408528805
592 0.009096982888877392
593 0.005482127424329519
594 0.009779882617294788
595 0.009736789390444756
596 0.020638631656765938
597 0.007361772935837507
598 0.013815652579069138
599 0.016780473291873932
600 0.015350907109677792
601 0.02058788202702999
602 0.007434551138430834
603 0.0034103738144040108
604 0.007422016933560371
605 0.01572558656334877
606 0.01776329055428505
607 0.006532497704029083
608 0.0330696702003479
609 0.014358527958393097
610 0.004266221076250076
611 0.007304019294679165
612 0.02279774472117424
613 0.011186318472027779
614 0.014643216505646706
615 0.006438283249735832
616 0.01313340850174427
617 0.016778144985437393
618 0.005901019088923931
619 0.0191572904586792
620 0.012799160555005074
621 0.013338787481188774
622 0.0106996800750494
623 0.011431149207055569
624 0.021940045058727264
625 0.018071986734867096
626 0.01770411990582943
627 0.008008968085050583
628 0.007219018414616585
629 0.013038256205618382
630 0.019258197396993637
631 0.008555132895708084
632 0.003944192547351122
633 0.006496679503470659
634 0.014653200283646584
635 0.003568226471543312
636 0.008714335970580578
637 0.008240212686359882
638 0.00628136470913887
639 0.015592539682984352
640 0.007025004830211401
641 0.004087669309228659
642 0.01562703587114811
643 0.005913321394473314
644 0.01399111095815897
645 0.022205950692296028
646 0.004636397119611502
647 0.01900540478527546
648 0.02062123641371727
649 0.0072589474730193615
650 0.013224839232861996
651 0.01675908826291561
652 0.014722573570907116
653 0.006263243965804577
654 0.016367964446544647
655 0.008634132333099842
656 0.007173735648393631
657 0.013865547254681587
658 0.0097834262996912
659 0.008310017175972462
660 0.007168194279074669
661 0.00830092653632164
662 0.004955383017659187
663 0.006358230486512184
664 0.010594403371214867
665 0.0018928153440356255
666 0.021798115223646164
667 0.008795646019279957
668 0.014270290732383728
669 0.010296682827174664
670 0.015123069286346436
671 0.007120981812477112
672 0.017591288313269615
673 0.011578579433262348
674 0.011049539782106876
675 0.003222141182050109
676 0.025741025805473328
677 0.006117855664342642
678 0.011997419409453869
679 0.016887221485376358
680 0.007699316367506981
681 0.02124618925154209
682 0.011116979643702507
683 0.026337141171097755
684 0.006297598592936993
685 0.007473005913197994
686 0.01162153109908104
687 0.016718745231628418
688 0.00859466940164566
689 0.01174133364111185
690 0.005783618427813053
691 0.009770723059773445
692 0.005403175018727779
693 0.012614001519978046
694 0.00684142904356122
695 0.007220923900604248
696 0.008919771760702133
697 0.016032665967941284
698 0.008276264183223248
699 0.004156472161412239
700 0.010485637933015823
701 0.016036733984947205
702 0.01582583598792553
703 0.005533399060368538
704 0.004765613004565239
705 0.006050522904843092
706 0.004159651231020689
707 0.016360854730010033
708 0.013104520738124847
709 0.014581182971596718
710 0.013103814795613289
711 0.021448051556944847
712 0.0046350774355232716
713 0.009332087822258472
714 0.008234409615397453
715 0.015632636845111847
716 0.010447338223457336
717 0.003569832071661949
718 0.004369682166725397
719 0.018673382699489594
720 0.020353207364678383
721 0.026559481397271156
722 0.016490820795297623
723 0.010130479000508785
724 0.01565641537308693
725 0.012445137836039066
726 0.011128045618534088
727 0.010803182609379292
728 0.010873592458665371
729 0.018451159819960594
730 0.005460500717163086
731 0.004448594059795141
732 0.005427936557680368
733 0.012528630904853344
734 0.020928435027599335
735 0.011029676534235477
736 0.007570610381662846
737 0.005270261317491531
738 0.012960926629602909
739 0.007514634169638157
740 0.01898297667503357
741 0.004437705036252737
742 0.010426659137010574
743 0.013958418741822243
744 0.0198509618639946
745 0.015798531472682953
746 0.006213948130607605
747 0.003671039128676057
748 0.006814200896769762
749 0.007383846212178469
750 0.011439921334385872
751 0.009174434468150139
752 0.0037778543774038553
753 0.021572032943367958
754 0.007052373141050339
755 0.007966154254972935
756 0.0065576545894145966
757 0.006923723965883255
758 0.004289341624826193
759 0.016014691442251205
760 0.019979260861873627
761 0.0147540969774127
762 0.014514138922095299
763 0.007959190756082535
764 0.008491387590765953
765 0.013841274194419384
766 0.01666036993265152
767 0.016273388639092445
768 0.005550652742385864
769 0.010681550949811935
770 0.008049482479691505
771 0.02182999812066555
772 0.015097664669156075
773 0.02660585753619671
774 0.005103975534439087
775 0.02539070136845112
776 0.017750786617398262
777 0.012482202611863613
778 0.007902950048446655
779 0.014499477110803127
780 0.0020173268858343363
781 0.013506321236491203
782 0.01731267012655735
783 0.0037228306755423546
784 0.009567339904606342
785 0.0028553116135299206
786 0.019119445234537125
787 0.014903003349900246
788 0.01304059661924839
789 0.009037199430167675
790 0.00661439960822463
791 0.011137126944959164
792 0.008622303605079651
793 0.011258467100560665
794 0.005045992322266102
795 0.010676635429263115
796 0.022452136501669884
797 0.008828534744679928
798 0.009763537906110287
799 0.002077277982607484
800 0.007522195111960173
801 0.008124294690787792
802 0.009368603117763996
803 0.004402853548526764
804 0.012449140660464764
805 0.01211819238960743
806 0.015552316792309284
807 0.004611631389707327
808 0.006512935273349285
809 0.019180474802851677
810 0.0065284613519907
811 0.005284572951495647
812 0.007206378038972616
813 0.005411169026046991
814 0.026275061070919037
815 0.019422562792897224
816 0.011111995205283165
817 0.027920935302972794
818 0.013364573009312153
819 0.009776653721928596
820 0.016412386670708656
821 0.007785649038851261
822 0.011087427847087383
823 0.01286011841148138
824 0.004488494712859392
825 0.004323720466345549
826 0.010453850030899048
827 0.01060517504811287
828 0.005461664404720068
829 0.003172734286636114
830 0.001470420858822763
831 0.007486857008188963
832 0.016050226986408234
833 0.00537803303450346
834 0.006115722004324198
835 0.011367227882146835
836 0.004444717895239592
837 0.008324364200234413
838 0.0051017701625823975
839 0.005202421452850103
840 0.012741252779960632
841 0.013498432002961636
842 0.008767840452492237
843 0.00408133864402771
844 0.012433754280209541
845 0.011682222597301006
846 0.016411148011684418
847 0.005202766042202711
848 0.009018611162900925
849 0.00943724438548088
850 0.008193884044885635
851 0.004358470905572176
852 0.013034779578447342
853 0.008558443747460842
854 0.014266972430050373
855 0.01027592271566391
856 0.014494878239929676
857 0.008775303140282631
858 0.01455979235470295
859 0.013105319812893867
860 0.0018133774865418673
861 0.008526608347892761
862 0.017472129315137863
863 0.004016539081931114
864 0.01977391354739666
865 0.006819296628236771
866 0.004444966558367014
867 0.010932570323348045
868 0.02309582196176052
869 0.00603391882032156
870 0.009110018610954285
871 0.015715153887867928
872 0.012563287280499935
873 0.0033272658474743366
874 0.014660930261015892
875 0.009025669656693935
876 0.0012056513223797083
877 0.014005369506776333
878 0.01149112917482853
879 0.005501947365701199
880 0.00966447964310646
881 0.005371768027544022
882 0.0051098959520459175
883 0.0035335661377757788
884 0.0016677600797265768
885 0.005581647157669067
886 0.009976119734346867
887 0.004068509675562382
888 0.007112625986337662
889 0.016441427171230316
890 0.0031209285371005535
891 0.008964008651673794
892 0.004519244655966759
893 0.01889071986079216
894 0.010111156851053238
895 0.004130060784518719
896 0.006542551331222057
897 0.012486777268350124
898 0.010613388381898403
899 0.01072654314339161
900 0.01536279171705246
901 0.004313436336815357
902 0.006571812555193901
903 0.016431614756584167
904 0.011056274175643921
905 0.006096177268773317
906 0.006653183605521917
907 0.011064879596233368
908 0.009583402425050735
909 0.01169663667678833
910 0.005652511026710272
911 0.016228538006544113
912 0.011131556704640388
913 0.009422432631254196
914 0.011058539152145386
915 0.005671296734362841
916 0.012020815163850784
917 0.005451518576592207
918 0.0022647157311439514
919 0.00550813227891922
920 0.009566014632582664
921 0.006752689369022846
922 0.00761996628716588
923 0.015979044139385223
924 0.0025426805950701237
925 0.014784256927669048
926 0.0032145073637366295
927 0.007341326680034399
928 0.009058638475835323
929 0.0052349753677845
930 0.012642175890505314
931 0.006042430177330971
932 0.005013067740947008
933 0.009240229614078999
934 0.013754179701209068
935 0.010152204893529415
936 0.008608481846749783
937 0.003983863163739443
938 0.015734728425741196
939 0.00373902078717947
940 0.015493491664528847
941 0.004955608397722244
942 0.01293917465955019
943 0.003563014091923833
944 0.0068723782896995544
945 0.0030994692351669073
946 0.01844622567296028
947 0.00516517786309123
948 0.010505160316824913
949 0.0067377048544585705
950 0.004960567224770784
951 0.010688845068216324
952 0.004705908242613077
953 0.008959626778960228
954 0.009805147536098957
955 0.004555948544293642
956 0.027688616886734962
957 0.009956098161637783
958 0.01677648350596428
959 0.009765456430613995
960 0.008536052890121937
961 0.004638041835278273
962 0.00627897260710597
963 0.0170708317309618
964 0.008301322348415852
965 0.010958794504404068
966 0.002392377005890012
967 0.010305237025022507
968 0.01068261731415987
969 0.009743234142661095
970 0.010029393248260021
971 0.009729476645588875
972 0.005328044760972261
973 0.006749853957444429
974 0.014158525504171848
975 0.01314668357372284
976 0.0077375988475978374
977 0.0037916614674031734
978 0.004878541454672813
979 0.010299064218997955
980 0.014296661131083965
981 0.007422180846333504
982 0.003178671933710575
983 0.008378162980079651
984 0.004953108727931976
985 0.011112227104604244
986 0.0020620303694158792
987 0.005584391765296459
988 0.009133604355156422
989 0.006976200733333826
990 0.008603548631072044
991 0.0058080703020095825
992 0.013321989215910435
993 0.003519532736390829
994 0.017504418268799782
995 0.007301603443920612
996 0.007244540844112635
997 0.0077188280411064625
998 0.006375862751156092
999 0.020836571231484413
