0 1431.3665771484375
1 806.6253051757812
2 250.23675537109375
3 73.34275817871094
4 16.63447380065918
5 14.042140007019043
6 9.83592700958252
7 12.373613357543945
8 10.481453895568848
9 3.832982301712036
10 5.200813293457031
11 4.350944519042969
12 4.107750415802002
13 8.488561630249023
14 6.332131385803223
15 7.998311519622803
16 4.846858978271484
17 3.83457088470459
18 5.9348039627075195
19 5.706982612609863
20 2.70194935798645
21 3.358123302459717
22 7.706174850463867
23 1.626607060432434
24 2.527890205383301
25 4.544322490692139
26 1.4377554655075073
27 2.5832254886627197
28 3.3812942504882812
29 0.9095075726509094
30 1.5436596870422363
31 1.484259009361267
32 0.5024406909942627
33 1.8534308671951294
34 0.7924337983131409
35 0.629092812538147
36 0.4097875952720642
37 0.6940305829048157
38 0.6290813088417053
39 0.7971537709236145
40 0.8446868062019348
41 0.4598061442375183
42 0.5758004188537598
43 0.4245884120464325
44 0.283799946308136
45 0.34641706943511963
46 0.3222965598106384
47 0.1841907799243927
48 0.29962366819381714
49 0.19647076725959778
50 0.2567509114742279
51 0.1854403167963028
52 0.20877225697040558
53 0.1461959183216095
54 0.19644242525100708
55 0.12687328457832336
56 0.12091910094022751
57 0.07359524071216583
58 0.10914988815784454
59 0.0907999724149704
60 0.06400399655103683
61 0.07631901651620865
62 0.05846114456653595
63 0.0475919172167778
64 0.04800605773925781
65 0.04120607674121857
66 0.04453267157077789
67 0.033051397651433945
68 0.024081435054540634
69 0.02325383573770523
70 0.02458052709698677
71 0.015668591484427452
72 0.03285215422511101
73 0.026231911033391953
74 0.020909171551465988
75 0.0270132627338171
76 0.01581217534840107
77 0.016931405290961266
78 0.019493408501148224
79 0.0215181615203619
80 0.02211526781320572
81 0.015196127817034721
82 0.022147608920931816
83 0.013539093546569347
84 0.020701492205262184
85 0.013571705669164658
86 0.013650295324623585
87 0.011998201720416546
88 0.011277314275503159
89 0.0113834785297513
90 0.009110815823078156
91 0.010478385724127293
92 0.01165086030960083
93 0.017582839354872704
94 0.009541427716612816
95 0.010694894939661026
96 0.016628824174404144
97 0.015830814838409424
98 0.013640192337334156
99 0.007719299755990505
100 0.015877138823270798
101 0.0064721801318228245
102 0.006522505544126034
103 0.009858222678303719
104 0.00527922110632062
105 0.006204497534781694
106 0.006437421310693026
107 0.010821136645972729
108 0.006658575497567654
109 0.00800011120736599
110 0.01033924613147974
111 0.004919414408504963
112 0.011831987649202347
113 0.005230999551713467
114 0.0069679999724030495
115 0.010205371305346489
116 0.005865695420652628
117 0.009539669379591942
118 0.004302925430238247
119 0.006446152459830046
120 0.0064831809140741825
121 0.007565892767161131
122 0.004953775089234114
123 0.004149843472987413
124 0.0071959844790399075
125 0.007228279020637274
126 0.005107164848595858
127 0.007634514011442661
128 0.004269495140761137
129 0.006937719415873289
130 0.0029986610170453787
131 0.005393878556787968
132 0.007771752774715424
133 0.004557506646960974
134 0.004503725096583366
135 0.00762967299669981
136 0.0057119945995509624
137 0.0052954345010221004
138 0.005210366565734148
139 0.0027234680019319057
140 0.004193204455077648
141 0.00295782252214849
142 0.0033361364621669054
143 0.006536206696182489
144 0.004093620926141739
145 0.001813648734241724
146 0.002832208527252078
147 0.00467368820682168
148 0.0023679882287979126
149 0.0037139286287128925
150 0.001992370467633009
151 0.00274807121604681
152 0.0014140200801193714
153 0.004840059671550989
154 0.0034308002796024084
155 0.003220131155103445
156 0.004131251946091652
157 0.0036327724810689688
158 0.0022216234356164932
159 0.001625823206268251
160 0.004773634485900402
161 0.006061742547899485
162 0.0011383660603314638
163 0.006728039588779211
164 0.005023074336349964
165 0.0029736559372395277
166 0.0023085367865860462
167 0.002618046710267663
168 0.0028728432953357697
169 0.0025805144105106592
170 0.0029210064094513655
171 0.003147359471768141
172 0.002048714552074671
173 0.0012400246923789382
174 0.003391303587704897
175 0.006530570797622204
176 0.0022417854052037
177 0.0017349866684526205
178 0.003021449549123645
179 0.00344878644682467
180 0.0035214123781770468
181 0.003996501211076975
182 0.002989365253597498
183 0.002164350124076009
184 0.0036187272053211927
185 0.003686468116939068
186 0.002198295434936881
187 0.002200846094638109
188 0.003630505409091711
189 0.004108983092010021
190 0.002597605111077428
191 0.00467512896284461
192 0.005647273734211922
193 0.002189875114709139
194 0.004117095842957497
195 0.0029914022888988256
196 0.0031572869047522545
197 0.0017720279283821583
198 0.0026401043869554996
199 0.0023232840467244387
200 0.0027693728916347027
201 0.0015809329925104976
202 0.0031499762553721666
203 0.0022728547919541597
204 0.002302497858181596
205 0.003885976504534483
206 0.0019758378621190786
207 0.0036089171189814806
208 0.0028858152218163013
209 0.0008749170228838921
210 0.0015944421757012606
211 0.001716758357360959
212 0.0029311608523130417
213 0.0016795574920251966
214 0.0025817318819463253
215 0.0018572548869997263
216 0.00882448349148035
217 0.0025352598167955875
218 0.0021770179737359285
219 0.0011032079346477985
220 0.0011406852863729
221 0.0027332077734172344
222 0.0021865752059966326
223 0.0013447192031890154
224 0.0027865353040397167
225 0.0035385265946388245
226 0.0006810471531935036
227 0.0031284396536648273
228 0.0015248183626681566
229 0.002013655612245202
230 0.0024914771784096956
231 0.0016741510480642319
232 0.0010224025463685393
233 0.0011085517471656203
234 0.001967059215530753
235 0.003225517924875021
236 0.002493716310709715
237 0.0023439156357198954
238 0.0018784154672175646
239 0.0014151701470836997
240 0.0036602700129151344
241 0.002293003024533391
242 0.0010819979943335056
243 0.0015895459800958633
244 0.0016062852228060365
245 0.0019219678360968828
246 0.0034479971509426832
247 0.0011917523806914687
248 0.0010525917168706656
249 0.002881977939978242
250 0.000647154578473419
251 0.0016861790791153908
252 0.0024504349566996098
253 0.002535991370677948
254 0.0017020291415974498
255 0.0023279478773474693
256 0.0024016681127250195
257 0.0010805621277540922
258 0.0016999439103528857
259 0.0013916665920987725
260 0.0012187965912744403
261 0.002383680548518896
262 0.0019940936472266912
263 0.0012269357684999704
264 0.001795368385501206
265 0.0015287979040294886
266 0.0010059027699753642
267 0.002766102086752653
268 0.001136738690547645
269 0.001788075314834714
270 0.0018031153595075011
271 0.0015690545551478863
272 0.0017354446463286877
273 0.000756730732973665
274 0.0018264540703967214
275 0.000723385950550437
276 0.0009492543758824468
277 0.001762217259965837
278 0.002428684150800109
279 0.00362905440852046
280 0.0022949744015932083
281 0.0015929860528558493
282 0.0029190881177783012
283 0.0020032485481351614
284 0.00238585053011775
285 0.0022850462701171637
286 0.0016712482320144773
287 0.0019868952222168446
288 0.0010130235459655523
289 0.0021289298310875893
290 0.001811872934922576
291 0.0021460512652993202
292 0.001207106513902545
293 0.0010497979819774628
294 0.0013659264659509063
295 0.0021277719642966986
296 0.0017774924635887146
297 0.002890251576900482
298 0.0015266804257407784
299 0.0024510708171874285
300 0.0014525435399264097
301 0.0006317766383290291
302 0.0010769873624667525
303 0.001013720640912652
304 0.0011912506306543946
305 0.002668821020051837
306 0.0009287933353334665
307 0.0010110012954100966
308 0.0009939925512298942
309 0.0007312192465178668
310 0.0024881758727133274
311 0.003589710220694542
312 0.002057452220469713
313 0.0006132343551144004
314 0.0009541418985463679
315 0.0017847814597189426
316 0.0028298180550336838
317 0.0018829957116395235
318 0.0010248299222439528
319 0.0010083989473059773
320 0.0016531228320673108
321 0.0009308374137617648
322 0.0015441396972164512
323 0.0013991387095302343
324 0.00107795640360564
325 0.002046982990577817
326 0.0020533353090286255
327 0.000870062445756048
328 0.001624413183890283
329 0.0019082732032984495
330 0.0021179490722715855
331 0.001285746693611145
332 0.001244551152922213
333 0.000953884853515774
334 0.001720557687804103
335 0.001447708229534328
336 0.0014306849334388971
337 0.0016179869417101145
338 0.0019280478591099381
339 0.0017207497730851173
340 0.0021774903871119022
341 0.0016307930927723646
342 0.0009467490017414093
343 0.0007845853106118739
344 0.0011773280566558242
345 0.0012649210402742028
346 0.0035272722598165274
347 0.0009186858078464866
348 0.0012787319719791412
349 0.0011690660612657666
350 0.001464437460526824
351 0.00108877825550735
352 0.0009204156813211739
353 0.001004909980110824
354 0.0010391173418611288
355 0.002555722836405039
356 0.001879033399745822
357 0.0021696658805012703
358 0.0018984419293701649
359 0.00039995898259803653
360 0.0005099737900309265
361 0.0006135117146186531
362 0.000742733187507838
363 0.0023003765381872654
364 0.0015591413248330355
365 0.0010547250276431441
366 0.0009196266764774919
367 0.0003243291284888983
368 0.0005872022593393922
369 0.0010748928179964423
370 0.001190969254821539
371 0.0016604441916570067
372 0.0007874621660448611
373 0.0014105791924521327
374 0.001938574481755495
375 0.0009021970327012241
376 0.0004231301136314869
377 0.0012503194157034159
378 0.0011076402151957154
379 0.0009296510252170265
380 0.0014475060161203146
381 0.0020423473324626684
382 0.0016163107939064503
383 0.0008862726972438395
384 0.00047390058171004057
385 0.0008391051669605076
386 0.001466140034608543
387 0.0008158710552379489
388 0.0011764786904677749
389 0.00042855425272136927
390 0.0007680266280658543
391 0.002122487872838974
392 0.0006124665960669518
393 0.0009316466748714447
394 0.0013066206593066454
395 0.002009994350373745
396 0.0006037458661012352
397 0.0007158961379900575
398 0.00046468531945720315
399 0.0011113254586234689
400 0.0010733423987403512
401 0.000764573342166841
402 0.0014500586548820138
403 0.0008598933927714825
404 0.0013957940973341465
405 0.0008076147059909999
406 0.00042835334897972643
407 0.0010725692845880985
408 0.0024265653919428587
409 0.0013165228301659226
410 0.0016790720401331782
411 0.0014267434598878026
412 0.001123735448345542
413 0.0003997191379312426
414 0.0012062150053679943
415 0.0006826990284025669
416 0.00046780137927271426
417 0.0003580853808671236
418 0.0005161770968697965
419 0.00035455659963190556
420 0.001406766241416335
421 0.003476709360256791
422 0.001967240124940872
423 0.0013856911100447178
424 0.0004992620670236647
425 0.002639372367411852
426 0.00029091606847941875
427 0.00165950960945338
428 0.0012663847301155329
429 0.0017166323959827423
430 0.00037388637429103255
431 0.0009213966550305486
432 0.0009080370655283332
433 0.0005210874951444566
434 0.001011755783110857
435 0.0004961866652593017
436 0.002121980767697096
437 0.0008290281984955072
438 0.0008843581890687346
439 0.0011727554956451058
440 0.00034147893893532455
441 0.0005786013207398355
442 0.0006675157928839326
443 0.00038168701576069
444 0.002886060858145356
445 0.0010536182671785355
446 0.0010892642894759774
447 0.0005359678179956973
448 0.001491369097493589
449 0.0008170268847607076
450 0.001235304051078856
451 0.0002614447439555079
452 0.0004923014785163105
453 0.0009552694973535836
454 0.0007485023816116154
455 0.002000055043026805
456 0.00048781311488710344
457 0.0009205423411913216
458 0.001233540358953178
459 0.0020316671580076218
460 0.0016721904976293445
461 0.0008376066689379513
462 0.0011265804059803486
463 0.0014320672489702702
464 0.0013448690297082067
465 0.0005251310067251325
466 0.0006121887126937509
467 0.0004661215061787516
468 0.0005101366550661623
469 0.002396067837253213
470 0.0011194125982001424
471 0.000572887365706265
472 0.0005991721991449594
473 0.0014673381811007857
474 0.00040744381840340793
475 0.000543554313480854
476 0.0011222267057746649
477 0.00043544950312934816
478 0.00022113951854407787
479 0.0014849718427285552
480 0.0014047949807718396
481 0.0007380180177278817
482 0.0008931058109737933
483 0.0010116336634382606
484 0.0010074221063405275
485 0.0004393908311612904
486 0.0005226703360676765
487 0.0006634844467043877
488 0.0007382091716863215
489 0.0006462174351327121
490 0.0007527628331445158
491 0.0004730694054160267
492 0.0010134321637451649
493 0.000679326185490936
494 0.000651095062494278
495 0.0008484795689582825
496 0.0012575802393257618
497 0.0005785325774922967
498 0.0014115687226876616
499 0.0010629321914166212
500 0.0009226305410265923
501 0.0009132528793998063
502 0.00112535385414958
503 0.0005741330096498132
504 0.001489719026722014
505 0.0009296609787270427
506 0.0006443235324695706
507 0.00027692836010828614
508 0.001345244119875133
509 0.0006214244640432298
510 0.0007011120906099677
511 0.0016303324373438954
512 0.0013011344708502293
513 0.0006825975724495947
514 0.000265927315922454
515 0.0013641316909343004
516 0.0007664074655622244
517 0.0006255822372622788
518 0.0013867380330339074
519 0.0004877216706518084
520 0.0008752522408030927
521 0.0011283023050054908
522 0.0009006081963889301
523 0.0010918151820078492
524 0.0009828396141529083
525 0.0012755757197737694
526 0.001026249025017023
527 0.001524579944089055
528 0.0011798692867159843
529 0.0005405350821092725
530 0.0013463724171742797
531 0.0007401942857541144
532 0.0009819065453484654
533 0.0009242520900443196
534 0.0006663542008027434
535 0.0005985841271467507
536 0.00044894314487464726
537 0.0006948237423785031
538 0.002092432463541627
539 0.0018217675387859344
540 0.000589868810493499
541 0.0009660160867497325
542 0.0015890691429376602
543 0.0006950366660021245
544 0.0005048630409874022
545 0.0011894786730408669
546 0.0021538608707487583
547 0.0015460188733413815
548 0.0006699865916743875
549 0.0006183531950227916
550 0.0009027906344272196
551 0.0005837352364324033
552 0.0008394842152483761
553 0.0011806124821305275
554 0.000738762435503304
555 0.000963155587669462
556 0.00053362239850685
557 0.0005451946635730565
558 0.0011114594526588917
559 0.0005785554531030357
560 0.0007746037445031106
561 0.00045998708810657263
562 0.00030146719655022025
563 0.0006383009604178369
564 0.001570715568959713
565 0.001042076270096004
566 0.0014301779447123408
567 0.0005512320785783231
568 0.001025415607728064
569 0.00022552548034582287
570 0.00033979956060647964
571 0.0013966459082439542
572 0.0006338382954709232
573 0.0009888161439448595
574 0.0015555935679003596
575 0.0004778269794769585
576 0.0008280342444777489
577 0.0017174454405903816
578 0.0010792576940730214
579 0.0007274119416251779
580 0.0005747433751821518
581 0.0006996889715082943
582 0.0011282697087153792
583 0.0006326988223008811
584 0.0010476141469553113
585 0.0008432602626271546
586 0.00036116590490564704
587 0.0005560144782066345
588 0.0004970639711245894
589 0.0004948631976731122
590 0.0002437970688333735
591 0.0005526599125005305
592 0.001959994900971651
593 0.0007223900756798685
594 0.0007731096120551229
595 0.0006806660676375031
596 0.0004896899918094277
597 0.0006598774925805628
598 0.0013998870272189379
599 0.000579342246055603
600 0.0013045043451711535
601 0.0015489340294152498
602 0.0006452663219533861
603 0.0016547016566619277
604 0.0016186244320124388
605 0.00038440723437815905
606 0.0009481479064561427
607 0.0008093101205304265
608 0.0005264538340270519
609 0.0008022839901968837
610 0.0004325232293922454
611 0.000768735830206424
612 0.0012288143625482917
613 0.0007880216580815613
614 0.0010624353308230639
615 0.0007913114386610687
616 0.0004665117303375155
617 0.001171837910078466
618 0.000503216520883143
619 0.0008368658018298447
620 0.0006262673996388912
621 0.00151338754221797
622 0.0012074543628841639
623 0.0006662646774202585
624 0.001076534390449524
625 0.0007885443046689034
626 0.000443755037849769
627 0.0018702124943956733
628 0.00016706556198187172
629 0.0005452470504678786
630 0.0005703752394765615
631 0.0006501690368168056
632 0.0008732114802114666
633 0.0009962962940335274
634 0.0006685206317342818
635 0.0003840933204628527
636 0.0010522447992116213
637 0.0010650575859472156
638 0.0002522289869375527
639 0.0007273944793269038
640 0.0008005854906514287
641 0.0008710180409252644
642 0.00048579461872577667
643 0.00034230484743602574
644 0.0006895438418723643
645 0.0007450440898537636
646 0.0006486012716777623
647 0.0012710223672911525
648 0.0005507079185917974
649 0.00033917452674359083
650 0.00029842229560017586
651 0.0002245427604066208
652 0.0002815403277054429
653 0.001022784854285419
654 0.00023779865296091884
655 0.001137776067480445
656 0.0005333462031558156
657 0.0005260069738142192
658 0.0003213116433471441
659 0.0004400814068503678
660 0.0007576605421490967
661 0.0005951522034592927
662 0.0004940568469464779
663 0.0009368658065795898
664 0.0003717420622706413
665 0.0016658258391544223
666 0.0005325552192516625
667 0.001104672090150416
668 0.00038246880285441875
669 0.0008244047057814896
670 0.0009576057782396674
671 0.0007488609408028424
672 0.0004254021914675832
673 0.000502714014146477
674 0.0007029113476164639
675 0.00036033408832736313
676 0.0005592267261818051
677 0.0006838387344032526
678 0.0013569989241659641
679 0.00035580788971856236
680 0.0005628906073980033
681 0.0006165116792544723
682 0.0005664877826347947
683 0.0006032654200680554
684 0.0007690353668294847
685 0.0005980337155051529
686 0.0007225123117677867
687 0.0006844630115665495
688 0.00016877644520718604
689 0.0004629788745660335
690 0.0010693322401493788
691 0.0009377148235216737
692 0.0007721996516920626
693 0.00044534748303703964
694 0.0009644965175539255
695 0.0007469155243597925
696 0.003568344982340932
697 0.003015653695911169
698 0.0021348746959120035
699 0.0005822731764055789
700 0.0005063354619778693
701 0.001079015783034265
702 0.0003336504159960896
703 0.0008162250742316246
704 0.0001306207268498838
705 0.000471987557830289
706 0.0007153676706366241
707 0.0005116041284054518
708 0.0006182111101225019
709 0.0011286884546279907
710 0.0004346828209236264
711 0.0010141951497644186
712 0.0005685231299139559
713 0.0008155727991834283
714 0.0010157165816053748
715 0.00024687242694199085
716 0.0011846659472212195
717 0.0005693996208719909
718 0.0005224475753493607
719 0.0005716167506761849
720 0.0003133450518362224
721 0.000398665782995522
722 0.00027043340378440917
723 0.0013603075640276074
724 0.0005237308796495199
725 0.00046916111023165286
726 0.0009815520606935024
727 0.0002923180290963501
728 0.0008038392988964915
729 0.0007269008783623576
730 0.0005352346342988312
731 0.0005429903394542634
732 0.00038473616586998105
733 0.0006314986385405064
734 0.0009953834814950824
735 0.00014396666665561497
736 0.0006936004501767457
737 0.000972404726780951
738 0.0013520842185243964
739 0.0008887197473086417
740 0.001100995927117765
741 0.0006394636002369225
742 0.002343187341466546
743 0.0018894373206421733
744 0.0031712157651782036
745 0.0009260213118977845
746 0.0005548486369661987
747 0.0006153568392619491
748 0.0005657864385284483
749 0.0005253054550848901
750 0.0007402339251711965
751 0.00026021996745839715
752 0.00047135030035860837
753 0.0002983725571539253
754 0.0008577467524446547
755 0.0007434478029608727
756 0.0005049302708357573
757 0.0009199496125802398
758 0.0005117770051583648
759 0.0004334166005719453
760 0.0009267153218388557
761 0.0005718487082049251
762 0.0007392988773062825
763 0.0005799492355436087
764 0.0006566860829479992
765 0.000828940246719867
766 0.0008163779857568443
767 0.0007241512066684663
768 0.0006857491098344326
769 0.0018761369865387678
770 0.0013017605524510145
771 0.0012194219743832946
772 0.00040437496500089765
773 0.0009679557988420129
774 0.01236208900809288
775 0.00502102030441165
776 0.0012475551338866353
777 0.0022385241463780403
778 0.0008289534016512334
779 0.000788046745583415
780 0.0002963144506793469
781 0.001001753844320774
782 0.0012096926802769303
783 0.0010040921624749899
784 0.0004731911758426577
785 0.00015330943278968334
786 0.0008852428873069584
787 0.000985727529041469
788 0.0006243836833164096
789 0.0003527262306306511
790 0.00027906321338377893
791 0.0005693116108886898
792 0.00023903434339445084
793 0.00041559760575182736
794 0.0004348289512563497
795 0.0007866773521527648
796 0.0006074985140003264
797 0.001038969261571765
798 0.0004014086734969169
799 0.0002865447022486478
800 0.0007188968011178076
801 0.0007712729275226593
802 0.001030603190883994
803 0.0006470569060184062
804 0.0007001562044024467
805 0.0018902318552136421
806 0.000744770048186183
807 0.0006006869371049106
808 0.0007958736387081444
809 0.0008045298745855689
810 0.0008662162581458688
811 0.0006937152938917279
812 0.0013269016053527594
813 0.004096942488104105
814 0.0016761947190389037
815 0.0008858706569299102
816 0.0011172575177624822
817 0.0004363079206086695
818 0.002584618516266346
819 0.0007455529412254691
820 0.00920478068292141
821 0.0036704884842038155
822 0.0010444283252581954
823 0.00043002612073905766
824 0.0006048401119187474
825 0.0011389302089810371
826 0.000477711611893028
827 0.00026811720454134047
828 0.00041107117431238294
829 0.0003816198150161654
830 0.0004295627004466951
831 0.0007302856538444757
832 0.0006201037904247642
833 0.0006874251994304359
834 0.0004770789237227291
835 0.0005019676173105836
836 0.00038681886508129537
837 0.0005627216305583715
838 0.0002697954187169671
839 0.0003283752885181457
840 0.00014338384789880365
841 0.000599177903495729
842 0.0007761003216728568
843 0.0002561021246947348
844 0.006261404603719711
845 0.018989574164152145
846 0.0028254392091184855
847 0.00436796061694622
848 0.006455105729401112
849 0.006097214762121439
850 0.012563320808112621
851 0.0037049613893032074
852 0.0008633568068034947
853 0.006915498990565538
854 0.0013954872265458107
855 0.0009140222682617605
856 0.001403657253831625
857 0.0013018413446843624
858 0.00031888618832454085
859 0.0004513514577411115
860 0.0002944441221188754
861 0.0003005986800417304
862 0.0004984063562005758
863 0.001255926676094532
864 0.0012946960050612688
865 0.0007985413540154696
866 0.0009055616101250052
867 0.0005427302676253021
868 0.0006070266827009618
869 0.00036804075352847576
870 0.0007185841095633805
871 0.0007527390844188631
872 0.0006187234539538622
873 0.0006445199251174927
874 0.00020983513968531042
875 0.0014306589728221297
876 0.0005235212738625705
877 0.00028102417127229273
878 0.00045017662341706455
879 0.00042669608956202865
880 0.0007733280654065311
881 0.0007672777283005416
882 0.0006589681142941117
883 0.0005557169206440449
884 0.0004019032930955291
885 0.00040044193156063557
886 0.0008142465376295149
887 0.0005131635116413236
888 0.0004559402877930552
889 0.0004847885575145483
890 0.0018299841322004795
891 0.0013646396109834313
892 0.000891803065314889
893 0.0003811478381976485
894 0.0004399130120873451
895 0.001719973748549819
896 0.0008934211218729615
897 0.0006236162153072655
898 0.00024289202701766044
899 0.0008817662601359189
900 0.0006606646929867566
901 0.0030715176835656166
902 0.009154649451375008
903 0.004734142683446407
904 0.006626477465033531
905 0.0011050202883780003
906 0.007919016294181347
907 0.0027190586552023888
908 0.028934860602021217
909 0.045027997344732285
910 0.005129255820065737
911 0.0036277479957789183
912 0.01852462626993656
913 0.03826170787215233
914 0.004869451280683279
915 0.0008480186224915087
916 0.0003455763799138367
917 0.0003222184022888541
918 0.0008431457681581378
919 0.0003048300859518349
920 0.00021245135576464236
921 0.0008029988966882229
922 0.0002239369641756639
923 0.00011604648170759901
924 0.00035704701440408826
925 0.00019269244512543082
926 0.0005357106565497816
927 0.0002469391329213977
928 0.00043867836939170957
929 0.0003235889889765531
930 0.0002917517558671534
931 0.00027796620270237327
932 0.0003978132444899529
933 0.0001435687590856105
934 0.000620222301222384
935 0.0004317308194003999
936 0.00038693120586685836
937 0.00017311428382527083
938 0.0009666558471508324
939 0.0001585857680765912
940 0.0001556850620545447
941 0.0003098598390351981
942 0.00026850722497329116
943 0.00020808802219107747
944 0.0002788128040265292
945 0.0009748442680574954
946 0.0005036310176365077
947 0.0007360231829807162
948 0.0006862313020974398
949 0.0004265178577043116
950 0.0004986588610336185
951 0.00025183268007822335
952 0.00019543009693734348
953 0.0003609854029491544
954 0.0007625431171618402
955 0.00025489801191724837
956 0.0006392034702003002
957 0.0005327888065949082
958 0.00016300653805956244
959 0.00033554271794855595
960 0.0003457776620052755
961 0.0003834333911072463
962 0.0005884928395971656
963 0.0013104402460157871
964 0.0013145568082109094
965 0.00046281531103886664
966 0.0009254320757463574
967 0.0008360414649359882
968 0.00017032140749506652
969 0.0008569908095523715
970 0.00176432344596833
971 0.0005442235851660371
972 0.027122503146529198
973 0.004405586048960686
974 0.0015314460033550858
975 0.0004636091471184045
976 0.0009470772929489613
977 0.0019745167810469866
978 0.000961662270128727
979 0.00047082238597795367
980 0.001396851264871657
981 0.0006263004033826292
982 0.0004356196441221982
983 0.0008237776928581297
984 0.0011130206985399127
985 0.0004716145631391555
986 0.0006868541240692139
987 0.0002560366992838681
988 0.000280833977740258
989 0.0005238853045739233
990 0.0007522082887589931
991 0.0007622759439982474
992 0.00048794710892252624
993 0.0003241206577513367
994 0.00018124427879229188
995 0.00022633677872363478
996 0.0003453068493399769
997 0.0007632345077581704
998 0.0007794934208504856
999 0.000800226116552949
