0 4.401390075683594
1 4.10781192779541
2 2.3884496688842773
3 0.6280922293663025
4 0.6689075231552124
5 0.3684163987636566
6 0.1548687219619751
7 0.10465984046459198
8 0.0797402411699295
9 0.03718859329819679
10 0.04036722332239151
11 0.030655140057206154
12 0.029641473665833473
13 0.029044484719634056
14 0.020320596173405647
15 0.025951754301786423
16 0.028074676170945168
17 0.018954219296574593
18 0.016553746536374092
19 0.018916672095656395
20 0.014538127928972244
21 0.016466526314616203
22 0.011654230765998363
23 0.007338028401136398
24 0.010722583159804344
25 0.011355907656252384
26 0.006808990612626076
27 0.004858716391026974
28 0.006371655035763979
29 0.005098646506667137
30 0.00443681888282299
31 0.0061447471380233765
32 0.005297171883285046
33 0.0036266713868826628
34 0.0020539499819278717
35 0.003425539005547762
36 0.003657168010249734
37 0.003284425474703312
38 0.0020050308667123318
39 0.0021882355213165283
40 0.0016774213872849941
41 0.001584636396728456
42 0.0023714869748800993
43 0.001161751919426024
44 0.0034500136971473694
45 0.002129188273102045
46 0.0026728222146630287
47 0.0015872614458203316
48 0.002264717360958457
49 0.0012896691914647818
50 0.0016199876554310322
51 0.0016565736150369048
52 0.0014929926255717874
53 0.0015273812459781766
54 0.0009923132602125406
55 0.0017428790451958776
56 0.001134827733039856
57 0.0009416610118933022
58 0.0016905677039176226
59 0.002273146528750658
60 0.0013673888752236962
61 0.0010976826306432486
62 0.0008369944989681244
63 0.0018571788677945733
64 0.0023867646232247353
65 0.002516987966373563
66 0.001444739056751132
67 0.0012830491177737713
68 0.0013232952915132046
69 0.0015138568123802543
70 0.0034191282466053963
71 0.001302915159612894
72 0.0016405220376327634
73 0.001801327452994883
74 0.0016452374402433634
75 0.0014761410420760512
76 0.0021226899698376656
77 0.0015003636945039034
78 0.0008943185675889254
79 0.0015930850058794022
80 0.0014529111795127392
81 0.0008517337264493108
82 0.0017877424834296107
83 0.0018777769291773438
84 0.001738341641612351
85 0.0017629415960982442
86 0.0023786386009305716
87 0.0013746179174631834
88 0.0018166560912504792
89 0.0014498753007501364
90 0.0016608868027105927
91 0.0025309082120656967
92 0.0026795000303536654
93 0.001462931977584958
94 0.0022619592491537333
95 0.0010742709273472428
96 0.0015963584883138537
97 0.013305950909852982
98 0.002290974836796522
99 0.0022411595564335585
100 0.0031071079429239035
101 0.0011185458861291409
102 0.0010188705055043101
103 0.0027216977905482054
104 0.014504854567348957
105 0.005498103331774473
106 0.021726364269852638
107 0.053713757544755936
108 0.018999546766281128
109 0.008317257277667522
110 0.005656015127897263
111 0.008545121178030968
112 0.0012928928481414914
113 0.0037414776161313057
114 0.0041196332313120365
115 0.004522067494690418
116 0.0012605724623426795
117 0.006646306253969669
118 0.004583694506436586
119 0.004904727451503277
120 0.004237824585288763
121 0.0011487334268167615
122 0.0013019731268286705
123 0.0013311614748090506
124 0.0018011087086051702
125 0.0011642719618976116
126 0.0014036661013960838
127 0.0009644756210036576
128 0.004104431718587875
129 0.0021344441920518875
130 0.001828172244131565
131 0.00245314440689981
132 0.0014029177837073803
133 0.0016175718046724796
134 0.0012720461236312985
135 0.001494017313234508
136 0.001425159047357738
137 0.0022117041517049074
138 0.041643720120191574
139 0.005604875739663839
140 0.0018659543711692095
141 0.005880814976990223
142 0.0020811378490179777
143 0.0036804929841309786
144 0.0013409479288384318
145 0.0022499817423522472
146 0.007925429381430149
147 0.0056579518131911755
148 0.0027847085148096085
149 0.005479031708091497
150 0.0023829604033380747
151 0.00623295595869422
152 0.009378833696246147
153 0.003327467944473028
154 0.010097302496433258
155 0.002377717290073633
156 0.0012845200253650546
157 0.003910768311470747
158 0.0034481710754334927
159 0.006471711676567793
160 0.0055815004743635654
161 0.008346950635313988
162 0.0019476927118375897
163 0.0073945350013673306
164 0.006095028482377529
165 0.00202927365899086
166 0.01796700432896614
167 0.06588622182607651
168 0.016310231760144234
169 0.01199309155344963
170 0.018973592668771744
171 0.005097723565995693
172 0.006790441460907459
173 0.0021991843823343515
174 0.0020627647172659636
175 0.002653753152117133
176 0.0010666827438399196
177 0.0019812448881566525
178 0.0013005310902372003
179 0.0008754968293942511
180 0.0011407793499529362
181 0.002052000490948558
182 0.0016990838339552283
183 0.0023537471424788237
184 0.0037118811160326004
185 0.0026810558047145605
186 0.0010914389276877046
187 0.006190218031406403
188 0.011589551344513893
189 0.006472512613981962
190 0.0012820945121347904
191 0.00203993683680892
192 0.005403000861406326
193 0.0016783003229647875
194 0.005753713194280863
195 0.0027883006259799004
196 0.004344201181083918
197 0.004322153516113758
198 0.003079535672441125
199 0.006284240633249283
200 0.0019345097243785858
201 0.0011857239296659827
202 0.004890297539532185
203 0.002126729814335704
204 0.0013001830084249377
205 0.0032888827845454216
206 0.002948300912976265
207 0.0015758160734549165
208 0.0047349161468446255
209 0.0026711286045610905
210 0.006081803701817989
211 0.03469680994749069
212 0.003984914626926184
213 0.015298056416213512
214 0.037851329892873764
215 0.0034280961845070124
216 0.007206772919744253
217 0.008617370389401913
218 0.0022499586921185255
219 0.002817927161231637
220 0.001359239686280489
221 0.0029287056531757116
222 0.0013038584729656577
223 0.003893358400091529
224 0.003101202193647623
225 0.0017716230358928442
226 0.0017400746000930667
227 0.0010799457086250186
228 0.0023959872778505087
229 0.002528914250433445
230 0.0033749109134078026
231 0.0036361718084663153
232 0.0008352221339009702
233 0.0017046838765963912
234 0.0022372943349182606
235 0.0024404849391430616
236 0.0016152512980625033
237 0.0009601587662473321
238 0.00199956726282835
239 0.0023096962831914425
240 0.007521504536271095
241 0.009268688969314098
242 0.0025422493927180767
243 0.0020909500308334827
244 0.002222532406449318
245 0.0025128612760454416
246 0.0016479830956086516
247 0.0006575629813596606
248 0.006801946554332972
249 0.02473018318414688
250 0.15182583034038544
251 0.0016301440773531795
252 0.008862319402396679
253 0.017003720626235008
254 0.019465897232294083
255 0.016215713694691658
256 0.0032263947650790215
257 0.003755334997549653
258 0.0036864732392132282
259 0.0017644510371610522
260 0.0016621309332549572
261 0.004860235843807459
262 0.0044273557141423225
263 0.002526196651160717
264 0.0032754347193986177
265 0.003377934917807579
266 0.0010809397790580988
267 0.0018242488149553537
268 0.0019197165966033936
269 0.0006009670323692262
270 0.001543622463941574
271 0.003663028823211789
272 0.0010900113265961409
273 0.002378088189288974
274 0.0015610939590260386
275 0.000618118152488023
276 0.0015577040612697601
277 0.0017364522209390998
278 0.0034453319385647774
279 0.0026526928413659334
280 0.0028292082715779543
281 0.003216433571651578
282 0.0035063191317021847
283 0.001398181775584817
284 0.0017090128967538476
285 0.002009663498029113
286 0.008865066803991795
287 0.07058481872081757
288 0.014294978231191635
289 0.0117971645668149
290 0.0026900824159383774
291 0.0027538351714611053
292 0.0018864849116653204
293 0.0017065160209313035
294 0.0013879360631108284
295 0.0007006453233771026
296 0.0019214727217331529
297 0.00218859757296741
298 0.004076425451785326
299 0.0023889997974038124
300 0.002564392052590847
301 0.0013060992350801826
302 0.0013615335337817669
303 0.0035801217891275883
304 0.0017483572009950876
305 0.0005123139126226306
306 0.0024340832605957985
307 0.011642681434750557
308 0.014951986260712147
309 0.07614368945360184
310 0.028153875842690468
311 0.01885005086660385
312 0.0048721469938755035
313 0.0028539360500872135
314 0.006558618508279324
315 0.0033415991347283125
316 0.0018165861256420612
317 0.004728338215500116
318 0.004027333576232195
319 0.0010974030010402203
320 0.002121136523783207
321 0.009626508690416813
322 0.0035518088843673468
323 0.003005335107445717
324 0.005841210018843412
325 0.0013848537346348166
326 0.016593297943472862
327 0.005590370856225491
328 0.0035912874154746532
329 0.0033455099910497665
330 0.005232356488704681
331 0.004102346487343311
332 0.018983885645866394
333 0.003685174509882927
334 0.011296054348349571
335 0.017384838312864304
336 0.004322988446801901
337 0.02107546664774418
338 0.04976298287510872
339 0.00383261707611382
340 0.0064229113049805164
341 0.01395332906395197
342 0.00981898419559002
343 0.015160136856138706
344 0.009115633554756641
345 0.009467806667089462
346 0.01203106064349413
347 0.023491529747843742
348 0.008531518280506134
349 0.0035219048149883747
350 0.0013910150155425072
351 0.002012831624597311
352 0.0064106471836566925
353 0.0029587058816105127
354 0.003245878266170621
355 0.0005335318273864686
356 0.001720156637020409
357 0.004179440438747406
358 0.005902659147977829
359 0.2716197371482849
360 0.03708300739526749
361 0.023880893364548683
362 0.02534467913210392
363 0.010059153661131859
364 0.0009660355281084776
365 0.002622463507577777
366 0.0024994811974465847
367 0.0008032897603698075
368 0.0009705503471195698
369 0.0010521888034418225
370 0.0017493001651018858
371 0.00892364140599966
372 0.010354548692703247
373 0.011394849978387356
374 0.001653726096265018
375 0.003195238532498479
376 0.010492528788745403
377 0.004204596858471632
378 0.003226983593776822
379 0.0022041895426809788
380 0.0028570438735187054
381 0.0037746429443359375
382 0.005053785163909197
383 0.0024030462373048067
384 0.0020060797687619925
385 0.0008193790563382208
386 0.0050412556156516075
387 0.0027914694510400295
388 0.0028043724596500397
389 0.005639980547130108
390 0.005202035419642925
391 0.009416894055902958
392 0.02483801357448101
393 0.012441499158740044
394 0.02311004512012005
395 0.011728759855031967
396 0.003824663581326604
397 0.00147283507976681
398 0.0015959367156028748
399 0.008901553228497505
400 0.002216647146269679
401 0.005867008585482836
402 0.005914356559514999
403 0.003966725431382656
404 0.007240081671625376
405 0.0044472115114331245
406 0.03599325567483902
407 0.018921760842204094
408 0.00806998461484909
409 0.0102401003241539
410 0.0012630342971533537
411 0.008879991248250008
412 0.0037158404011279345
413 0.009093783795833588
414 0.00198506866581738
415 0.002370166126638651
416 0.0022668710444122553
417 0.0007674443768337369
418 0.003296748735010624
419 0.0016589924925938249
420 0.0026123400311917067
421 0.0009577196906320751
422 0.005268066190183163
423 0.0013970719883218408
424 0.0014907503500580788
425 0.001275246380828321
426 0.0035075691994279623
427 0.005114508792757988
428 0.03755279257893562
429 0.01515249814838171
430 0.0025481595657765865
431 0.001186068868264556
432 0.00438204500824213
433 0.0034079495817422867
434 0.005421943496912718
435 0.004106898792088032
436 0.0014266943326219916
437 0.001501206774264574
438 0.00118334183935076
439 0.0028218976221978664
440 0.027296684682369232
441 0.05677958205342293
442 0.17363926768302917
443 0.1300237476825714
444 0.026495229452848434
445 0.06447428464889526
446 0.19646359980106354
447 0.04815785214304924
448 0.3546552062034607
449 0.2960383892059326
450 0.07659407705068588
451 0.09130632132291794
452 0.02353772148489952
453 0.023920850828289986
454 0.015384889207780361
455 0.006709293462336063
456 0.007297876290977001
457 0.004919613245874643
458 0.004456493072211742
459 0.0019659199751913548
460 0.0018365721916779876
461 0.0030780306551605463
462 0.003388381330296397
463 0.0008177817799150944
464 0.0015811565099284053
465 0.0037218546494841576
466 0.0011425184784457088
467 0.0010375147685408592
468 0.0009745487477630377
469 0.0006248761783353984
470 0.001490970840677619
471 0.0011787343537434936
472 0.0013758008135482669
473 0.001203361782245338
474 0.0008930133190006018
475 0.001740691834129393
476 0.0010426545049995184
477 0.0007042616489343345
478 0.0014328260440379381
479 0.0007204876746982336
480 0.0009910897351801395
481 0.0017796587198972702
482 0.0020522393751889467
483 0.0022446310613304377
484 0.003765408881008625
485 0.004849808756262064
486 0.0005284634535200894
487 0.0009806256275624037
488 0.00043947561061941087
489 0.0007947174017317593
490 0.0012074087280780077
491 0.001052082167007029
492 0.006023069843649864
493 0.04089413955807686
494 0.011895902454853058
495 0.0022405951749533415
496 0.0015099423471838236
497 0.0016102283261716366
498 0.0005711484118364751
499 0.0006712957401759923
500 0.0005528400652110577
501 0.0003095674910582602
502 0.000472390151116997
503 0.0010680807754397392
504 0.0014501768164336681
505 0.0004569991142489016
506 0.00026586285093799233
507 0.00051391392480582
508 0.000991106266155839
509 0.0009165575029328465
510 0.0009191061835736036
511 0.0007577628130093217
512 0.0027098827995359898
513 0.0013139030197635293
514 0.0008891947218216956
515 0.019151853397488594
516 0.0030368578154593706
517 0.003821128746494651
518 0.004116944037377834
519 0.000423537683673203
520 0.0006809639162383974
521 0.001483533764258027
522 0.0009754991042427719
523 0.00034939806209877133
524 0.00024143011250998825
525 0.00026158662512898445
526 0.0010206991573795676
527 0.0011339042102918029
528 0.001089208060875535
529 0.000626742432359606
530 0.0009692704188637435
531 0.000412432273151353
532 0.0005751324351876974
533 0.00023925183631945401
534 0.0011912009213119745
535 0.00037662082468159497
536 0.000903189298696816
537 0.001659367699176073
538 0.0007006499217823148
539 0.0004577083745971322
540 0.021649185568094254
541 0.0009240265935659409
542 0.0014289931859821081
543 0.0004502272349782288
544 0.0009373360662721097
545 0.001299582771025598
546 0.000695128517691046
547 0.0012172943679615855
548 0.026087110862135887
549 0.0013772757956758142
550 0.0025085797533392906
551 0.00875029992312193
552 0.029587464407086372
553 0.001534674083814025
554 0.0006635251338593662
555 0.008963498286902905
556 0.0032755902502685785
557 0.0013664935249835253
558 0.0017190355574712157
559 0.0006200509378686547
560 0.0017203192692250013
561 0.002113390015438199
562 0.0010839259484782815
563 0.0017682728357613087
564 0.00472219055518508
565 0.007990147918462753
566 0.00480729341506958
567 0.00477681215852499
568 0.004898081533610821
569 0.0021490512881428003
570 0.002491827355697751
571 0.0018755358178168535
572 0.0020073631312698126
573 0.027131566777825356
574 0.028019091114401817
575 0.0009265583357773721
576 0.0013654944486916065
577 0.0017645152984187007
578 0.0025763949379324913
579 0.004663702100515366
580 0.007032491732388735
581 0.009089726023375988
582 0.0009455185499973595
583 0.0022274432703852654
584 0.00033106617047451437
585 0.0009083875920623541
586 0.0011507191229611635
587 0.0003074455016758293
588 0.0018824657890945673
589 0.0007926463731564581
590 0.0019623187836259604
591 0.0004794014967046678
592 0.01439700834453106
593 0.005639393348246813
594 0.005842473357915878
595 0.0009662212105467916
596 0.004690200090408325
597 0.0005424941191449761
598 0.0007142555550672114
599 0.0013275108067318797
600 0.0014775386080145836
601 0.0005635229754261672
602 0.008639867417514324
603 0.0012818154646083713
604 0.002268034964799881
605 0.00173177698161453
606 0.014455732889473438
607 0.014900264330208302
608 0.007594984956085682
609 0.009419870562851429
610 0.03770751506090164
611 0.07303626835346222
612 0.012985936366021633
613 0.03933557868003845
614 0.017322979867458344
615 0.012344680726528168
616 0.0052819144912064075
617 0.0057069119065999985
618 0.00933309830725193
619 0.02052309177815914
620 0.013814590871334076
621 0.011765182949602604
622 0.03346196189522743
623 0.014330888167023659
624 0.003638174384832382
625 0.005445775110274553
626 0.0032299940939992666
627 0.006044422276318073
628 0.00961372535675764
629 0.004828078672289848
630 0.01711590774357319
631 0.006278480868786573
632 0.0027257318142801523
633 0.006992177572101355
634 0.004533686209470034
635 0.0011891380418092012
636 0.0045112986117601395
637 0.006043545436114073
638 0.03914111107587814
639 0.01418999396264553
640 0.010633358731865883
641 0.01745961233973503
642 0.010999864898622036
643 0.011355780996382236
644 0.007752509322017431
645 0.006857062689960003
646 0.0027015358209609985
647 0.0012363474816083908
648 0.0014533275971189141
649 0.001386799500323832
650 0.001350446487776935
651 0.002129495609551668
652 0.0015293043106794357
653 0.001121317152865231
654 0.0002992288791574538
655 0.0011826055124402046
656 0.0009399906266480684
657 0.0032400814816355705
658 0.01151016540825367
659 0.00241195410490036
660 0.008732571266591549
661 0.00903708953410387
662 0.007668646983802319
663 0.0034520465414971113
664 0.007862000726163387
665 0.00814548134803772
666 0.01659851334989071
667 0.006420913152396679
668 0.005748143885284662
669 0.0011459692614153028
670 0.001722328132018447
671 0.0016453155549243093
672 0.0002434091584291309
673 0.001380603527650237
674 0.0019930533599108458
675 0.0008414600160904229
676 0.0017775152809917927
677 0.0018786130240187049
678 0.0009632889996282756
679 0.0006314839120022953
680 0.00145250977948308
681 0.003433602163568139
682 0.000148443243233487
683 0.0006189912091940641
684 0.0005363977397792041
685 0.0005510440678335726
686 0.0005151760997250676
687 0.00019019265891984105
688 0.0018359352834522724
689 0.0024054767563939095
690 0.0033123448956757784
691 0.002610855270177126
692 0.0006657406338490546
693 0.0008803464588709176
694 0.008167251013219357
695 0.012781653553247452
696 0.011290853843092918
697 0.04869209975004196
698 0.008334891870617867
699 0.013780880719423294
700 0.06546279788017273
701 0.04016701132059097
702 0.005688006523996592
703 0.0015469554346054792
704 0.0011471196776255965
705 0.008456705138087273
706 0.00446402607485652
707 0.0026761204935610294
708 0.0014883787371218204
709 0.00237865443341434
710 0.003936953842639923
711 0.0038323914632201195
712 0.001443346031010151
713 0.0014163253363221884
714 0.00994628481566906
715 0.012068409472703934
716 0.043105412274599075
717 0.010772490873932838
718 0.002921132603660226
719 0.04489629343152046
720 0.004315594676882029
721 0.0020745026413351297
722 0.0059544118121266365
723 0.0016228596214205027
724 0.0006556679727509618
725 0.0014788690023124218
726 0.001388491946272552
727 0.002370986854657531
728 0.0045828986912965775
729 0.00630432553589344
730 0.009753967635333538
731 0.0007106602424755692
732 0.001783894607797265
733 0.0016409318195655942
734 0.0019776371773332357
735 0.00026592123322188854
736 0.0005028881132602692
737 0.0016756064724177122
738 0.002928042085841298
739 0.0035684476606547832
740 0.0046780784614384174
741 0.006162028759717941
742 0.009824929758906364
743 0.005345834884792566
744 0.034231409430503845
745 0.0563230961561203
746 0.054953206330537796
747 0.017973490059375763
748 0.04739408195018768
749 0.030188309028744698
750 0.013848205097019672
751 0.009050142951309681
752 0.005124039947986603
753 0.003460835898295045
754 0.003973891492933035
755 0.0009488663054071367
756 0.0006875388789921999
757 0.0007895377348177135
758 0.0037216865457594395
759 0.00280262460000813
760 0.0013178879162296653
761 0.0008765811799094081
762 0.0007130055455490947
763 0.0008824315737001598
764 0.0008121222490444779
765 0.00047046953113749623
766 0.00020537947420962155
767 0.0002643883344717324
768 0.0004844617214985192
769 0.0003261510864831507
770 0.0005026174476370215
771 0.0005336517351679504
772 0.00019775002147071064
773 0.0020309777464717627
774 0.0006977092125453055
775 0.00046048295916989446
776 0.0002766989346127957
777 0.0007356253918260336
778 0.0005558165721595287
779 0.000634122989140451
780 0.0011776559986174107
781 0.00022015819558873773
782 0.00034364900784567
783 0.00022089479898568243
784 0.0004903505905531347
785 0.0006544197094626725
786 0.0036709231790155172
787 0.036464281380176544
788 0.01304765697568655
789 0.01594683900475502
790 0.012026460841298103
791 0.02020201086997986
792 0.006347054615616798
793 0.032846905291080475
794 0.10131776332855225
795 0.05366896465420723
796 1.1510552167892456
797 2.766817331314087
798 0.42268115282058716
799 0.4904709756374359
800 0.12732164561748505
801 0.05168483406305313
802 0.056702423840761185
803 0.0709504783153534
804 0.01944105140864849
805 0.01785913296043873
806 0.014578496105968952
807 0.007919084280729294
808 0.005947678815573454
809 0.0018979323795065284
810 0.0021596422884613276
811 0.0016050331760197878
812 0.0017531824996694922
813 0.0024962101597338915
814 0.0020642350427806377
815 0.001995975384488702
816 0.00130911183077842
817 0.001845417427830398
818 0.0013014739379286766
819 0.0017920430982485414
820 0.0008989290217868984
821 0.0007427741074934602
822 0.001512780669145286
823 0.0011129719205200672
824 0.0010574748739600182
825 0.0009354660869576037
826 0.0014328701654449105
827 0.0011089607141911983
828 0.0007632934139110148
829 0.0008620167500339448
830 0.0012846984900534153
831 0.0010453842114657164
832 0.0007427774835377932
833 0.0011801612563431263
834 0.0006450059590861201
835 0.0003756130754482001
836 0.0006393263465724885
837 0.0006008550408296287
838 0.0005783942178823054
839 0.000769656035117805
840 0.0008084902074187994
841 0.0009791083866730332
842 0.0009824233129620552
843 0.0009512014221400023
844 0.000992867979221046
845 0.0008104973239824176
846 0.0004502328229136765
847 0.00038340172613970935
848 0.0006536943838000298
849 0.0004735468828584999
850 0.00043096605804748833
851 0.00047381469630636275
852 0.000661010155454278
853 0.0005385092226788402
854 0.000797332962974906
855 0.0008096820092760026
856 0.0005764688248746097
857 0.0006056237034499645
858 0.0006108086090534925
859 0.000652093964163214
860 0.0004874058940913528
861 0.0004028995172120631
862 0.00037585178506560624
863 0.0003051025269087404
864 0.000484810967464
865 0.0003625595709308982
866 0.0003358038084115833
867 0.00043720047688111663
868 0.0005554425297304988
869 0.0003454315010458231
870 0.0008921661064960063
871 0.00046022763126529753
872 0.000654081697575748
873 0.00059105409309268
874 0.0007156995707191527
875 0.0002495652006473392
876 0.0004435812006704509
877 0.00023407000117003918
878 0.00039980016299523413
879 0.00016528730338905007
880 0.00026942274416796863
881 0.00046198623022064567
882 0.00016050659178290516
883 0.00040217337664216757
884 0.00041723184403963387
885 0.0003615075256675482
886 0.0002926281013060361
887 0.0002481789269950241
888 0.0002820277586579323
889 0.0002592562814243138
890 0.00024485704489052296
891 0.0004036713798996061
892 0.000326529610902071
893 0.00044883269583806396
894 0.00028351592482067645
895 0.00026452061138115823
896 0.0004960052901878953
897 0.0005247665103524923
898 0.0003480688319541514
899 0.00031436418066732585
900 0.00034445480559952557
901 0.0002903590793721378
902 0.0002476281952112913
903 0.0004519152862485498
904 0.0004709893837571144
905 0.00034337735269218683
906 0.00019632000476121902
907 0.0002346674882574007
908 0.0002452547778375447
909 0.0004375697171781212
910 0.00035731500247493386
911 0.00032011125585995615
912 0.0003768613387364894
913 0.0002295312297064811
914 0.000249301316216588
915 0.00021744488913100213
916 0.00025552898296155035
917 0.0005213695112615824
918 0.0001715249672997743
919 0.00015415211964864284
920 0.0002904231660068035
921 0.00019444330246187747
922 0.0001266984618268907
923 0.00014489876048173755
924 0.00017387136176694185
925 0.00022531334252562374
926 0.00034911808324977756
927 0.000176269983057864
928 0.00014512846246361732
929 0.00013544464309234172
930 0.00016824841441120952
931 5.9381607570685446e-05
932 0.00020927090372424573
933 0.00016371719539165497
934 0.00026096406509168446
935 0.0003384930605534464
936 0.0002399816585239023
937 0.00018159314640797675
938 0.00020499210222624242
939 9.21600149013102e-05
940 0.0002665369538590312
941 0.00039055722299963236
942 0.0005146076437085867
943 0.00025719829136505723
944 0.00037951115518808365
945 0.0002274003782076761
946 0.0002433806366752833
947 0.00023901833628769964
948 0.00022056279703974724
949 0.00013819869491271675
950 0.00020387396216392517
951 0.0011643848847597837
952 0.0025176452472805977
953 0.00068648811429739
954 0.0006146883242763579
955 0.0009208640549331903
956 0.0004796742578037083
957 0.00011032870679628104
958 0.00028057588497176766
959 0.0004001717607025057
960 0.00021600231411866844
961 0.0001511251466581598
962 0.00026751038967631757
963 0.00012428553600329906
964 7.371239189524204e-05
965 0.00014980879495851696
966 9.114987187786028e-05
967 0.00012050857912981883
968 0.00061875517712906
969 0.0004071099392604083
970 0.0006337615195661783
971 0.00034978773328475654
972 0.0008051111362874508
973 0.00031230805325321853
974 0.00027998071163892746
975 0.0005331826978363097
976 0.0008548348559997976
977 0.001644004019908607
978 0.0005773244192823768
979 0.0008739098557271063
980 0.0011658621951937675
981 0.000579201034270227
982 0.001683873008005321
983 0.0007043197983875871
984 0.0021163488272577524
985 0.0015144989592954516
986 0.000857465376611799
987 0.0002400100784143433
988 0.0009078584844246507
989 0.0004870564735028893
990 0.0011011844035238028
991 0.004649250768125057
992 0.016746623441576958
993 0.016270140185952187
994 0.009540342725813389
995 0.019052496179938316
996 0.00545527832582593
997 0.005095971282571554
998 0.0015423365402966738
999 0.0013938179472461343
