0 1129.8685302734375
1 340.37677001953125
2 60.45720291137695
3 19.828868865966797
4 13.813469886779785
5 9.487527847290039
6 4.047332763671875
7 5.157224178314209
8 7.9050822257995605
9 13.746184349060059
10 2.718445062637329
11 7.636682033538818
12 7.775465965270996
13 12.419265747070312
14 7.62548828125
15 6.05181360244751
16 9.127655982971191
17 7.239138603210449
18 6.673605918884277
19 7.909396171569824
20 8.137274742126465
21 4.117498397827148
22 7.485270023345947
23 5.178654670715332
24 6.4914422035217285
25 6.942266464233398
26 10.568300247192383
27 4.220892906188965
28 8.105406761169434
29 4.041200160980225
30 6.000217437744141
31 7.836991310119629
32 3.734488010406494
33 6.201313495635986
34 3.9667036533355713
35 4.844428062438965
36 8.751238822937012
37 8.492985725402832
38 10.083568572998047
39 2.280285596847534
40 3.9569501876831055
41 7.736981391906738
42 9.727226257324219
43 5.47015905380249
44 6.6062445640563965
45 7.746402740478516
46 4.713007926940918
47 7.893840312957764
48 3.88759183883667
49 5.6002960205078125
50 6.043888568878174
51 2.0316460132598877
52 7.919087886810303
53 9.073141098022461
54 5.823645114898682
55 6.993693828582764
56 1.9816360473632812
57 2.146238088607788
58 4.599442005157471
59 3.325094223022461
60 4.00888729095459
61 3.8908395767211914
62 2.9038925170898438
63 2.9534831047058105
64 3.5255277156829834
65 4.606589317321777
66 4.630563259124756
67 2.698002576828003
68 6.783636093139648
69 3.563314199447632
70 4.150632858276367
71 3.5317983627319336
72 3.8205411434173584
73 2.5355372428894043
74 6.496376991271973
75 4.858979225158691
76 2.930899143218994
77 3.04624605178833
78 2.925550699234009
79 6.187709808349609
80 2.0968823432922363
81 3.855079174041748
82 3.6625218391418457
83 4.140210151672363
84 3.7335684299468994
85 5.156361103057861
86 3.100900411605835
87 4.722589492797852
88 1.4094852209091187
89 0.864564061164856
90 1.5745896100997925
91 2.230412006378174
92 2.2198426723480225
93 4.023064613342285
94 2.770012140274048
95 2.881488084793091
96 2.6353471279144287
97 2.7102279663085938
98 2.51332426071167
99 0.8500866889953613
100 2.3569748401641846
101 2.846189498901367
102 2.5919747352600098
103 1.3760664463043213
104 1.7370760440826416
105 1.0297222137451172
106 1.2132289409637451
107 2.9766695499420166
108 1.6506270170211792
109 1.4521517753601074
110 0.798048734664917
111 1.0504932403564453
112 1.7565099000930786
113 0.2652575373649597
114 0.37866702675819397
115 0.6568114161491394
116 1.9469263553619385
117 1.3886085748672485
118 1.2961559295654297
119 0.8938553929328918
120 1.962175726890564
121 0.6038022637367249
122 0.893834114074707
123 0.7605796456336975
124 0.594525158405304
125 1.210417628288269
126 0.7457873821258545
127 0.6392790675163269
128 0.1363360732793808
129 0.583401083946228
130 1.4027326107025146
131 0.6134955883026123
132 1.169342041015625
133 0.6905341744422913
134 0.495838463306427
135 0.9914815425872803
136 0.7475405335426331
137 0.5147416591644287
138 0.6430095434188843
139 0.47933268547058105
140 0.8991163372993469
141 1.000293493270874
142 0.0824095755815506
143 0.42683541774749756
144 0.9105061888694763
145 0.7174609899520874
146 0.0721014142036438
147 0.8342567086219788
148 0.4302205443382263
149 0.46046966314315796
150 0.46812909841537476
151 0.2771509289741516
152 0.5571393966674805
153 0.4001525640487671
154 0.29445916414260864
155 0.5027727484703064
156 0.36624401807785034
157 0.32769089937210083
158 0.1621226668357849
159 0.5767129063606262
160 0.15014192461967468
161 0.21557079255580902
162 0.08981700241565704
163 0.47707870602607727
164 0.15291593968868256
165 0.15520153939723969
166 0.24853835999965668
167 0.2947264015674591
168 0.17427045106887817
169 0.24853943288326263
170 0.13084980845451355
171 0.4020843803882599
172 0.060926035046577454
173 0.10680187493562698
174 0.10901401191949844
175 0.1562628448009491
176 0.2935125529766083
177 0.11156760901212692
178 0.16502931714057922
179 0.33224204182624817
180 0.17703431844711304
181 0.13197746872901917
182 0.12085948884487152
183 0.32329463958740234
184 0.12385108321905136
185 0.027749644592404366
186 0.21432767808437347
187 0.15372228622436523
188 0.11322177201509476
189 0.11152523756027222
190 0.19845040142536163
191 0.04238208383321762
192 0.10287559032440186
193 0.0855170339345932
194 0.12200459092855453
195 0.10661247372627258
196 0.09794292598962784
197 0.13645794987678528
198 0.08626610785722733
199 0.10426591336727142
200 0.2252969592809677
201 0.03378574922680855
202 0.13713715970516205
203 0.05749814212322235
204 0.07410381734371185
205 0.10228120535612106
206 0.080121248960495
207 0.09787432104349136
208 0.13612595200538635
209 0.08641283959150314
210 0.14033477008342743
211 0.03372475132346153
212 0.038486890494823456
213 0.0905999019742012
214 0.042392704635858536
215 0.06387114524841309
216 0.050785236060619354
217 0.037202104926109314
218 0.06453429162502289
219 0.030119379982352257
220 0.09408940374851227
221 0.07939831167459488
222 0.07938982546329498
223 0.03441740199923515
224 0.05858856812119484
225 0.09296078234910965
226 0.025386903434991837
227 0.04994482547044754
228 0.02490140311419964
229 0.03072763793170452
230 0.0940539762377739
231 0.04537752643227577
232 0.073480524122715
233 0.06613844633102417
234 0.04687580466270447
235 0.01666065864264965
236 0.03715190663933754
237 0.038651734590530396
238 0.029278770089149475
239 0.03020402044057846
240 0.06135018542408943
241 0.026519183069467545
242 0.04170551151037216
243 0.050199080258607864
244 0.04267510771751404
245 0.043507542461156845
246 0.03927411884069443
247 0.04235411062836647
248 0.05164189636707306
249 0.029918810352683067
250 0.02656284160912037
251 0.017882613465189934
252 0.04009920731186867
253 0.04377187788486481
254 0.02512935921549797
255 0.024322479963302612
256 0.021179264411330223
257 0.029262233525514603
258 0.025777949020266533
259 0.02648160234093666
260 0.02759314700961113
261 0.01669219695031643
262 0.033877428621053696
263 0.020569751039147377
264 0.015832707285881042
265 0.02585170976817608
266 0.014382477849721909
267 0.024803727865219116
268 0.026276076212525368
269 0.015299968421459198
270 0.02062772773206234
271 0.012430574744939804
272 0.021230433136224747
273 0.02595745213329792
274 0.011682549491524696
275 0.044756513088941574
276 0.016365475952625275
277 0.018181564286351204
278 0.01974419876933098
279 0.015744559466838837
280 0.02284303866326809
281 0.038705453276634216
282 0.015248908661305904
283 0.019566703587770462
284 0.021785065531730652
285 0.023664303123950958
286 0.006221971474587917
287 0.018648112192749977
288 0.007237257901579142
289 0.019911276176571846
290 0.008997594006359577
291 0.017418406903743744
292 0.014756858348846436
293 0.016451716423034668
294 0.010805705562233925
295 0.01755446009337902
296 0.027721315622329712
297 0.019452406093478203
298 0.01352396048605442
299 0.03388604894280434
300 0.014837237074971199
301 0.017741523683071136
302 0.0108402781188488
303 0.011963199824094772
304 0.017723895609378815
305 0.014528618194162846
306 0.00504274619743228
307 0.019179610535502434
308 0.015896864235401154
309 0.009996984153985977
310 0.01669953018426895
311 0.011739074252545834
312 0.022866876795887947
313 0.015147575177252293
314 0.006562600377947092
315 0.006846381351351738
316 0.010211641900241375
317 0.016243383288383484
318 0.013101248070597649
319 0.004762560129165649
320 0.00923271756619215
321 0.010378994047641754
322 0.006723439786583185
323 0.015175336971879005
324 0.007122224196791649
325 0.015242457389831543
326 0.01898955926299095
327 0.007524613291025162
328 0.009868191555142403
329 0.02120576985180378
330 0.015788501128554344
331 0.021547481417655945
332 0.009828390553593636
333 0.005895582027733326
334 0.0062711299397051334
335 0.007662692107260227
336 0.011504849418997765
337 0.00680255051702261
338 0.011792311444878578
339 0.009223196655511856
340 0.005572773981839418
341 0.010597888380289078
342 0.009706120006740093
343 0.010955273173749447
344 0.010634816251695156
345 0.010105269029736519
346 0.0198360625654459
347 0.019380971789360046
348 0.013414592482149601
349 0.008971743285655975
350 0.013038255274295807
351 0.01517571322619915
352 0.004265565425157547
353 0.00421509426087141
354 0.020870128646492958
355 0.006478084251284599
356 0.010990544222295284
357 0.016012927517294884
358 0.010033829137682915
359 0.022769417613744736
360 0.01824331283569336
361 0.006179247982800007
362 0.01407037302851677
363 0.007205639034509659
364 0.0025386125780642033
365 0.007618478965014219
366 0.00495162233710289
367 0.01132681779563427
368 0.00729858735576272
369 0.0071561685763299465
370 0.0051993997767567635
371 0.011330562643706799
372 0.004900132305920124
373 0.007572634611278772
374 0.01147268433123827
375 0.00237496430054307
376 0.005290919449180365
377 0.012865000404417515
378 0.005299432668834925
379 0.009838901460170746
380 0.00752747617661953
381 0.013086185790598392
382 0.01284815277904272
383 0.0048714857548475266
384 0.0168234184384346
385 0.009015996009111404
386 0.011358286254107952
387 0.004927944391965866
388 0.0074142636731266975
389 0.011580729857087135
390 0.0028648432344198227
391 0.009935523383319378
392 0.0032025461550801992
393 0.016530608758330345
394 0.006403118371963501
395 0.01189387682825327
396 0.001980616245418787
397 0.00253021577373147
398 0.008316930383443832
399 0.004677434451878071
400 0.008980290964245796
401 0.016715599223971367
402 0.005244526546448469
403 0.0029731127433478832
404 0.008613069541752338
405 0.01833440363407135
406 0.0074386633932590485
407 0.0033559920266270638
408 0.009222101420164108
409 0.003672398393973708
410 0.006844370160251856
411 0.007611309178173542
412 0.0014871926978230476
413 0.008032182231545448
414 0.0044135102070868015
415 0.0037994524464011192
416 0.00498343538492918
417 0.004341442137956619
418 0.011451286263763905
419 0.004847927484661341
420 0.0029555889777839184
421 0.004658809397369623
422 0.0020192600786685944
423 0.006350066978484392
424 0.004453650675714016
425 0.005077325273305178
426 0.0035605558659881353
427 0.0028091503772884607
428 0.013652541674673557
429 0.002607117872685194
430 0.0066644069738686085
431 0.0033809251617640257
432 0.002561161294579506
433 0.00892369169741869
434 0.004684271290898323
435 0.006916459649801254
436 0.006759997457265854
437 0.0025331350043416023
438 0.004585408605635166
439 0.0016621652757748961
440 0.007815362885594368
441 0.011039983481168747
442 0.00631261570379138
443 0.006149905268102884
444 0.0036987492348998785
445 0.0014056419022381306
446 0.010391708463430405
447 0.008055031299591064
448 0.008123478852212429
449 0.005306590814143419
450 0.008042288944125175
451 0.0012550837127491832
452 0.0036528001073747873
453 0.005347361788153648
454 0.00543158408254385
455 0.0017182788578793406
456 0.0097843362018466
457 0.004676978103816509
458 0.002317166654393077
459 0.009130176156759262
460 0.004005711991339922
461 0.00365629605948925
462 0.012711485847830772
463 0.004831720143556595
464 0.002474462613463402
465 0.005106605589389801
466 0.005950511898845434
467 0.0025994954630732536
468 0.006232516374439001
469 0.004745611920952797
470 0.0015226431423798203
471 0.005471906624734402
472 0.0015632949071004987
473 0.0022072100546211004
474 0.0026008333079516888
475 0.0036082607693970203
476 0.008026271127164364
477 0.004609209485352039
478 0.004392112605273724
479 0.002248822245746851
480 0.0033265540841966867
481 0.006880341563373804
482 0.0017360752681270242
483 0.004803841933608055
484 0.002257250715047121
485 0.01402809377759695
486 0.006410870235413313
487 0.0082242451608181
488 0.004277629312127829
489 0.006946676876395941
490 0.0017282780027016997
491 0.0025230832397937775
492 0.0045768278650939465
493 0.001167248236015439
494 0.006006490904837847
495 0.00330199021846056
496 0.00981177669018507
497 0.003130160039290786
498 0.001999338623136282
499 0.0021911454387009144
500 0.0017654135590419173
501 0.0026171745266765356
502 0.010362803004682064
503 0.004699597600847483
504 0.00340534676797688
505 0.0026804881636053324
506 0.010760266333818436
507 0.005871654953807592
508 0.0024332657922059298
509 0.003238506382331252
510 0.007470761425793171
511 0.009531950578093529
512 0.001649914076551795
513 0.008251042105257511
514 0.0018629151163622737
515 0.0013482775539159775
516 0.002442495431751013
517 0.00791413988918066
518 0.004222075920552015
519 0.0051236264407634735
520 0.0011350411223247647
521 0.0069652134552598
522 0.0015776643995195627
523 0.004652596544474363
524 0.0020488789305090904
525 0.006485837046056986
526 0.007749231532216072
527 0.00497118104249239
528 0.00618116045370698
529 0.010694067925214767
530 0.0029049781151115894
531 0.011291291564702988
532 0.005923794116824865
533 0.005708331707865
534 0.010401549749076366
535 0.002203557640314102
536 0.0034333299845457077
537 0.009470072574913502
538 0.007930944673717022
539 0.0023833594750612974
540 0.0036702826619148254
541 0.0009852413786575198
542 0.004950036760419607
543 0.0017055144999176264
544 0.0011416864581406116
545 0.007294272538274527
546 0.0036051173228770494
547 0.004892493132501841
548 0.0056688725017011166
549 0.0045095039531588554
550 0.005538079887628555
551 0.007693068124353886
552 0.0013438885798677802
553 0.007895763032138348
554 0.004843119997531176
555 0.005475735757499933
556 0.0035027170088142157
557 0.0024533485993742943
558 0.0021782119292765856
559 0.0034342531580477953
560 0.004988096654415131
561 0.004960956051945686
562 0.003578511066734791
563 0.001805154257453978
564 0.003993819933384657
565 0.0007829423411749303
566 0.003182052867487073
567 0.0013360006269067526
568 0.0016064289957284927
569 0.007034063804894686
570 0.008027719333767891
571 0.006080637685954571
572 0.0032947820145636797
573 0.0016682991990819573
574 0.006268960889428854
575 0.0023906242568045855
576 0.00680569838732481
577 0.0036657487507909536
578 0.0023813287261873484
579 0.0019090194255113602
580 0.0010097173508256674
581 0.003312721848487854
582 0.002790125785395503
583 0.0013019294710829854
584 0.0037961986381560564
585 0.004812989849597216
586 0.0011765107046812773
587 0.002180491341277957
588 0.00946171022951603
589 0.0029313541017472744
590 0.0026703255716711283
591 0.010340224020183086
592 0.0037990647833794355
593 0.001374617451801896
594 0.0034168711863458157
595 0.004290812183171511
596 0.0013309660134837031
597 0.0025631701573729515
598 0.004951045382767916
599 0.0028320476412773132
600 0.004018483683466911
601 0.002438835334032774
602 0.011631700210273266
603 0.0009094771812669933
604 0.0012499095173552632
605 0.00539966206997633
606 0.0019081913633272052
607 0.003909809049218893
608 0.0018164189532399178
609 0.0022052002605050802
610 0.005277199205011129
611 0.002102229278534651
612 0.0014760928461328149
613 0.004391415044665337
614 0.0010839581955224276
615 0.0016913041472434998
616 0.0034039111342281103
617 0.002722797216847539
618 0.007345280144363642
619 0.003342458512634039
620 0.004926004447042942
621 0.002382181817665696
622 0.0037357399705797434
623 0.002292996970936656
624 0.0017932495102286339
625 0.001249808701686561
626 0.0035136390943080187
627 0.0023921621032059193
628 0.0027902843430638313
629 0.003819977166131139
630 0.0018212099093943834
631 0.004663184750825167
632 0.0030297262128442526
633 0.007111400365829468
634 0.00884499866515398
635 0.006640724837779999
636 0.005913113709539175
637 0.001611152314580977
638 0.000805883901193738
639 0.005265853367745876
640 0.009641861543059349
641 0.005026655737310648
642 0.0011623040772974491
643 0.002818676410242915
644 0.0015145340003073215
645 0.005154093261808157
646 0.00182644824963063
647 0.0052346717566251755
648 0.00440710736438632
649 0.001323856064118445
650 0.0013269968330860138
651 0.0004852146958000958
652 0.002952467417344451
653 0.00663952250033617
654 0.0027999309822916985
655 0.0021704675164073706
656 0.00102753727696836
657 0.002057131612673402
658 0.0015840947162359953
659 0.0011323116486892104
660 0.006004638969898224
661 0.0018906465265899897
662 0.003941448871046305
663 0.005009922198951244
664 0.0013776315608993173
665 0.0036976041737943888
666 0.0023402010556310415
667 0.002855821279808879
668 0.002811427228152752
669 0.007936236448585987
670 0.0014835988404229283
671 0.003238111734390259
672 0.0024476246908307076
673 0.003651853185147047
674 0.003615659661591053
675 0.0032934595365077257
676 0.005652883555740118
677 0.0019206448923796415
678 0.002289567608386278
679 0.0036705515813082457
680 0.008497399277985096
681 0.0040995036251842976
682 0.004242107272148132
683 0.007435960695147514
684 0.01666988618671894
685 0.003110452787950635
686 0.008127003908157349
687 0.007244291249662638
688 0.005560149904340506
689 0.005874918773770332
690 0.007315520197153091
691 0.01305348239839077
692 0.008169778622686863
693 0.0032374516595155
694 0.0038504227995872498
695 0.005699721165001392
696 0.0029960668180137873
697 0.006975749507546425
698 0.0013559653889387846
699 0.0032117003574967384
700 0.005237933248281479
701 0.0017440998926758766
702 0.0054495809599757195
703 0.002182429190725088
704 0.0029161907732486725
705 0.006200116127729416
706 0.001905309036374092
707 0.004339686594903469
708 0.002145981416106224
709 0.0038485073018819094
710 0.003984634764492512
711 0.004206420388072729
712 0.001422374160028994
713 0.0040215845219790936
714 0.004066215828061104
715 0.002539094304665923
716 0.0033255955204367638
717 0.0033528911881148815
718 0.003241902682930231
719 0.0017371977446600795
720 0.010287709534168243
721 0.001987941563129425
722 0.002372664399445057
723 0.002413744805380702
724 0.002848752774298191
725 0.003992570098489523
726 0.0015137577429413795
727 0.008872710168361664
728 0.010769523680210114
729 0.0024787154980003834
730 0.0038353337440639734
731 0.0014755908632650971
732 0.0003796328091993928
733 0.0016164309345185757
734 0.0068441592156887054
735 0.002938754390925169
736 0.001065897522494197
737 0.001035981927998364
738 0.0047701504081487656
739 0.004894996527582407
740 0.0008977267425507307
741 0.002623235573992133
742 0.0035491923335939646
743 0.007814827375113964
744 0.003350499551743269
745 0.0017019107472151518
746 0.0021233651787042618
747 0.003919530194252729
748 0.0012114736018702388
749 0.0021271572913974524
750 0.0014698822051286697
751 0.0031265534926205873
752 0.0028423506300896406
753 0.0031186998821794987
754 0.007036074995994568
755 0.003825997468084097
756 0.0022982126101851463
757 0.0013174087507650256
758 0.005751187447458506
759 0.0017588634509593248
760 0.0012268892023712397
761 0.01003135833889246
762 0.003974271472543478
763 0.002066780114546418
764 0.0022104219533503056
765 0.003316686488687992
766 0.0066647036001086235
767 0.003402255941182375
768 0.0015534065896645188
769 0.001515119569376111
770 0.0038418006151914597
771 0.0028519597835838795
772 0.003834113012999296
773 0.002152301836758852
774 0.002658001147210598
775 0.0028109836857765913
776 0.0020752339623868465
777 0.002522252732887864
778 0.0055541349574923515
779 0.004900445230305195
780 0.0034983668010681868
781 0.0035242789890617132
782 0.0035744921769946814
783 0.001889520906843245
784 0.001441708649508655
785 0.0014818739145994186
786 0.0009868150809779763
787 0.006092710420489311
788 0.002001808490604162
789 0.004511164966970682
790 0.006061405874788761
791 0.0036057052202522755
792 0.002046843059360981
793 0.0029974135104566813
794 0.008028960786759853
795 0.0032802431378513575
796 0.003813566407188773
797 0.00466999551281333
798 0.0026907818391919136
799 0.004505303222686052
800 0.004115343559533358
801 0.004247753415256739
802 0.002563650021329522
803 0.004205042030662298
804 0.001823463593609631
805 0.0021599181927740574
806 0.005929413717240095
807 0.0032181893475353718
808 0.001731378142721951
809 0.002483016112819314
810 0.012611227110028267
811 0.011112582869827747
812 0.03011101856827736
813 0.011864823289215565
814 0.021444616839289665
815 0.0735325738787651
816 0.016361474990844727
817 0.0011591248912736773
818 0.13746580481529236
819 0.008817263878881931
820 0.022744016721844673
821 0.010308412835001945
822 0.005893251392990351
823 0.0012512840330600739
824 0.001699071959592402
825 0.0011186290066689253
826 0.0030498881824314594
827 0.0023283795453608036
828 0.0040046535432338715
829 0.0012581654591485858
830 0.0017905026907101274
831 0.0014970197807997465
832 0.0031502186320722103
833 0.0047832634299993515
834 0.0009788350434973836
835 0.0003279561933595687
836 0.001361624919809401
837 0.0029117222875356674
838 0.003549085231497884
839 0.0015781833790242672
840 0.0011626946507021785
841 0.004603966139256954
842 0.0021471274085342884
843 0.002694315742701292
844 0.009121721610426903
845 0.0008549615740776062
846 0.007712000980973244
847 0.0014071522746235132
848 0.00402087951079011
849 0.0032911247108131647
850 0.0008892024052329361
851 0.0018552597612142563
852 0.001187607878819108
853 0.006543697789311409
854 0.0021009696647524834
855 0.0015187023673206568
856 0.003274377202615142
857 0.001996483188122511
858 0.003786655142903328
859 0.0017139457631856203
860 0.0045709675177931786
861 0.001118169049732387
862 0.0014894393971189857
863 0.003237339900806546
864 0.0011015053605660796
865 0.001542024314403534
866 0.0018014035886153579
867 0.0048863766714930534
868 0.0010251268977299333
869 0.0007976709748618305
870 0.0016744860913604498
871 0.002420792356133461
872 0.0008084378205239773
873 0.002102198777720332
874 0.001381759881041944
875 0.0010971956653520465
876 0.0017435875488445163
877 0.0016723036533221602
878 0.002534924540668726
879 0.0013432957930490375
880 0.0009617930627427995
881 0.0019739868585020304
882 0.0015115829883143306
883 0.0025354132521897554
884 0.005019455682486296
885 0.007881701923906803
886 0.009581777267158031
887 0.0027954429388046265
888 0.002624936169013381
889 0.00362861598841846
890 0.0004015768936369568
891 0.00313876336440444
892 0.0021042474545538425
893 0.0011168353958055377
894 0.0007867912063375115
895 0.003606891492381692
896 0.005543914623558521
897 0.011220641434192657
898 0.011440398171544075
899 0.003098315093666315
900 0.006602714769542217
901 0.002333673182874918
902 0.003281033132225275
903 0.003777490695938468
904 0.0035791199188679457
905 0.004497981164604425
906 0.0022490411065518856
907 0.001166410045698285
908 0.0007937804912216961
909 0.002273501828312874
910 0.0015840331325307488
911 0.0015526943607255816
912 0.0024352630134671926
913 0.0016667140880599618
914 0.0021777069196105003
915 0.0022006335202604532
916 0.0028918758034706116
917 0.004486979451030493
918 0.0038604773581027985
919 0.014596087858080864
920 0.012357284314930439
921 0.013126806356012821
922 0.006562439259141684
923 0.01972954161465168
924 0.007833650335669518
925 0.042434386909008026
926 0.007377484813332558
927 0.010440642014145851
928 0.0030744741670787334
929 0.0036267777904868126
930 0.0027580782771110535
931 0.0028774170204997063
932 0.002762093208730221
933 0.004389651585370302
934 0.0033291210420429707
935 0.003463694592937827
936 0.0027261122595518827
937 0.001129109296016395
938 0.002524520270526409
939 0.001123899477533996
940 0.0006675153272226453
941 0.002199762035161257
942 0.0023952897172421217
943 0.0020688690710812807
944 0.0030304444953799248
945 0.003631190164014697
946 0.001426500384695828
947 0.0004907740512862802
948 0.004296322353184223
949 0.003497742349281907
950 0.0022723462898284197
951 0.0029722494073212147
952 0.00200714822858572
953 0.0015989081002771854
954 0.00302570266649127
955 0.002862759632989764
956 0.005147499032318592
957 0.001881131436675787
958 0.007392420899122953
959 0.0019428633386269212
960 0.003969017416238785
961 0.0032584641594439745
962 0.001757506630383432
963 0.002546645002439618
964 0.0019043254433199763
965 0.00476402323693037
966 0.0017430948792025447
967 0.0020719324238598347
968 0.0024367168080061674
969 0.001862381468527019
970 0.0010813826229423285
971 0.002434167079627514
972 0.002699140692129731
973 0.0036908097099512815
974 0.003326157107949257
975 0.0034183142706751823
976 0.005085377488285303
977 0.0037056701257824898
978 0.003264191560447216
979 0.0010587075958028436
980 0.0029702093452215195
981 0.0017837410559877753
982 0.0014681549509987235
983 0.0015318471705541015
984 0.0010736888507381082
985 0.002333219861611724
986 0.001787481363862753
987 0.001781725906766951
988 0.0064359670504927635
989 0.003908948041498661
990 0.003160157473757863
991 0.002047925954684615
992 0.00729783670976758
993 0.008413627743721008
994 0.005220484454184771
995 0.0425850972533226
996 0.0074651483446359634
997 0.013630639761686325
998 0.00910324975848198
999 0.0061658648774027824
