0 49.57954025268555
1 24.382543563842773
2 19.083681106567383
3 15.364592552185059
4 13.184121131896973
5 10.820274353027344
6 14.770105361938477
7 12.125186920166016
8 15.951529502868652
9 10.684367179870605
10 10.247220993041992
11 8.976337432861328
12 5.513119697570801
13 8.1585111618042
14 7.677514553070068
15 12.285144805908203
16 9.916194915771484
17 12.637764930725098
18 7.779082775115967
19 6.9041266441345215
20 7.678312301635742
21 5.317527770996094
22 3.5899899005889893
23 2.893296718597412
24 3.319424867630005
25 3.3164501190185547
26 4.666719913482666
27 1.6322919130325317
28 1.9637058973312378
29 2.596794605255127
30 2.284802198410034
31 2.166761875152588
32 2.8186872005462646
33 1.982478380203247
34 2.726938009262085
35 4.889009475708008
36 1.3660104274749756
37 2.2817113399505615
38 1.5805259943008423
39 1.7223362922668457
40 2.277470827102661
41 3.0772929191589355
42 4.594858169555664
43 2.6883413791656494
44 2.485391139984131
45 3.8595874309539795
46 3.7338662147521973
47 4.546489238739014
48 5.081808090209961
49 4.335596561431885
50 4.082858085632324
51 3.3317344188690186
52 2.994971752166748
53 3.6765079498291016
54 3.082275152206421
55 0.8671666383743286
56 1.2078410387039185
57 3.381877899169922
58 1.9077136516571045
59 3.0671865940093994
60 4.048953056335449
61 2.564798593521118
62 2.5557193756103516
63 4.542494773864746
64 2.9242711067199707
65 2.936302900314331
66 1.4649856090545654
67 2.5233399868011475
68 3.59732723236084
69 1.4140560626983643
70 2.232750654220581
71 4.2500386238098145
72 3.2815418243408203
73 5.8385443687438965
74 2.463186025619507
75 1.942467451095581
76 3.107466220855713
77 3.250427484512329
78 2.087043046951294
79 1.995204210281372
80 1.5520522594451904
81 1.7143831253051758
82 3.322779655456543
83 2.4569902420043945
84 2.072726249694824
85 1.0216983556747437
86 2.9216134548187256
87 1.7176817655563354
88 3.348457098007202
89 3.7004292011260986
90 4.462140083312988
91 2.9279468059539795
92 3.0659515857696533
93 3.042287826538086
94 2.531463623046875
95 3.1195085048675537
96 2.924420118331909
97 1.358829140663147
98 2.291293144226074
99 1.5694118738174438
100 1.9065899848937988
101 2.8639578819274902
102 1.0044466257095337
103 1.3450675010681152
104 1.267133116722107
105 2.724296808242798
106 1.2229703664779663
107 2.978928565979004
108 4.282993316650391
109 2.551894426345825
110 1.9359420537948608
111 1.5064122676849365
112 1.8504091501235962
113 2.279156446456909
114 1.5281299352645874
115 2.4450440406799316
116 1.2112903594970703
117 2.612980604171753
118 1.547268271446228
119 1.0319108963012695
120 1.1563786268234253
121 0.5464279651641846
122 1.5692634582519531
123 2.850079298019409
124 2.6287384033203125
125 2.3283843994140625
126 2.581818103790283
127 2.616582155227661
128 2.144611120223999
129 1.0412062406539917
130 1.9384421110153198
131 1.178327202796936
132 1.394691824913025
133 2.324129581451416
134 2.0215518474578857
135 1.9247995615005493
136 1.1596808433532715
137 1.6429203748703003
138 1.618566870689392
139 2.387852907180786
140 2.0330848693847656
141 1.8271996974945068
142 4.3169403076171875
143 2.897357940673828
144 1.5306235551834106
145 1.0151400566101074
146 1.7418233156204224
147 2.1337428092956543
148 2.5465378761291504
149 1.538508653640747
150 1.8723739385604858
151 2.4323136806488037
152 2.7935705184936523
153 0.9787483811378479
154 2.3671958446502686
155 3.948275089263916
156 3.2066099643707275
157 1.1341832876205444
158 1.4865244626998901
159 1.3810237646102905
160 1.4772883653640747
161 2.2587814331054688
162 2.513662815093994
163 2.131793260574341
164 1.7874836921691895
165 1.161090612411499
166 1.2174865007400513
167 1.050807237625122
168 2.30417537689209
169 2.724606990814209
170 1.9807122945785522
171 1.2717398405075073
172 1.198922038078308
173 1.6547472476959229
174 1.5992467403411865
175 1.1737438440322876
176 0.7692801356315613
177 1.0366103649139404
178 0.9395937323570251
179 2.569577932357788
180 2.1534788608551025
181 1.7079918384552002
182 1.916475772857666
183 1.5493956804275513
184 1.5338903665542603
185 1.280989408493042
186 0.6293320655822754
187 2.6949586868286133
188 2.933276414871216
189 1.1938706636428833
190 1.2877610921859741
191 1.205723762512207
192 2.420590877532959
193 2.317986488342285
194 1.178863525390625
195 0.5510697364807129
196 0.6174646019935608
197 1.1228065490722656
198 1.2530628442764282
199 1.6418486833572388
200 2.141765594482422
201 2.407290458679199
202 1.8692610263824463
203 0.9859327077865601
204 1.2969489097595215
205 0.6162388920783997
206 1.5830150842666626
207 2.1284918785095215
208 1.1194878816604614
209 0.9506270289421082
210 0.9618556499481201
211 1.4904000759124756
212 1.3256596326828003
213 2.0177998542785645
214 1.9313253164291382
215 1.1617733240127563
216 0.805171549320221
217 2.3887555599212646
218 0.8971679210662842
219 1.0993046760559082
220 0.9051862359046936
221 0.33134058117866516
222 0.7521835565567017
223 1.0521376132965088
224 0.724571168422699
225 0.7784631252288818
226 0.7396869659423828
227 1.2072452306747437
228 1.3456474542617798
229 1.0539371967315674
230 0.8356524705886841
231 0.35851621627807617
232 0.8040491342544556
233 1.4346272945404053
234 1.3826684951782227
235 1.870051622390747
236 1.312422513961792
237 2.247771978378296
238 1.0402297973632812
239 0.9798091053962708
240 0.8738102912902832
241 0.534594714641571
242 0.9768612384796143
243 0.4636261463165283
244 1.86564302444458
245 0.7906264066696167
246 0.75281822681427
247 1.3840562105178833
248 0.9649465680122375
249 1.738485336303711
250 1.5372314453125
251 1.4637227058410645
252 0.6111311316490173
253 1.1915788650512695
254 1.1721035242080688
255 0.7104772329330444
256 0.755396842956543
257 1.557753086090088
258 1.0300544500350952
259 1.3436810970306396
260 1.5059751272201538
261 2.036456346511841
262 1.1297028064727783
263 0.40723916888237
264 0.4447859823703766
265 0.758418619632721
266 0.7257200479507446
267 0.7721706628799438
268 0.5684154033660889
269 0.7027409076690674
270 1.295637607574463
271 0.7181674838066101
272 1.4537956714630127
273 1.4680904150009155
274 1.0805481672286987
275 1.1179405450820923
276 0.8007689714431763
277 1.1825017929077148
278 0.5231097340583801
279 1.0528804063796997
280 1.2585408687591553
281 0.6356627345085144
282 1.3039171695709229
283 0.5605654120445251
284 1.3138396739959717
285 1.117494821548462
286 0.8123710751533508
287 0.6166810989379883
288 1.8073772192001343
289 1.4368460178375244
290 0.6789249181747437
291 1.461014986038208
292 0.7087857127189636
293 0.9696305394172668
294 1.2277542352676392
295 0.6892250776290894
296 1.798567295074463
297 1.0640729665756226
298 0.4007672071456909
299 0.8168289065361023
300 0.7437779307365417
301 0.7720698714256287
302 0.8113256096839905
303 0.9606465101242065
304 2.412376642227173
305 1.2972617149353027
306 0.7806933522224426
307 0.35167932510375977
308 1.1706856489181519
309 0.8446314334869385
310 0.7462856769561768
311 1.7437915802001953
312 0.8597514033317566
313 0.865358829498291
314 1.298247218132019
315 0.457992821931839
316 0.6596536040306091
317 0.7765703201293945
318 0.7966926693916321
319 0.959302544593811
320 0.8485075235366821
321 1.662563443183899
322 1.184292197227478
323 0.5596138834953308
324 1.1003022193908691
325 1.6763464212417603
326 0.8143094778060913
327 0.6326375007629395
328 0.8811059594154358
329 0.773749828338623
330 0.8595059514045715
331 0.8598514795303345
332 0.4001844525337219
333 0.5842058062553406
334 1.102433443069458
335 1.8130539655685425
336 2.0584232807159424
337 1.975954532623291
338 1.5454553365707397
339 1.002083659172058
340 0.784429132938385
341 0.6938610076904297
342 0.733849823474884
343 0.42430201172828674
344 0.5481597185134888
345 0.8356191515922546
346 0.5993766188621521
347 0.4499560296535492
348 0.6293457746505737
349 1.082058310508728
350 0.24622589349746704
351 0.915703535079956
352 0.6774747967720032
353 0.7803536653518677
354 0.9906692504882812
355 0.25936153531074524
356 0.6208765506744385
357 1.41579008102417
358 1.5409411191940308
359 0.7543309330940247
360 0.8222590684890747
361 0.872304379940033
362 0.8766064643859863
363 0.34909820556640625
364 0.5592995882034302
365 0.7838473916053772
366 0.7236877679824829
367 1.456134557723999
368 0.7304190993309021
369 0.7652274370193481
370 0.6372361183166504
371 0.7570667266845703
372 0.9723067879676819
373 0.5276872515678406
374 0.7521334886550903
375 0.8006157875061035
376 0.8831907510757446
377 1.4073182344436646
378 0.6507158279418945
379 0.7134631872177124
380 0.6709598898887634
381 0.4629358947277069
382 0.60295170545578
383 1.0235075950622559
384 1.3319616317749023
385 0.9445278644561768
386 0.6919187903404236
387 0.669889509677887
388 0.6614755392074585
389 0.5793638229370117
390 0.6968206763267517
391 0.7104131579399109
392 0.8710082769393921
393 0.38557928800582886
394 0.9082916975021362
395 1.0503594875335693
396 0.6989306211471558
397 1.397154450416565
398 0.9873291254043579
399 0.1951318085193634
400 0.4061654210090637
401 0.7549263834953308
402 0.321976900100708
403 1.1996521949768066
404 0.7275221943855286
405 0.6916828155517578
406 0.5880499482154846
407 0.6207436323165894
408 0.7991299629211426
409 0.8875162601470947
410 0.6079761981964111
411 1.304049015045166
412 1.073733925819397
413 1.255653738975525
414 1.281205415725708
415 0.616493284702301
416 0.9120819568634033
417 1.0119062662124634
418 0.3514432907104492
419 0.5579107999801636
420 0.797866702079773
421 0.5288162231445312
422 0.6456605195999146
423 0.45748892426490784
424 0.6593276858329773
425 0.5212911367416382
426 0.4853530824184418
427 0.6060084700584412
428 0.6926612257957458
429 0.39246541261672974
430 0.47826087474823
431 0.7613719701766968
432 0.9665954113006592
433 1.193513035774231
434 0.8624346852302551
435 0.9803003072738647
436 0.3099112808704376
437 0.6310765147209167
438 0.36345067620277405
439 0.7711917757987976
440 0.6473828554153442
441 0.47217026352882385
442 0.5148440003395081
443 0.5059714317321777
444 0.4821893274784088
445 0.42101970314979553
446 0.46238598227500916
447 1.0139130353927612
448 0.6171015501022339
449 0.7605031728744507
450 0.5199345350265503
451 0.5022478699684143
452 0.3361665606498718
453 0.4191984236240387
454 0.529577910900116
455 0.7500113844871521
456 0.21193790435791016
457 0.9853039383888245
458 0.39120420813560486
459 0.6764150857925415
460 0.864346981048584
461 0.3306519687175751
462 0.6167573928833008
463 0.4914279878139496
464 0.6452783942222595
465 0.6753291487693787
466 0.6580941081047058
467 0.49510079622268677
468 0.6332555413246155
469 0.7303484678268433
470 0.3163502514362335
471 0.2582274079322815
472 0.4844779074192047
473 0.6966801881790161
474 0.5801281929016113
475 0.5921134352684021
476 0.46627357602119446
477 0.5152561664581299
478 0.44360318779945374
479 0.6043993830680847
480 0.3941037356853485
481 0.4839201867580414
482 0.9262874722480774
483 1.381152868270874
484 1.036052942276001
485 1.254987120628357
486 0.9998014569282532
487 0.5079159736633301
488 0.713271975517273
489 0.3578822612762451
490 0.3321339190006256
491 0.2455260008573532
492 0.27125608921051025
493 0.1357240527868271
494 0.30889636278152466
495 0.297239750623703
496 0.3012273609638214
497 0.5664789080619812
498 0.8371174931526184
499 0.4416755437850952
500 0.34308651089668274
501 0.8666946887969971
502 0.5228917598724365
503 0.3159703314304352
504 0.5562759041786194
505 0.474815309047699
506 0.6181867718696594
507 0.6397380828857422
508 0.7009187340736389
509 0.4449794292449951
510 0.3859633803367615
511 0.5486665964126587
512 0.7120444774627686
513 0.9113948941230774
514 0.7025313377380371
515 0.41964805126190186
516 0.37286925315856934
517 0.664964497089386
518 0.7533851861953735
519 0.7216221690177917
520 0.9076215624809265
521 0.7161520719528198
522 0.4723614752292633
523 0.9044114351272583
524 0.5600623488426208
525 0.26675665378570557
526 0.5607550144195557
527 0.663318395614624
528 0.37349554896354675
529 0.3372696042060852
530 0.2799335718154907
531 0.2769474983215332
532 0.5910818576812744
533 0.9793824553489685
534 0.4218202829360962
535 0.2780737578868866
536 0.258526086807251
537 0.2898242473602295
538 0.3833562433719635
539 0.2744329273700714
540 0.36021846532821655
541 0.31767284870147705
542 0.4187711775302887
543 0.41361939907073975
544 0.37483397126197815
545 0.4792872667312622
546 0.8902750611305237
547 0.7398563027381897
548 0.29344916343688965
549 0.3016802966594696
550 0.3824380338191986
551 0.20261138677597046
552 0.3970620632171631
553 0.2819865345954895
554 0.31086137890815735
555 0.35368070006370544
556 0.3979964256286621
557 0.31994959712028503
558 0.2596648335456848
559 0.36152786016464233
560 0.1765146106481552
561 0.4424058198928833
562 0.3303500711917877
563 0.5726732015609741
564 0.4040708541870117
565 0.19857002794742584
566 0.24288500845432281
567 0.2827272415161133
568 0.29189568758010864
569 0.5103208422660828
570 0.36366721987724304
571 0.3790203630924225
572 0.7525241374969482
573 0.2613907754421234
574 0.5460926294326782
575 0.24379242956638336
576 0.4380834698677063
577 0.3806009888648987
578 0.2736068665981293
579 0.34719526767730713
580 0.4815855622291565
581 0.6512073278427124
582 0.4009964168071747
583 0.4812190532684326
584 0.40691420435905457
585 0.3363114297389984
586 0.3501768112182617
587 0.2834402620792389
588 0.5597063302993774
589 0.3609371781349182
590 0.6759739518165588
591 0.6439682245254517
592 0.5868204832077026
593 0.30724242329597473
594 0.3802499771118164
595 0.38831785321235657
596 0.35960227251052856
597 0.3678905963897705
598 0.3289550840854645
599 0.4959324598312378
600 0.6096487045288086
601 0.6021146178245544
602 0.4344572424888611
603 0.6299077868461609
604 0.43708887696266174
605 0.37525659799575806
606 0.11771350353956223
607 0.3777323365211487
608 0.5587074756622314
609 0.3971865773200989
610 0.351284921169281
611 0.6760575771331787
612 0.5369271039962769
613 0.8449614644050598
614 0.8463423252105713
615 0.60096275806427
616 0.39830803871154785
617 0.4133700132369995
618 0.31224578619003296
619 0.36920222640037537
620 0.26821815967559814
621 0.21745595335960388
622 0.42446938157081604
623 0.4749724268913269
624 0.4281010329723358
625 0.4007726311683655
626 0.3782932758331299
627 0.15496529638767242
628 0.3507508635520935
629 0.28528261184692383
630 0.2405436784029007
631 0.48194268345832825
632 0.2112208753824234
633 0.3082791566848755
634 0.32980382442474365
635 0.24551302194595337
636 0.3308292627334595
637 0.40464791655540466
638 0.4030541181564331
639 0.5242946147918701
640 0.28626057505607605
641 0.4428952634334564
642 0.5198850035667419
643 0.21872833371162415
644 0.3980630934238434
645 0.5421514511108398
646 0.2938874661922455
647 0.30666202306747437
648 0.538440465927124
649 0.4253014922142029
650 0.21323931217193604
651 0.12193497270345688
652 0.14729180932044983
653 0.17394216358661652
654 0.2845303416252136
655 0.26373744010925293
656 0.12852470576763153
657 0.32617226243019104
658 0.29869598150253296
659 0.35867342352867126
660 0.2673743665218353
661 0.7378437519073486
662 0.4180847704410553
663 0.2164619266986847
664 0.3292965888977051
665 0.4126838147640228
666 0.2971813678741455
667 0.18424326181411743
668 0.2519572973251343
669 0.23390139639377594
670 0.4327138662338257
671 0.4278743863105774
672 0.3447001576423645
673 0.1897844523191452
674 0.3349228501319885
675 0.2765372693538666
676 0.301153302192688
677 0.39551645517349243
678 0.181878924369812
679 0.22670821845531464
680 0.35649242997169495
681 0.5439709424972534
682 0.22674109041690826
683 0.18526828289031982
684 0.1797008216381073
685 0.350032240152359
686 0.3538725972175598
687 0.410508394241333
688 0.11911668628454208
689 0.3841421902179718
690 0.3250778317451477
691 0.2738398015499115
692 0.178363636136055
693 0.2877199947834015
694 0.37101560831069946
695 0.2480182945728302
696 0.2318708449602127
697 0.3054085373878479
698 0.27521902322769165
699 0.31476056575775146
700 0.26531508564949036
701 0.3209089934825897
702 0.2132871299982071
703 0.21403171122074127
704 0.370314359664917
705 0.2698408365249634
706 0.42648622393608093
707 0.5116207599639893
708 0.22823326289653778
709 0.32585474848747253
710 0.24998323619365692
711 0.250177264213562
712 0.2077786773443222
713 0.16269735991954803
714 0.35054323077201843
715 0.2752607464790344
716 0.2077419012784958
717 0.5051794648170471
718 0.35613521933555603
719 0.35116520524024963
720 0.3812977075576782
721 0.2122267335653305
722 0.2680990993976593
723 0.2701267898082733
724 0.3554893732070923
725 0.20215554535388947
726 0.2441587597131729
727 0.2027740478515625
728 0.177493616938591
729 0.15519163012504578
730 0.2174232453107834
731 0.293404221534729
732 0.4641039967536926
733 0.3009982705116272
734 0.3306441009044647
735 0.2608783543109894
736 0.29477810859680176
737 0.2277190238237381
738 0.3230282664299011
739 0.10726539045572281
740 0.1481102555990219
741 0.3207203447818756
742 0.17366275191307068
743 0.2670304775238037
744 0.17144259810447693
745 0.15433980524539948
746 0.29811525344848633
747 0.3813551962375641
748 0.29247796535491943
749 0.22431334853172302
750 0.26355037093162537
751 0.2848241627216339
752 0.32843413949012756
753 0.1965917944908142
754 0.2866377532482147
755 0.13790258765220642
756 0.12186560034751892
757 0.2700574994087219
758 0.4053599536418915
759 0.3659266531467438
760 0.34640762209892273
761 0.20522956550121307
762 0.23784905672073364
763 0.21855518221855164
764 0.14199002087116241
765 0.25916382670402527
766 0.1222919225692749
767 0.192747563123703
768 0.24474312365055084
769 0.3575941026210785
770 0.22340641915798187
771 0.24534043669700623
772 0.2122746706008911
773 0.31147950887680054
774 0.19496190547943115
775 0.18694281578063965
776 0.12460078299045563
777 0.14248141646385193
778 0.13164734840393066
779 0.26513373851776123
780 0.3002326786518097
781 0.2864779829978943
782 0.3935982584953308
783 0.22325056791305542
784 0.2377648502588272
785 0.156545490026474
786 0.1744113713502884
787 0.2887991964817047
788 0.2818741202354431
789 0.16160239279270172
790 0.1843404471874237
791 0.17131787538528442
792 0.17359521985054016
793 0.20820322632789612
794 0.09535527229309082
795 0.12726934254169464
796 0.22024336457252502
797 0.2493053823709488
798 0.21339894831180573
799 0.1537315845489502
800 0.15119712054729462
801 0.11699699610471725
802 0.10696151107549667
803 0.12952910363674164
804 0.22687359154224396
805 0.13763919472694397
806 0.1265610158443451
807 0.18447183072566986
808 0.13643567264080048
809 0.18208034336566925
810 0.1588078886270523
811 0.13882704079151154
812 0.2555454969406128
813 0.1890246570110321
814 0.2053382843732834
815 0.14795714616775513
816 0.2634272575378418
817 0.23183846473693848
818 0.2594151794910431
819 0.20359045267105103
820 0.09388155490159988
821 0.22437793016433716
822 0.2653449773788452
823 0.20757956802845
824 0.21017682552337646
825 0.22799642384052277
826 0.17286455631256104
827 0.1851218193769455
828 0.19593730568885803
829 0.1249048113822937
830 0.09004942327737808
831 0.3404572010040283
832 0.3372582197189331
833 0.23677368462085724
834 0.11605260521173477
835 0.11884821206331253
836 0.1752249151468277
837 0.170298770070076
838 0.2507936954498291
839 0.1789749264717102
840 0.15686215460300446
841 0.3924882709980011
842 0.22668667137622833
843 0.25815239548683167
844 0.23366443812847137
845 0.24935775995254517
846 0.21390433609485626
847 0.172246515750885
848 0.12183153629302979
849 0.12345588207244873
850 0.23492252826690674
851 0.1129351481795311
852 0.1850210726261139
853 0.1442769169807434
854 0.21761082112789154
855 0.1996793895959854
856 0.14437007904052734
857 0.17319731414318085
858 0.10626900941133499
859 0.1406855285167694
860 0.20201073586940765
861 0.24808308482170105
862 0.09196943789720535
863 0.1338704377412796
864 0.15350355207920074
865 0.2757950723171234
866 0.19421567022800446
867 0.16820859909057617
868 0.11922566592693329
869 0.11927533149719238
870 0.15405668318271637
871 0.17594844102859497
872 0.18192058801651
873 0.1901015043258667
874 0.1253816783428192
875 0.13417577743530273
876 0.11279342323541641
877 0.1406393051147461
878 0.18622303009033203
879 0.175812765955925
880 0.12207552790641785
881 0.20916689932346344
882 0.1484449952840805
883 0.12338844686746597
884 0.08174312859773636
885 0.11233685910701752
886 0.24887870252132416
887 0.24085932970046997
888 0.11723735928535461
889 0.12661807239055634
890 0.1538078784942627
891 0.12080173939466476
892 0.22963322699069977
893 0.16109243035316467
894 0.19559307396411896
895 0.12204720824956894
896 0.14574013650417328
897 0.14256258308887482
898 0.18427708745002747
899 0.1211804524064064
900 0.07048696279525757
901 0.06378819048404694
902 0.14951559901237488
903 0.22901584208011627
904 0.21175682544708252
905 0.1799374371767044
906 0.139221653342247
907 0.10389891266822815
908 0.12653154134750366
909 0.13681775331497192
910 0.14001208543777466
911 0.20214365422725677
912 0.11329767107963562
913 0.19033809006214142
914 0.16134801506996155
915 0.22403448820114136
916 0.21537324786186218
917 0.15305836498737335
918 0.13427522778511047
919 0.10006272047758102
920 0.09757791459560394
921 0.11493854969739914
922 0.13684415817260742
923 0.191323921084404
924 0.3303060829639435
925 0.24894432723522186
926 0.1808861941099167
927 0.09957147389650345
928 0.11176282167434692
929 0.11920575797557831
930 0.10010392963886261
931 0.11744552850723267
932 0.12013871222734451
933 0.17552629113197327
934 0.164631187915802
935 0.15044762194156647
936 0.09015575796365738
937 0.13663385808467865
938 0.1588314175605774
939 0.1625671237707138
940 0.09722008556127548
941 0.11127926409244537
942 0.09147611260414124
943 0.12256129831075668
944 0.1710466742515564
945 0.11889545619487762
946 0.20311354100704193
947 0.14692778885364532
948 0.19866730272769928
949 0.13960537314414978
950 0.17487987875938416
951 0.1631612777709961
952 0.08229266852140427
953 0.16577354073524475
954 0.14783963561058044
955 0.1704600602388382
956 0.08002045005559921
957 0.19908109307289124
958 0.11270475387573242
959 0.24696442484855652
960 0.16322362422943115
961 0.08811302483081818
962 0.16450297832489014
963 0.09165060520172119
964 0.1643960028886795
965 0.158188596367836
966 0.1357656866312027
967 0.171334370970726
968 0.11261666566133499
969 0.08830016851425171
970 0.08305595815181732
971 0.10520949959754944
972 0.11185670644044876
973 0.09573232382535934
974 0.18382084369659424
975 0.17577439546585083
976 0.22616375982761383
977 0.08703698217868805
978 0.19427871704101562
979 0.1293352097272873
980 0.1254424750804901
981 0.1431710124015808
982 0.22903674840927124
983 0.1483117789030075
984 0.10826365649700165
985 0.1758778989315033
986 0.21568378806114197
987 0.2049773633480072
988 0.14522267878055573
989 0.1458604484796524
990 0.1626436561346054
991 0.14765021204948425
992 0.21167416870594025
993 0.09840062260627747
994 0.09867366403341293
995 0.11266837269067764
996 0.09663502126932144
997 0.06304015219211578
998 0.24316014349460602
999 0.151154562830925
