0 0.08340173959732056
1 0.037009503692388535
2 0.0420476533472538
3 0.020640229806303978
4 0.018077027052640915
5 0.012139703147113323
6 0.04569133743643761
7 0.03972424939274788
8 0.04166959971189499
9 0.04850141331553459
10 0.012051764875650406
11 0.03219151869416237
12 0.01564006693661213
13 0.024172144010663033
14 0.021945174783468246
15 0.06486447155475616
16 0.04730234667658806
17 0.0068919057957828045
18 0.023445140570402145
19 0.018512161448597908
20 0.03941379487514496
21 0.012394862249493599
22 0.04812705144286156
23 0.030565328896045685
24 0.032835859805345535
25 0.03229384869337082
26 0.013137816451489925
27 0.061140310019254684
28 0.02192067727446556
29 0.054034724831581116
30 0.008198239840567112
31 0.0190513227134943
32 0.019531263038516045
33 0.012031842023134232
34 0.01742151752114296
35 0.016413753852248192
36 0.07952005416154861
37 0.05211241543292999
38 0.04460253193974495
39 0.0300302654504776
40 0.0074861678294837475
41 0.0090342340990901
42 0.007694921921938658
43 0.035409118980169296
44 0.06111389771103859
45 0.054079167544841766
46 0.017850184813141823
47 0.06811122596263885
48 0.008326107636094093
49 0.0118337981402874
50 0.015042430721223354
51 0.02310996688902378
52 0.08140374720096588
53 0.015658825635910034
54 0.015635700896382332
55 0.0235824566334486
56 0.006871363613754511
57 0.008290386758744717
58 0.032486721873283386
59 0.028806224465370178
60 0.013281745836138725
61 0.010283040814101696
62 0.010161434300243855
63 0.012297483161091805
64 0.0298567246645689
65 0.06776399165391922
66 0.007235631346702576
67 0.009714527986943722
68 0.03976914659142494
69 0.07319068908691406
70 0.012407445348799229
71 0.03114752285182476
72 0.022415978834033012
73 0.030295168980956078
74 0.040584746748209
75 0.0168369859457016
76 0.010814937762916088
77 0.012315014377236366
78 0.018883133307099342
79 0.027486087754368782
80 0.017803383991122246
81 0.031370993703603745
82 0.06051330268383026
83 0.0480145625770092
84 0.049264706671237946
85 0.015988459810614586
86 0.026587657630443573
87 0.037308331578969955
88 0.046565473079681396
89 0.07133445143699646
90 0.051161739975214005
91 0.023457396775484085
92 0.01928553357720375
93 0.014735584147274494
94 0.03792484104633331
95 0.025123391300439835
96 0.026215968653559685
97 0.004120519384741783
98 0.0032182587310671806
99 0.019000884145498276
100 0.009775644168257713
101 0.011052949354052544
102 0.013135846704244614
103 0.013303475454449654
104 0.008233883418142796
105 0.007325449027121067
106 0.016738727688789368
107 0.009216055274009705
108 0.032370675355196
109 0.029484152793884277
110 0.014229683205485344
111 0.05393720045685768
112 0.008293760940432549
113 0.01660505309700966
114 0.002644236898049712
115 0.011112205684185028
116 0.021465027704834938
117 0.016996119171380997
118 0.02611541375517845
119 0.009164116345345974
120 0.02942376583814621
121 0.008660828694701195
122 0.01559402048587799
123 0.014777205884456635
124 0.0242808498442173
125 0.009108055382966995
126 0.011602717451751232
127 0.017007455229759216
128 0.02668692171573639
129 0.013189098797738552
130 0.024250026792287827
131 0.012126799672842026
132 0.05769124627113342
133 0.005246146582067013
134 0.00704713212326169
135 0.002926241373643279
136 0.007027213461697102
137 0.011152932420372963
138 0.0074250162579119205
139 0.014688299968838692
140 0.010174291208386421
141 0.02020232379436493
142 0.007675266824662685
143 0.007019380107522011
144 0.01331071462482214
145 0.012810662388801575
146 0.0022873920388519764
147 0.018048014491796494
148 0.006507880985736847
149 0.013455635868012905
150 0.02994801662862301
151 0.03282849118113518
152 0.01533813402056694
153 0.0056252009235322475
154 0.006360161118209362
155 0.01314279343932867
156 0.012573247775435448
157 0.005309259984642267
158 0.03741993382573128
159 0.008622628636658192
160 0.01154294516891241
161 0.01092588622123003
162 0.0038380983751267195
163 0.030380094423890114
164 0.006438957992941141
165 0.011152422055602074
166 0.00753154419362545
167 0.01806999370455742
168 0.002242308808490634
169 0.01939261145889759
170 0.01272369734942913
171 0.006062330678105354
172 0.004745203536003828
173 0.005247365217655897
174 0.012457749806344509
175 0.007559773046523333
176 0.014029132202267647
177 0.010167563334107399
178 0.017138171941041946
179 0.016429074108600616
180 0.036026038229465485
181 0.01097295805811882
182 0.004485513083636761
183 0.020461926236748695
184 0.028760360553860664
185 0.013831057585775852
186 0.007420423440635204
187 0.0035103082191199064
188 0.008927162736654282
189 0.0356062650680542
190 0.013613147661089897
191 0.02906135842204094
192 0.002162565942853689
193 0.0030847936868667603
194 0.006402936764061451
195 0.0031731987837702036
196 0.007691866718232632
197 0.009363645687699318
198 0.008040920831263065
199 0.003971914295107126
200 0.042044855654239655
201 0.011247281916439533
202 0.018037322908639908
203 0.01821470633149147
204 0.03443688154220581
205 0.012455953285098076
206 0.018552668392658234
207 0.006813344545662403
208 0.01348727848380804
209 0.008724345825612545
210 0.009090090170502663
211 0.017927302047610283
212 0.011224432848393917
213 0.006709931418299675
214 0.017554037272930145
215 0.008082970976829529
216 0.003407895565032959
217 0.002645333530381322
218 0.026543090119957924
219 0.009531598538160324
220 0.016003482043743134
221 0.004258192144334316
222 0.008954987861216068
223 0.02085101418197155
224 0.011889449320733547
225 0.004747714847326279
226 0.010652396827936172
227 0.009977137669920921
228 0.001090197591111064
229 0.004790068604052067
230 0.002680966630578041
231 0.003063692944124341
232 0.00645447988063097
233 0.004343733657151461
234 0.0026427896227687597
235 0.0013432750711217523
236 0.006462479010224342
237 0.03130701184272766
238 0.030575236305594444
239 0.00791439414024353
240 0.012618101201951504
241 0.005530376918613911
242 0.009249928407371044
243 0.002083688275888562
244 0.008886720053851604
245 0.003492416348308325
246 0.015184001997113228
247 0.021384235471487045
248 0.0016644318820908666
249 0.004569066222757101
250 0.017014166340231895
251 0.003050793195143342
252 0.012791148386895657
253 0.0036077466793358326
254 0.019610129296779633
255 0.00978938303887844
256 0.008366186171770096
257 0.0036290164571255445
258 0.02745920419692993
259 0.00934579037129879
260 0.01166579406708479
261 0.005495049525052309
262 0.00454521831125021
263 0.02363010123372078
264 0.01362838689237833
265 0.01865464448928833
266 0.010447465814650059
267 0.0035528240259736776
268 0.009971393272280693
269 0.007317011244595051
270 0.0061254906468093395
271 0.014086566865444183
272 0.008822500705718994
273 0.01115335151553154
274 0.003486672416329384
275 0.0171832088381052
276 0.019226009026169777
277 0.024505114182829857
278 0.012915626168251038
279 0.02333017811179161
280 0.01180957444012165
281 0.012038853950798512
282 0.005056027323007584
283 0.0022742676082998514
284 0.016271302476525307
285 0.0034066077787429094
286 0.005654936656355858
287 0.002022762317210436
288 0.00845029205083847
289 0.003535078838467598
290 0.015468302182853222
291 0.010908777825534344
292 0.004911791533231735
293 0.007830196991562843
294 0.0035466919653117657
295 0.025074699893593788
296 0.004785020370036364
297 0.0046263025142252445
298 0.003054764587432146
299 0.011741654016077518
300 0.004379660356789827
301 0.006346375215798616
302 0.012767935171723366
303 0.0018201053608208895
304 0.008434287272393703
305 0.01668114773929119
306 0.0036276564933359623
307 0.008104921318590641
308 0.02004094235599041
309 0.02626712992787361
310 0.007415466476231813
311 0.0394652858376503
312 0.006951957941055298
313 0.00787284318357706
314 0.002024568384513259
315 0.004021953791379929
316 0.005339088849723339
317 0.010370978154242039
318 0.008848988451063633
319 0.01146487146615982
320 0.0034610710572451353
321 0.007913208566606045
322 0.019554322585463524
323 0.0024160495959222317
324 0.01145179197192192
325 0.012456857599318027
326 0.00019960947975050658
327 0.018325233832001686
328 0.005645629949867725
329 0.014380878768861294
330 0.004931747447699308
331 0.0014792963629588485
332 0.003402678295969963
333 0.012224695645272732
334 0.02407316118478775
335 0.011136360466480255
336 0.006511348765343428
337 0.016880057752132416
338 0.0060579050332307816
339 0.011775679886341095
340 0.005518327932804823
341 0.007584310136735439
342 0.005448071286082268
343 0.013468385674059391
344 0.007778844330459833
345 0.006960778497159481
346 0.015761610120534897
347 0.011577540077269077
348 0.0013952306471765041
349 0.0020324743818491697
350 0.004031755030155182
351 0.008588633500039577
352 0.004839619155973196
353 0.005355373024940491
354 0.012601894326508045
355 0.0062672835774719715
356 0.0032592967618256807
357 0.005442640744149685
358 0.005844250321388245
359 0.006814660504460335
360 0.0045827836729586124
361 0.002706171479076147
362 0.006122665945440531
363 0.002168909879401326
364 0.022129693999886513
365 0.0046304152347147465
366 0.0044403644278645515
367 0.0024779122322797775
368 0.002945520682260394
369 0.0009147812961600721
370 0.003665539901703596
371 0.0045457142405211926
372 0.009832944720983505
373 0.002570186275988817
374 0.011289553716778755
375 0.002967428183183074
376 0.006676357705146074
377 0.0026821261271834373
378 0.009886031039059162
379 0.009724399074912071
380 0.004955651238560677
381 0.007664144970476627
382 0.0054709832184016705
383 0.008894003927707672
384 0.0024198994506150484
385 0.009776176884770393
386 0.003702796995639801
387 0.0010419959435239434
388 0.006501594092696905
389 0.0065294536761939526
390 0.006151100620627403
391 0.003152337856590748
392 0.0029777688905596733
393 0.0014189683133736253
394 0.0036603303160518408
395 0.0035809373948723078
396 0.008612498641014099
397 0.002560043940320611
398 0.004925807472318411
399 0.005563798360526562
400 0.02290240116417408
401 0.0025439667515456676
402 0.004716092720627785
403 0.002947191009297967
404 0.004798638168722391
405 0.007023427169770002
406 0.007710082456469536
407 0.0027481792494654655
408 0.00688319094479084
409 0.007224079221487045
410 0.004076583776623011
411 0.0009228112758137286
412 0.002105994615703821
413 0.003653724677860737
414 0.0060470933094620705
415 0.002213177504017949
416 0.00630098395049572
417 0.013758678920567036
418 0.001296837581321597
419 0.0012391817290335894
420 0.018945099785923958
421 0.0027223005890846252
422 0.0017368985572829843
423 0.002922018291428685
424 0.0054097590036690235
425 0.006515028420835733
426 0.014965437352657318
427 0.0037883270997554064
428 0.018415644764900208
429 0.0038656864780932665
430 0.002233009086921811
431 0.0033181975595653057
432 0.002819511340931058
433 0.0028563407249748707
434 0.003193687414750457
435 0.004916147794574499
436 0.003140876768156886
437 0.001962563954293728
438 0.005682862363755703
439 0.004909781739115715
440 0.0035822326317429543
441 0.001980107044801116
442 0.0015796436928212643
443 0.0034214055631309748
444 0.0031240489333868027
445 0.0011439807713031769
446 0.00691080279648304
447 0.001972756115719676
448 0.005295466631650925
449 0.008026691153645515
450 0.005249822977930307
451 0.005536704324185848
452 0.007078107446432114
453 0.0006358596147038043
454 0.004056539852172136
455 0.0066164592280983925
456 0.003748756367713213
457 0.003228340530768037
458 0.004384147003293037
459 0.0031441915780305862
460 0.009500227868556976
461 0.0017743129283189774
462 0.0056497748009860516
463 0.004701009951531887
464 0.009665297344326973
465 0.003058587433770299
466 0.006831783801317215
467 0.004277320113033056
468 0.0031482388731092215
469 0.00164060911629349
470 0.0009852234506979585
471 0.007002067286521196
472 7.098085916368291e-05
473 0.002073859330266714
474 0.0007043286459520459
475 0.0038346615619957447
476 0.0016232613706961274
477 0.002205086871981621
478 0.0019058362813666463
479 0.004446476697921753
480 0.0022258663084357977
481 0.0034295900259166956
482 0.003887696424499154
483 0.003353995969519019
484 0.002391054527834058
485 0.004344823770225048
486 0.0061602224595844746
487 0.0022367280907928944
488 0.001201702980324626
489 0.0003102140035480261
490 0.006562450435012579
491 0.001968697877600789
492 0.0006042808527126908
493 0.0010553564643487334
494 0.002306723967194557
495 0.002414937596768141
496 0.0033206958323717117
497 0.003022001590579748
498 0.003863358637318015
499 0.0074120210483670235
500 0.007222830783575773
501 0.000638904282823205
502 0.0024922082666307688
503 0.012040575034916401
504 0.004169682506471872
505 0.0023206721525639296
506 0.0028513353317976
507 0.00825776718556881
508 0.00445223692804575
509 0.0031973333097994328
510 0.001982244662940502
511 0.004188036546111107
512 0.0004345279885455966
513 0.007626775186508894
514 0.0036518434062600136
515 0.0037237396463751793
516 0.0023526176810264587
517 0.003066370962187648
518 0.0015241646906360984
519 0.0007614874048158526
520 0.001779218902811408
521 0.001333636580966413
522 0.0037706326693296432
523 0.006583101581782103
524 0.0034822942689061165
525 0.0012717964127659798
526 0.002375905169174075
527 0.004109840840101242
528 0.004161878954619169
529 0.001585879479534924
530 0.0012878075940534472
531 0.005448930896818638
532 0.001139411935582757
533 0.002779550151899457
534 0.003796726930886507
535 0.0024656227324157953
536 0.0001788234949344769
537 0.0006766240112483501
538 0.010001090355217457
539 0.00018817768432199955
540 0.0011993332300335169
541 0.003354085609316826
542 0.005025431048125029
543 0.0010936296312138438
544 0.0005638304864987731
545 0.002461513737216592
546 0.0023435100447386503
547 0.0021830638870596886
548 0.00032849854324012995
549 0.0005089275655336678
550 0.0020376862958073616
551 0.004758902359753847
552 0.0013254535151645541
553 0.0006229656282812357
554 0.004873895086348057
555 0.0008328885305672884
556 0.004268805030733347
557 0.0030095516704022884
558 0.01141717191785574
559 0.001024872763082385
560 0.0003675249172374606
561 0.0008914852514863014
562 0.0005901085096411407
563 0.0011646219063550234
564 0.004450848326086998
565 0.004275328014045954
566 0.0028721068520098925
567 0.002665325067937374
568 0.0018728604773059487
569 0.0014367648400366306
570 0.0017088742461055517
571 0.0028232368640601635
572 0.009818500839173794
573 0.0013128368882462382
574 0.004618598148226738
575 0.001029442297294736
576 0.006661670748144388
577 0.012186255306005478
578 0.004837043583393097
579 0.0007647787570022047
580 0.011846859939396381
581 0.011815438978374004
582 0.0011088645551353693
583 0.002089759334921837
584 0.00462499400600791
585 0.004787762649357319
586 0.00012015626998618245
587 0.0020815746393054724
588 0.002722448203712702
589 0.00959756225347519
590 0.0017524402355775237
591 0.0028236655052751303
592 0.0008187266648747027
593 0.002295662881806493
594 0.001395074068568647
595 0.0008388991700485349
596 0.0009804643923416734
597 0.002864171052351594
598 0.001288496539928019
599 0.004291050136089325
600 0.0009475425467826426
601 0.00832679308950901
602 0.002580981934443116
603 0.00020272152323741466
604 0.0012651486322283745
605 0.0009197650942951441
606 0.00048328074626624584
607 0.0009325635619461536
608 0.002799012465402484
609 0.008797193877398968
610 0.004746294114738703
611 0.0005490189651027322
612 0.003109424374997616
613 0.009250580333173275
614 0.009787227027118206
615 0.0003420285356696695
616 0.002750393468886614
617 0.0018119544256478548
618 0.0013800577726215124
619 0.005232378840446472
620 0.008741455152630806
621 0.0023515583015978336
622 0.0025602972600609064
623 0.004894329234957695
624 0.01102280430495739
625 0.004863301292061806
626 0.007114364765584469
627 0.0023059409577399492
628 0.0030544931069016457
629 0.00047573071788065135
630 0.00047993144835345447
631 0.0004142347606830299
632 0.005775975529104471
633 0.0029832525178790092
634 0.0013955412432551384
635 0.00193794968072325
636 0.0013987465063109994
637 0.002097304444760084
638 0.0012423598673194647
639 0.010686908848583698
640 0.0002773512387648225
641 0.0015802031848579645
642 0.0007786042988300323
643 0.001704070484265685
644 0.006045760121196508
645 0.0015954270493239164
646 0.0010813609696924686
647 0.0025862380862236023
648 0.0017551271012052894
649 0.0021862511057406664
650 0.011679727584123611
651 0.0023404795210808516
652 0.0012658393243327737
653 0.0004723549645859748
654 0.004213227890431881
655 0.003935387823730707
656 0.0006484485929831862
657 0.001727071008644998
658 0.006097603589296341
659 0.0010598384542390704
660 0.0002223480405518785
661 0.002174810040742159
662 0.0036557847633957863
663 0.0005379303474910557
664 0.00015150319086387753
665 0.0031439701560884714
666 0.0007253587245941162
667 0.0036374619230628014
668 0.0004892490105703473
669 0.0021035028621554375
670 0.0007233768701553345
671 0.0035872759763151407
672 0.00039140775334089994
673 0.0005329743726179004
674 0.001223458442837
675 0.00036592481774277985
676 0.007723034359514713
677 0.005423072259873152
678 0.0004585560818668455
679 0.003559295553714037
680 0.002862659515812993
681 0.0045632305555045605
682 0.0013598069781437516
683 0.0011509046889841557
684 0.004018785897642374
685 0.0016726150643080473
686 0.004710309207439423
687 0.0013054537121206522
688 0.004620176274329424
689 0.0012044261675328016
690 0.0013589415466412902
691 0.002056084107607603
692 0.0024599796161055565
693 0.00015451962826773524
694 0.0011028496082872152
695 0.0027430655900388956
696 0.005282735917717218
697 0.0026965904980897903
698 0.002356411889195442
699 0.0008267927914857864
700 0.0008942586719058454
701 0.0010085535468533635
702 0.0011917550582438707
703 0.0030702874064445496
704 0.0002692900307010859
705 0.0009498391882516444
706 0.0020712697878479958
707 0.002486909506842494
708 0.0003325861762277782
709 0.007887098006904125
710 0.000627113098744303
711 0.0011539241531863809
712 0.00017865313566289842
713 0.003047164063900709
714 0.0035904617980122566
715 0.0018377936212345958
716 0.005360082723200321
717 0.005429485812783241
718 0.003682014299556613
719 0.010997732169926167
720 0.0003020992735400796
721 0.002856526058167219
722 0.0011829989962279797
723 0.00034252979094162583
724 0.0005357380723580718
725 0.011853302828967571
726 0.0004511753795668483
727 0.00026130161131732166
728 0.0011737605091184378
729 0.003883371129631996
730 0.00038825752562843263
731 0.00170000153593719
732 0.007943276315927505
733 0.0007066582329571247
734 0.001047101803123951
735 0.00035140023101121187
736 0.0005186180933378637
737 0.0012951572425663471
738 0.00025606428971514106
739 0.0027052010409533978
740 0.0004280096909496933
741 0.00016314629465341568
742 0.0053072101436555386
743 0.0011990109924227
744 0.008199291303753853
745 0.0002541708527132869
746 0.00046417349949479103
747 0.00011145832104375586
748 0.002230459125712514
749 0.0022896481677889824
750 0.0019448248203843832
751 0.002063518390059471
752 0.005795482080429792
753 0.0012567909434437752
754 0.0004199061659164727
755 0.0027919781859964132
756 0.0006397157558239996
757 0.0007381164468824863
758 0.0021683822851628065
759 0.002325556008145213
760 0.005271533504128456
761 0.00029569456819444895
762 0.0015719225630164146
763 0.0004260704154148698
764 0.0012240399373695254
765 0.0007185543072409928
766 0.0022946686949580908
767 0.0054329391568899155
768 0.0033458222169429064
769 0.005499371327459812
770 0.0017537317471578717
771 0.00039512247894890606
772 0.0008624808397144079
773 0.0010426893131807446
774 0.0009821377461776137
775 0.00026698506553657353
776 0.0013072395231574774
777 0.0012268247082829475
778 0.0034909220412373543
779 0.00018510509107727557
780 0.00021798508532810956
781 0.0037080536130815744
782 0.0004006615199614316
783 0.0010927253169938922
784 0.0011425971752032638
785 0.0002529594348743558
786 0.0003460944280959666
787 0.0001849709515227005
788 0.0009281633538194001
789 0.0014439566293731332
790 0.004226956050843
791 0.0043858191929757595
792 0.002125489991158247
793 0.0024391249753534794
794 0.00010277929686708376
795 0.0007930081919766963
796 0.0003260587400291115
797 0.0022777749691158533
798 0.0017129963962361217
799 0.0014167043846100569
800 0.0009930466767400503
801 0.0014285288052633405
802 0.00017828925047069788
803 0.0005570909706875682
804 0.0032166000455617905
805 0.0011473632184788585
806 0.00034429418155923486
807 0.0008898141095414758
808 0.008736834861338139
809 0.0016828555380925536
810 0.0012990107061341405
811 0.001294892281293869
812 0.005114448256790638
813 0.0003838903794530779
814 0.0010445256484672427
815 0.0006668367423117161
816 0.0015857047401368618
817 0.0047777555882930756
818 0.001247777254320681
819 0.00063149887137115
820 0.0002117533003911376
821 0.0007858261233195662
822 0.0019043844658881426
823 0.0019136016489937901
824 0.00133657013066113
825 0.0002916563826147467
826 0.0010447343811392784
827 0.0009843592997640371
828 0.00025198858929798007
829 0.0001493624149588868
830 0.0005100158741697669
831 0.0008901502005755901
832 0.003222442464902997
833 0.000948767876252532
834 0.0008063551504164934
835 0.005495212972164154
836 0.000918264442589134
837 0.0011046724393963814
838 0.0035705764312297106
839 0.002528205281123519
840 0.0006335992948152125
841 0.00031968567054718733
842 0.0022439686581492424
843 0.000315026642056182
844 0.0009554647840559483
845 0.0013248862233012915
846 0.0006490685045719147
847 0.0011113903019577265
848 0.000472491723485291
849 0.0027175627183169127
850 0.0013667780440300703
851 0.0015913925599306822
852 0.0018616548040881753
853 7.269449270097539e-05
854 0.0012493361718952656
855 0.0006567491218447685
856 0.0026539021637290716
857 0.0012036440894007683
858 3.8233603845583275e-05
859 0.00026405745302326977
860 0.0005253732088021934
861 0.0022546055261045694
862 0.00042601811583153903
863 0.0004632372874766588
864 0.0015137136215344071
865 0.00026574759976938367
866 0.00014664168702438474
867 0.0006643402739427984
868 0.0021495569963008165
869 0.0009487646748311818
870 0.002787582576274872
871 0.0004931255825795233
872 0.0006871813675388694
873 0.0006120175821706653
874 0.0032392556313425303
875 0.0004625826550181955
876 0.0004927869304083288
877 0.002014214638620615
878 0.0021183458156883717
879 0.00025279485271312296
880 0.0006995947333052754
881 0.00036109393113292754
882 0.001288863131776452
883 0.002538334345445037
884 0.0035990229807794094
885 0.00031628995202481747
886 0.001429348485544324
887 0.0028282057028263807
888 0.0008904123096726835
889 0.0019716741517186165
890 0.0018358229426667094
891 0.0004448092950042337
892 0.0015640022465959191
893 0.0001259094278793782
894 0.0019301759311929345
895 0.00292413798160851
896 0.0031114595476537943
897 0.0030911273788660765
898 0.0009348657331429422
899 0.0021487176418304443
900 0.0005481257103383541
901 0.002312139142304659
902 0.0012741007376462221
903 0.0009550394024699926
904 0.0009563877829350531
905 0.003152980003505945
906 0.0007901991484686732
907 0.0006525105563923717
908 0.0002662702463567257
909 0.0018567306688055396
910 0.0006385763408616185
911 0.003102600108832121
912 0.000548208539839834
913 0.003768216585740447
914 0.0019124139798805118
915 0.0021206531673669815
916 0.0028070516418665648
917 0.0016230675391852856
918 0.0007586672436445951
919 0.0024302941747009754
920 0.00023770313418935984
921 0.00039396979263983667
922 0.00024387046869378537
923 0.0005781170330010355
924 0.0007542407838627696
925 0.0007384553900919855
926 0.004192384425550699
927 0.00011201493180124089
928 0.0013662774581462145
929 0.00064702337840572
930 0.0014538385439664125
931 0.00023580272682011127
932 0.00020442837558221072
933 0.0035859120544046164
934 0.0022263878490775824
935 0.0003965148935094476
936 0.0010478891199454665
937 0.0006849373457953334
938 0.004144361242651939
939 0.0004797089204657823
940 0.002987084910273552
941 0.0014802389778196812
942 0.0002596971462480724
943 0.0020190489012748003
944 0.0017326688393950462
945 0.0018785148859024048
946 0.0006960728205740452
947 0.0008010095334611833
948 0.0009185876697301865
949 0.00019876800070051104
950 0.0007485282840207219
951 0.001500003389082849
952 0.00042960955761373043
953 0.0008838102803565562
954 0.0006650079740211368
955 0.002607189118862152
956 0.0002727251558098942
957 0.0029328060336411
958 0.000264146103290841
959 0.0014488392043858767
960 0.0008375331526622176
961 0.00038909493014216423
962 0.008901881985366344
963 0.0009759336244314909
964 0.00037892116233706474
965 0.0009648269624449313
966 0.005982155445963144
967 0.00025294965598732233
968 0.00044431290007196367
969 0.0006622102810069919
970 0.0033282090444117785
971 0.0029359967447817326
972 0.00034112267894670367
973 0.00045526697067543864
974 0.0003168346011079848
975 0.001381822396069765
976 0.002097929362207651
977 0.0027662422508001328
978 0.0008224016637541354
979 0.0006658381316810846
980 0.00012437091208994389
981 0.002319563878700137
982 0.0023299138993024826
983 0.000955839641392231
984 0.0011617144336923957
985 0.00018557504517957568
986 0.0005402726819738746
987 0.002418074756860733
988 0.0037714845966547728
989 0.003450353629887104
990 0.0012269553262740374
991 0.00030153492116369307
992 0.001455987454392016
993 0.0002153000677935779
994 0.0008064155699685216
995 0.00265756668522954
996 0.0035399168264120817
997 0.00029766728403046727
998 0.0036124263424426317
999 0.000731616048142314
