0 37.60935592651367
1 50.210758209228516
2 15.076437950134277
3 8.534944534301758
4 7.790157794952393
5 9.500096321105957
6 8.094016075134277
7 4.2390828132629395
8 13.015769004821777
9 11.676610946655273
10 6.24200963973999
11 2.5250422954559326
12 4.422108173370361
13 5.72440767288208
14 10.302408218383789
15 9.050830841064453
16 9.992648124694824
17 6.960256576538086
18 11.388206481933594
19 12.072752952575684
20 0.6641197800636292
21 9.814872741699219
22 7.313834190368652
23 7.048668384552002
24 5.19197416305542
25 7.0991530418396
26 5.462522506713867
27 8.057368278503418
28 6.741199970245361
29 5.71138858795166
30 9.124170303344727
31 6.504970073699951
32 1.612498164176941
33 6.697524070739746
34 6.798672199249268
35 5.445326805114746
36 4.935853004455566
37 6.872213840484619
38 5.951022624969482
39 5.207788944244385
40 11.764338493347168
41 8.491350173950195
42 5.303239822387695
43 2.954923629760742
44 10.711359977722168
45 7.820627689361572
46 8.049848556518555
47 5.5841779708862305
48 11.651960372924805
49 3.3845903873443604
50 8.108404159545898
51 2.585014581680298
52 9.619336128234863
53 6.144176006317139
54 2.57098650932312
55 5.193748950958252
56 7.566378116607666
57 3.964160919189453
58 4.893562316894531
59 8.156681060791016
60 9.175970077514648
61 9.723197937011719
62 0.8161309361457825
63 4.809014320373535
64 10.01840877532959
65 5.882656097412109
66 9.297224998474121
67 17.099485397338867
68 2.354365587234497
69 4.004199028015137
70 3.2037155628204346
71 11.05405044555664
72 5.305511951446533
73 8.771652221679688
74 8.224895477294922
75 14.598076820373535
76 5.364114284515381
77 9.607535362243652
78 7.397954940795898
79 5.942204475402832
80 1.536434531211853
81 8.901277542114258
82 9.281559944152832
83 9.983931541442871
84 6.0727996826171875
85 3.6316888332366943
86 1.7006107568740845
87 1.6112830638885498
88 8.327296257019043
89 2.5310118198394775
90 3.3832037448883057
91 9.004002571105957
92 6.551530361175537
93 10.565454483032227
94 3.1600875854492188
95 7.46126127243042
96 3.4316277503967285
97 7.963641166687012
98 4.951666355133057
99 1.5085127353668213
100 4.785262107849121
101 8.121414184570312
102 8.18785572052002
103 5.326000213623047
104 5.115310192108154
105 6.375685214996338
106 2.3867857456207275
107 4.573248863220215
108 4.8663716316223145
109 4.827212810516357
110 9.057610511779785
111 3.9169790744781494
112 4.798800945281982
113 8.748998641967773
114 2.2233827114105225
115 8.528626441955566
116 6.263908386230469
117 8.85561752319336
118 3.6278302669525146
119 4.614966869354248
120 5.558465003967285
121 6.394257545471191
122 4.495290279388428
123 7.177926063537598
124 4.770111083984375
125 7.638110160827637
126 4.8219075202941895
127 3.887511968612671
128 4.980889320373535
129 3.54848313331604
130 2.9537487030029297
131 6.809195518493652
132 5.750437259674072
133 10.258460998535156
134 7.049129009246826
135 6.430314540863037
136 1.3981200456619263
137 10.109564781188965
138 9.803492546081543
139 3.891545295715332
140 9.685117721557617
141 5.815214157104492
142 4.652937889099121
143 7.896848201751709
144 8.37692928314209
145 5.535694599151611
146 6.328000545501709
147 7.317833423614502
148 3.83182954788208
149 7.668549060821533
150 5.341270446777344
151 9.854327201843262
152 3.6827147006988525
153 4.5055646896362305
154 7.586188316345215
155 4.947895526885986
156 5.889482021331787
157 8.602653503417969
158 5.90729284286499
159 9.780435562133789
160 4.6056694984436035
161 6.420751571655273
162 5.004326343536377
163 3.4405155181884766
164 5.238497257232666
165 8.699877738952637
166 3.642814874649048
167 6.042252063751221
168 8.608613014221191
169 10.87777328491211
170 10.113541603088379
171 3.1444661617279053
172 3.256004571914673
173 11.569626808166504
174 3.7685813903808594
175 12.914583206176758
176 5.988391399383545
177 5.437646865844727
178 13.739027976989746
179 4.167562484741211
180 7.742562770843506
181 6.736154556274414
182 2.9410057067871094
183 4.43923282623291
184 5.664386749267578
185 7.238224506378174
186 8.125107765197754
187 1.8754522800445557
188 5.008946895599365
189 7.04046106338501
190 9.977630615234375
191 4.036388397216797
192 5.1354780197143555
193 4.036388874053955
194 5.559370994567871
195 2.831512451171875
196 6.580785751342773
197 8.46190357208252
198 3.4991908073425293
199 5.383180141448975
200 9.394048690795898
201 7.680960655212402
202 5.504703521728516
203 4.146432876586914
204 8.007253646850586
205 6.644987106323242
206 5.621969699859619
207 6.276806354522705
208 4.500252723693848
209 7.027588367462158
210 4.594677448272705
211 8.889368057250977
212 6.4724907875061035
213 14.738275527954102
214 6.120091438293457
215 13.347784042358398
216 12.271685600280762
217 11.181543350219727
218 3.742295980453491
219 8.674187660217285
220 8.70016098022461
221 4.8592023849487305
222 2.1260592937469482
223 8.547971725463867
224 6.979661464691162
225 10.79401683807373
226 5.827119827270508
227 6.088193416595459
228 10.818017959594727
229 10.690033912658691
230 12.0553560256958
231 6.537766933441162
232 9.190439224243164
233 4.524561882019043
234 5.84033727645874
235 8.270101547241211
236 4.557260036468506
237 6.7311625480651855
238 9.827215194702148
239 8.904540061950684
240 6.598696231842041
241 8.206929206848145
242 7.156773090362549
243 3.638442039489746
244 5.889971733093262
245 4.007863998413086
246 8.164462089538574
247 3.4390151500701904
248 7.35494327545166
249 4.626451015472412
250 8.942267417907715
251 13.505637168884277
252 2.7481861114501953
253 8.206302642822266
254 13.709553718566895
255 9.31935977935791
256 7.95528507232666
257 6.5166449546813965
258 10.308979034423828
259 7.605429172515869
260 4.7023396492004395
261 10.95345687866211
262 6.9383111000061035
263 6.127726078033447
264 4.757056713104248
265 2.38983154296875
266 5.434266090393066
267 3.8577306270599365
268 10.241127967834473
269 4.020691871643066
270 9.002699851989746
271 2.3981072902679443
272 3.1241397857666016
273 3.21659517288208
274 4.8020806312561035
275 5.777749061584473
276 4.163030624389648
277 2.856330633163452
278 6.589244365692139
279 5.644983291625977
280 0.9291922450065613
281 4.486206531524658
282 3.872023344039917
283 3.8615787029266357
284 9.998815536499023
285 2.910282611846924
286 6.391326904296875
287 3.8027021884918213
288 8.649152755737305
289 10.153966903686523
290 6.988712310791016
291 5.396989822387695
292 7.595020771026611
293 5.523879051208496
294 7.325376033782959
295 5.661251544952393
296 3.2712409496307373
297 4.9372124671936035
298 4.140816688537598
299 5.703052997589111
300 7.328193187713623
301 7.002985954284668
302 4.055264949798584
303 8.08676815032959
304 11.457221984863281
305 5.990225315093994
306 4.646518230438232
307 6.5744805335998535
308 8.60944652557373
309 4.128662586212158
310 6.091159343719482
311 5.339354515075684
312 6.188796043395996
313 3.8038170337677
314 4.564006805419922
315 14.922945022583008
316 9.166540145874023
317 5.749562740325928
318 8.031529426574707
319 0.7167343497276306
320 6.40676212310791
321 4.993669509887695
322 3.249537229537964
323 4.076530933380127
324 5.576177597045898
325 6.224033832550049
326 5.7542009353637695
327 10.067216873168945
328 9.100361824035645
329 8.663759231567383
330 4.150379180908203
331 6.481677055358887
332 4.007326602935791
333 6.595569133758545
334 5.7829132080078125
335 1.697507381439209
336 6.325346946716309
337 5.714883327484131
338 7.749166965484619
339 7.490703105926514
340 5.134720802307129
341 9.70639419555664
342 6.440097808837891
343 6.539944648742676
344 7.230154037475586
345 5.688940048217773
346 5.0811262130737305
347 6.095526695251465
348 2.0061137676239014
349 12.548931121826172
350 7.63910436630249
351 8.096444129943848
352 6.384096145629883
353 6.6443047523498535
354 1.0381964445114136
355 7.917799949645996
356 5.986571311950684
357 2.5950868129730225
358 9.959238052368164
359 5.819201946258545
360 4.106613636016846
361 7.303123474121094
362 5.173274993896484
363 8.247554779052734
364 12.413017272949219
365 7.349606037139893
366 4.387375831604004
367 8.395383834838867
368 9.07680892944336
369 4.9517292976379395
370 9.29294204711914
371 1.3438853025436401
372 2.412992000579834
373 6.592931747436523
374 6.104752063751221
375 10.731099128723145
376 7.107556343078613
377 2.421095609664917
378 2.6586501598358154
379 7.945032119750977
380 2.516144037246704
381 9.970081329345703
382 1.2033023834228516
383 3.351039171218872
384 5.386451244354248
385 3.6113407611846924
386 3.9632163047790527
387 6.118364334106445
388 3.781203031539917
389 5.4824748039245605
390 3.6017417907714844
391 7.222311496734619
392 5.070261478424072
393 4.5472517013549805
394 2.0884666442871094
395 11.390074729919434
396 7.836355209350586
397 6.971701622009277
398 7.085244178771973
399 13.947503089904785
400 6.774470329284668
401 5.432164669036865
402 13.825910568237305
403 3.3868861198425293
404 3.69557523727417
405 6.421780586242676
406 4.722883224487305
407 4.211740493774414
408 5.173454284667969
409 10.727069854736328
410 4.183055400848389
411 11.046733856201172
412 9.845017433166504
413 9.090828895568848
414 5.843858242034912
415 7.812274932861328
416 8.127799987792969
417 4.198110580444336
418 6.888833522796631
419 7.957284450531006
420 7.54510498046875
421 11.501956939697266
422 8.918932914733887
423 8.698270797729492
424 5.6398749351501465
425 10.901846885681152
426 4.627762317657471
427 3.7531328201293945
428 4.910297870635986
429 5.224884510040283
430 9.015918731689453
431 6.135313034057617
432 6.717376708984375
433 6.196948528289795
434 8.995084762573242
435 4.983677387237549
436 2.5578317642211914
437 10.041997909545898
438 9.727958679199219
439 9.768505096435547
440 8.113329887390137
441 11.214882850646973
442 6.915422439575195
443 2.415497064590454
444 8.498189926147461
445 7.046499252319336
446 4.235654354095459
447 5.952584743499756
448 3.15860915184021
449 3.112942695617676
450 3.076716899871826
451 2.1855154037475586
452 10.438531875610352
453 8.195104598999023
454 8.541308403015137
455 5.329684734344482
456 5.503866672515869
457 2.8795676231384277
458 15.686356544494629
459 7.902419567108154
460 4.001224517822266
461 8.17677116394043
462 4.0531158447265625
463 4.6695685386657715
464 5.605494022369385
465 7.941440582275391
466 6.909924507141113
467 6.337209701538086
468 5.403011798858643
469 6.798702716827393
470 9.905787467956543
471 3.941197156906128
472 11.76923942565918
473 2.7535176277160645
474 6.249202728271484
475 3.628861665725708
476 6.123069763183594
477 6.5345940589904785
478 3.460452079772949
479 8.421114921569824
480 6.768931865692139
481 3.1067910194396973
482 8.334720611572266
483 4.859917640686035
484 3.3282737731933594
485 9.811729431152344
486 6.543919086456299
487 11.091652870178223
488 9.67829418182373
489 9.570252418518066
490 11.857644081115723
491 7.943400859832764
492 2.4685463905334473
493 7.0798211097717285
494 6.570647716522217
495 3.091256618499756
496 10.76358413696289
497 4.285429000854492
498 4.86454963684082
499 6.735605716705322
500 9.362567901611328
501 6.216935157775879
502 10.231755256652832
503 2.8050756454467773
504 3.1262311935424805
505 2.5976779460906982
506 7.282960891723633
507 7.283852577209473
508 6.196451187133789
509 7.081399440765381
510 6.643368721008301
511 6.104495048522949
512 9.48591136932373
513 3.2377209663391113
514 5.057684898376465
515 6.479856967926025
516 7.083446502685547
517 9.92622184753418
518 2.2793118953704834
519 3.1999921798706055
520 8.172341346740723
521 2.563643455505371
522 2.9442226886749268
523 3.747792959213257
524 5.498234272003174
525 2.5207815170288086
526 2.5362648963928223
527 5.806435585021973
528 7.759088039398193
529 6.339135646820068
530 3.316049814224243
531 6.362881660461426
532 7.824934482574463
533 9.346776962280273
534 9.58471965789795
535 8.183218955993652
536 11.526491165161133
537 1.1766573190689087
538 6.107820987701416
539 6.535444736480713
540 1.4719319343566895
541 9.51521110534668
542 8.173604011535645
543 8.003966331481934
544 6.581323146820068
545 5.61478853225708
546 7.89827299118042
547 6.233265399932861
548 1.6233932971954346
549 13.177989959716797
550 10.865065574645996
551 3.033669948577881
552 11.928305625915527
553 4.491578578948975
554 6.1748948097229
555 5.52953577041626
556 7.991116046905518
557 2.6050384044647217
558 7.615965366363525
559 11.035694122314453
560 3.7768003940582275
561 10.439959526062012
562 3.9861068725585938
563 6.280301094055176
564 5.97442102432251
565 1.5551005601882935
566 3.471874713897705
567 6.234872817993164
568 4.87037467956543
569 5.080582141876221
570 8.262962341308594
571 3.964733362197876
572 9.849117279052734
573 2.001983165740967
574 4.335252285003662
575 5.839169979095459
576 12.540183067321777
577 9.282176971435547
578 2.3147380352020264
579 2.7713284492492676
580 6.963384628295898
581 9.27218246459961
582 9.36255168914795
583 7.397801876068115
584 3.730367660522461
585 6.110639572143555
586 9.25576400756836
587 2.7261459827423096
588 8.995011329650879
589 5.408804893493652
590 6.999147415161133
591 2.7293968200683594
592 7.008060455322266
593 5.835286617279053
594 10.727320671081543
595 7.836384296417236
596 9.378570556640625
597 10.038324356079102
598 3.945728063583374
599 5.729723930358887
600 9.124773979187012
601 4.938234329223633
602 8.929346084594727
603 2.2752788066864014
604 6.814686298370361
605 6.261571407318115
606 12.21536636352539
607 7.161158561706543
608 4.307519435882568
609 1.9184484481811523
610 6.153853893280029
611 4.340409755706787
612 1.6138516664505005
613 8.598954200744629
614 9.351123809814453
615 6.161947727203369
616 3.726459503173828
617 3.3501944541931152
618 2.5153634548187256
619 5.846247673034668
620 4.8658246994018555
621 6.138680934906006
622 6.599987983703613
623 5.653078556060791
624 10.19263744354248
625 1.1797301769256592
626 4.9470624923706055
627 7.3693766593933105
628 4.519313812255859
629 3.851912260055542
630 5.551504135131836
631 3.2016422748565674
632 7.093552589416504
633 3.0781924724578857
634 6.480450630187988
635 2.683908700942993
636 1.909217119216919
637 4.705959796905518
638 9.446817398071289
639 6.340203762054443
640 9.926640510559082
641 4.937103748321533
642 2.679088592529297
643 2.6638193130493164
644 11.3568696975708
645 1.3144993782043457
646 1.6823415756225586
647 4.2995829582214355
648 1.7198047637939453
649 8.330636978149414
650 1.9272501468658447
651 6.858596324920654
652 11.980703353881836
653 11.06125545501709
654 5.661948204040527
655 6.881124973297119
656 8.262273788452148
657 5.482452869415283
658 6.759172439575195
659 11.162507057189941
660 8.061375617980957
661 6.95031213760376
662 6.585095405578613
663 5.849597930908203
664 5.438906669616699
665 8.884827613830566
666 3.37178897857666
667 4.242201805114746
668 1.9046034812927246
669 4.354199409484863
670 13.468537330627441
671 10.193180084228516
672 7.643711090087891
673 3.317650318145752
674 3.5442051887512207
675 5.040935039520264
676 4.228142261505127
677 5.755490779876709
678 5.03462553024292
679 3.7309441566467285
680 4.4175519943237305
681 4.090808868408203
682 6.262638568878174
683 7.701406955718994
684 2.280590534210205
685 5.420801162719727
686 5.938591003417969
687 2.427126169204712
688 6.539430618286133
689 6.640720367431641
690 7.591353893280029
691 4.750874996185303
692 2.5928280353546143
693 9.841772079467773
694 4.352001667022705
695 7.650920391082764
696 9.436772346496582
697 5.282923221588135
698 6.69442892074585
699 6.539106845855713
700 4.272786617279053
701 2.821408987045288
702 9.689498901367188
703 6.548221111297607
704 5.031952381134033
705 10.690594673156738
706 3.172337770462036
707 4.023655414581299
708 3.437715768814087
709 5.519368648529053
710 8.813664436340332
711 7.137375354766846
712 5.070029258728027
713 2.93827748298645
714 3.423203706741333
715 9.042173385620117
716 6.5712714195251465
717 1.3521220684051514
718 8.968327522277832
719 9.724067687988281
720 8.861414909362793
721 11.838160514831543
722 9.812384605407715
723 10.632033348083496
724 10.425324440002441
725 7.032164573669434
726 7.154581069946289
727 8.207356452941895
728 3.518798589706421
729 5.995778560638428
730 7.949156284332275
731 7.870246887207031
732 10.672660827636719
733 5.012080669403076
734 7.041263580322266
735 5.736248016357422
736 8.528756141662598
737 4.661031246185303
738 3.030862331390381
739 8.800593376159668
740 7.952254772186279
741 4.0277509689331055
742 3.420642852783203
743 7.861356735229492
744 5.906136989593506
745 7.946779251098633
746 8.165043830871582
747 10.590275764465332
748 6.060779094696045
749 8.87158203125
750 3.045189380645752
751 8.58574390411377
752 5.117725849151611
753 7.249350070953369
754 4.724424362182617
755 9.140677452087402
756 10.149770736694336
757 9.172760009765625
758 4.414859771728516
759 9.32911491394043
760 7.214788436889648
761 6.33516263961792
762 6.385642051696777
763 13.780899047851562
764 1.9189938306808472
765 9.633710861206055
766 6.967947006225586
767 4.3573737144470215
768 3.856604814529419
769 4.506789207458496
770 3.9359374046325684
771 2.9382588863372803
772 7.108715057373047
773 5.854528903961182
774 7.745471954345703
775 4.650839805603027
776 7.50140905380249
777 5.503945827484131
778 4.9343438148498535
779 4.456820011138916
780 15.374855041503906
781 9.45637321472168
782 1.9884800910949707
783 6.789418697357178
784 7.600370407104492
785 5.556858062744141
786 5.377921104431152
787 5.3226318359375
788 8.265933990478516
789 5.829757213592529
790 8.26361083984375
791 3.005481004714966
792 8.421299934387207
793 9.316255569458008
794 3.1325607299804688
795 5.7677483558654785
796 5.857430934906006
797 6.846463203430176
798 7.267783164978027
799 5.430438041687012
800 10.065712928771973
801 12.01285457611084
802 10.543744087219238
803 7.623714447021484
804 6.61323881149292
805 10.105060577392578
806 8.20106315612793
807 5.196556568145752
808 7.300321102142334
809 6.605218887329102
810 10.116954803466797
811 6.797849178314209
812 9.330757141113281
813 6.1617584228515625
814 3.8718812465667725
815 6.683730602264404
816 6.353778839111328
817 10.003158569335938
818 6.012283802032471
819 8.243817329406738
820 18.960674285888672
821 10.964625358581543
822 5.791759967803955
823 5.08770751953125
824 9.355409622192383
825 8.619338035583496
826 5.538530349731445
827 6.222874164581299
828 12.116419792175293
829 8.080080032348633
830 9.519133567810059
831 9.35610580444336
832 4.821210861206055
833 7.006857395172119
834 4.6318583488464355
835 5.958219051361084
836 8.023362159729004
837 8.444574356079102
838 8.91087818145752
839 9.228492736816406
840 2.0780022144317627
841 5.1297760009765625
842 4.661934852600098
843 6.210783004760742
844 9.182039260864258
845 6.154573440551758
846 3.73395037651062
847 3.266143560409546
848 3.1340749263763428
849 4.032289028167725
850 2.1036369800567627
851 7.486930847167969
852 4.586296558380127
853 9.668962478637695
854 5.410880088806152
855 1.62129545211792
856 5.456200122833252
857 11.498015403747559
858 3.997589111328125
859 4.133655548095703
860 9.117941856384277
861 9.380359649658203
862 5.107114791870117
863 4.57654333114624
864 8.185741424560547
865 2.5940070152282715
866 3.938155174255371
867 7.779602527618408
868 8.119422912597656
869 6.932640552520752
870 8.1820068359375
871 7.726013660430908
872 2.699068784713745
873 12.85946273803711
874 11.080589294433594
875 6.0796003341674805
876 1.2844586372375488
877 3.306600332260132
878 6.377990245819092
879 6.726348876953125
880 6.215664863586426
881 8.826244354248047
882 3.7519750595092773
883 4.779003620147705
884 4.619723320007324
885 4.530909061431885
886 8.528361320495605
887 10.60774040222168
888 8.652810096740723
889 2.5868146419525146
890 5.56644344329834
891 11.03687858581543
892 14.575080871582031
893 7.584559917449951
894 6.571142673492432
895 7.435935020446777
896 7.478132724761963
897 5.956923961639404
898 6.383351802825928
899 7.370758533477783
900 3.06819486618042
901 6.253344535827637
902 6.124571323394775
903 3.5108518600463867
904 1.9462459087371826
905 5.311432361602783
906 3.928802728652954
907 8.11601448059082
908 7.140096664428711
909 2.4571287631988525
910 8.246726036071777
911 3.59954833984375
912 1.763288974761963
913 0.827500581741333
914 3.168330430984497
915 4.845637798309326
916 11.213207244873047
917 3.6580991744995117
918 6.589086532592773
919 3.4246768951416016
920 6.474793434143066
921 4.679060935974121
922 7.3995442390441895
923 6.325605392456055
924 13.712835311889648
925 14.227625846862793
926 8.125065803527832
927 9.811014175415039
928 7.682591915130615
929 10.022595405578613
930 2.7738587856292725
931 7.890022277832031
932 4.450840473175049
933 7.059493541717529
934 3.274956226348877
935 6.345571994781494
936 5.633330345153809
937 3.5736167430877686
938 6.471975803375244
939 4.206314563751221
940 6.77242374420166
941 6.9461846351623535
942 9.958346366882324
943 9.24963092803955
944 11.318933486938477
945 5.005524635314941
946 6.12721586227417
947 6.135961055755615
948 5.324014663696289
949 2.9228336811065674
950 6.21714448928833
951 4.752906799316406
952 6.170594692230225
953 4.158919811248779
954 5.639748573303223
955 3.3136274814605713
956 7.449642181396484
957 4.685792922973633
958 3.2307448387145996
959 7.236839771270752
960 7.659585475921631
961 5.40869665145874
962 4.02741813659668
963 6.715153694152832
964 10.0975341796875
965 6.616148471832275
966 11.470159530639648
967 4.971218109130859
968 12.776782035827637
969 3.1510672569274902
970 3.6406757831573486
971 4.307038307189941
972 7.216186046600342
973 5.988415241241455
974 2.7984731197357178
975 6.1371169090271
976 3.7941553592681885
977 4.28326416015625
978 7.31296968460083
979 5.550851821899414
980 4.7175774574279785
981 7.426229000091553
982 15.187541961669922
983 6.522942066192627
984 9.379449844360352
985 2.359104871749878
986 5.014923572540283
987 4.576819896697998
988 4.363467693328857
989 8.391143798828125
990 5.306356906890869
991 3.3135218620300293
992 1.5528141260147095
993 6.5950798988342285
994 3.696385145187378
995 7.272089958190918
996 8.911341667175293
997 6.563955307006836
998 11.134212493896484
999 10.27353286743164
1000 8.767012596130371
1001 8.143208503723145
1002 10.737323760986328
1003 4.169592380523682
1004 9.704346656799316
1005 6.619286060333252
1006 4.05488920211792
1007 3.0099611282348633
1008 5.929515361785889
1009 6.229689598083496
1010 6.811857223510742
1011 4.6757893562316895
1012 11.74232006072998
1013 10.203973770141602
1014 6.5843400955200195
1015 9.640534400939941
1016 9.116104125976562
1017 6.6554059982299805
1018 5.963226795196533
1019 3.8056066036224365
1020 7.159777641296387
1021 3.589024066925049
1022 6.8309102058410645
1023 8.36328411102295
1024 1.3933546543121338
1025 3.037689685821533
1026 7.5335283279418945
1027 12.698212623596191
1028 3.7410964965820312
1029 4.109372615814209
1030 6.704522132873535
1031 8.973685264587402
1032 5.888108253479004
1033 12.452024459838867
1034 4.110773086547852
1035 10.733757972717285
1036 6.4267048835754395
1037 5.134313106536865
1038 6.818643093109131
1039 10.381199836730957
1040 4.569094181060791
1041 3.6646838188171387
1042 3.9752562046051025
1043 7.647010803222656
1044 4.383219242095947
1045 2.757652521133423
1046 8.777894020080566
1047 6.066555023193359
1048 2.77262020111084
1049 10.598498344421387
1050 6.422024726867676
1051 6.637718200683594
1052 13.3411283493042
1053 7.624205589294434
1054 7.599456310272217
1055 8.736559867858887
1056 2.436274766921997
1057 8.352249145507812
1058 7.709861755371094
1059 7.211685657501221
1060 8.805754661560059
1061 4.338838577270508
1062 5.07382345199585
1063 10.355876922607422
1064 10.647037506103516
1065 8.079565048217773
1066 8.949902534484863
1067 5.475128173828125
1068 7.14015531539917
1069 8.722126960754395
1070 6.448781967163086
1071 6.937855243682861
1072 2.9669711589813232
1073 5.605060577392578
1074 3.693404197692871
1075 2.915339708328247
1076 4.385108470916748
1077 7.404620170593262
1078 7.452998638153076
1079 2.7539217472076416
1080 4.576558589935303
1081 6.062652111053467
1082 6.128005504608154
1083 9.48575210571289
1084 3.7807717323303223
1085 2.982344627380371
1086 7.29296875
1087 12.707463264465332
1088 3.6221811771392822
1089 6.123656272888184
1090 3.7034504413604736
1091 13.655865669250488
1092 4.948774814605713
1093 5.66420316696167
1094 12.318536758422852
1095 9.835030555725098
1096 6.560935974121094
1097 8.783040046691895
1098 11.688874244689941
1099 3.7287869453430176
1100 2.1799888610839844
1101 5.890760898590088
1102 4.259297847747803
1103 5.893505096435547
1104 3.5547780990600586
1105 11.80827808380127
1106 10.101521492004395
1107 8.036520957946777
1108 3.2933454513549805
1109 5.382064342498779
1110 6.910405158996582
1111 9.971823692321777
1112 2.737239122390747
1113 7.370297908782959
1114 7.008633136749268
1115 7.780924320220947
1116 4.538857460021973
1117 5.9273247718811035
1118 6.287031173706055
