0 2.196269989013672
1 9.887020111083984
2 1.3979077339172363
3 2.3859832286834717
4 2.1323957443237305
5 1.3264639377593994
6 1.438984990119934
7 2.750492572784424
8 0.6204270720481873
9 0.7918286323547363
10 0.6407204866409302
11 0.5713899731636047
12 0.5347896218299866
13 0.30899930000305176
14 0.2127562314271927
15 0.15552866458892822
16 0.049498043954372406
17 0.055582623928785324
18 0.03052224963903427
19 0.022590573877096176
20 0.015075959265232086
21 0.00981176272034645
22 0.009769950062036514
23 0.006021717097610235
24 0.006995984818786383
25 0.005244677886366844
26 0.004633274395018816
27 0.0026928414590656757
28 0.0028964511584490538
29 0.0023061418905854225
30 0.0013962684897705913
31 0.001114709535613656
32 0.001866157865151763
33 0.0013078134506940842
34 0.0013136530760675669
35 0.000759112648665905
36 0.00045716590830124915
37 0.0007028502295725048
38 0.0005106866010464728
39 0.0005789896822534502
40 0.0004137730284128338
41 0.0005431111785583198
42 0.000551334407646209
43 0.0003026686317753047
44 0.0004162732802797109
45 0.00029635144164785743
46 0.00045346521073952317
47 0.0003429611388128251
48 0.00019812460232060403
49 0.00021505184122361243
50 0.0002826426934916526
51 0.0002133822999894619
52 0.00024521100567653775
53 0.00023543676070403308
54 0.00013852069969289005
55 0.00019359415455255657
56 0.00015830890333745629
57 0.00016069300181698054
58 0.00020539609249681234
59 0.00021004541486036032
60 0.00013017572928220034
61 7.331334927584976e-05
62 0.00015938191791065037
63 0.0001344671763945371
64 9.79896285571158e-05
65 0.0001130097298300825
66 0.00011563245061552152
67 0.00014793770969845355
68 8.594950486440212e-05
69 0.00010418823512736708
70 7.915458991192281e-05
71 0.00010096988262375817
72 0.00013673229841515422
73 7.688959885854274e-05
74 0.0001415005826856941
75 8.153871021931991e-05
76 0.0001244539162144065
77 0.00012016246910206974
78 6.115398718975484e-05
79 6.163095531519502e-05
80 7.593583723064512e-05
81 0.00011515540245454758
82 0.00011014819028787315
83 0.00011038731463486329
84 6.604166992474347e-05
85 5.9008489188272506e-05
86 6.592258432647213e-05
87 8.463828271487728e-05
88 0.0001444807421648875
89 0.00010013461724156514
90 5.531289571081288e-05
91 2.9087024813634343e-05
92 6.532641418743879e-05
93 6.604177178815007e-05
94 4.5180218876339495e-05
95 8.976428216556087e-05
96 3.57626959157642e-05
97 4.875642480328679e-05
98 5.60280132049229e-05
99 4.363051266409457e-05
100 4.744520629174076e-05
101 0.00010359209409216419
102 9.679755748948082e-05
103 7.152532634790987e-05
104 8.714171417523175e-05
105 3.2901702070375904e-05
106 8.344603702425957e-05
107 2.5868388547678478e-05
108 8.60688160173595e-05
109 5.8412435464560986e-05
110 4.11270339100156e-05
111 9.59632161539048e-05
112 8.213503315346316e-05
113 4.8041179979918525e-05
114 6.604174268431962e-05
115 7.379035378107801e-05
116 6.961802864680067e-05
117 5.6743185268715024e-05
118 3.74316587112844e-05
119 0.0001304142060689628
120 0.00010979088983731344
121 6.365732406266034e-05
122 5.662406329065561e-05
123 3.218645724700764e-05
124 3.00407027680194e-05
125 4.076949699083343e-05
126 1.478193917137105e-05
127 5.38822787348181e-05
128 8.070443436736241e-05
129 2.2649739548796788e-05
130 6.449198554037139e-05
131 4.708754568127915e-05
132 8.237303700298071e-05
133 8.404198160860687e-05
134 1.1920918950636405e-05
135 1.9669512766995467e-05
136 4.208077007206157e-05
137 5.722024798160419e-05
138 6.127305823611096e-05
139 5.6862696510506794e-05
140 1.7762169591151178e-05
141 3.957741137128323e-05
142 8.499580872012302e-05
143 2.6345202059019357e-05
144 1.4185889085638337e-05
145 5.400164445745759e-05
146 3.707401629071683e-05
147 2.6226012778352015e-05
148 1.3232221135695e-05
149 6.890269287396222e-05
150 2.050397415587213e-05
151 4.112709211767651e-05
152 3.862372977891937e-05
153 6.651853618677706e-05
154 3.027909951924812e-05
155 2.0623190721380524e-05
156 2.539151319069788e-05
157 9.17911165743135e-06
158 5.3047908295411617e-05
159 3.6954807001166046e-05
160 6.175001908559352e-05
161 2.789493737509474e-05
162 3.993505742982961e-05
163 5.507450987352058e-05
164 3.719323285622522e-05
165 6.699505320284516e-05
166 8.380338113056496e-05
167 5.650505772791803e-05
168 5.423976472229697e-05
169 3.218644269509241e-05
170 5.054464054410346e-05
171 7.462478242814541e-05
172 6.21078725089319e-05
173 3.0159888410707936e-05
174 1.7523751012049615e-05
175 3.8266076444415376e-05
176 2.074238727800548e-05
177 5.865064304089174e-05
178 3.1709605536889285e-05
179 3.790848859352991e-05
180 5.412090104073286e-05
181 4.661072671297006e-05
182 1.1444087249401491e-05
183 2.074240182992071e-05
184 4.100793375982903e-05
185 2.777572262857575e-05
186 2.4080238290480338e-05
187 2.0146340830251575e-05
188 4.243817966198549e-05
189 1.5616407836205326e-05
190 7.70083352108486e-05
191 3.9696518797427416e-05
192 2.562995177868288e-05
193 3.576273229555227e-05
194 1.6689269614289515e-05
195 3.921974712284282e-05
196 1.3470631529344246e-05
197 3.61202000931371e-05
198 4.935254401061684e-05
199 4.0411847294308245e-05
200 3.337852831464261e-05
201 1.6450869225081988e-05
202 2.9206239560153335e-05
203 6.139247125247493e-05
204 3.3616954169701785e-05
205 2.837178180925548e-05
206 1.1086456652265042e-05
207 1.633166175452061e-05
208 3.218647907488048e-05
209 2.6702840841608122e-05
210 1.8954258848680183e-05
211 1.227854681928875e-05
212 3.457062121015042e-05
213 4.398815508466214e-05
214 7.629391348018544e-06
215 1.2636176506930497e-05
216 4.994854680262506e-05
217 2.491472514520865e-05
218 1.931189399329014e-05
219 1.20401346066501e-05
220 2.8729409677907825e-05
221 2.241133370262105e-05
222 3.2782463676994666e-05
223 3.4332217182964087e-05
224 4.029262709082104e-05
225 7.867802196415141e-06
226 3.898132126778364e-05
227 2.169606159441173e-05
228 2.479550676071085e-05
229 3.135201404802501e-05
230 2.8848593501606956e-05
231 2.8610185836441815e-05
232 7.164443377405405e-05
233 2.515313281037379e-05
234 3.576275776140392e-05
235 4.553792314254679e-05
236 5.233270348981023e-05
237 6.306160503299907e-05
238 4.3153697333764285e-05
239 2.3365009838016704e-05
240 3.7312416679924354e-05
241 3.60010308213532e-05
242 4.649151014746167e-05
243 2.801414484565612e-05
244 7.271723734447733e-05
245 4.208070458844304e-05
246 4.005425944342278e-05
247 6.294243212323636e-05
248 4.398821329232305e-05
249 3.767012094613165e-05
250 1.4781942809349857e-05
251 1.0490411114005838e-05
252 4.303451714804396e-05
253 0.0001991984318010509
254 8.737991447560489e-05
255 7.832019036868587e-05
256 0.0002418709482299164
257 5.424010305432603e-05
258 0.00015878534759394825
259 3.2305659260600805e-05
260 2.086160020553507e-05
261 2.2172909666551277e-05
262 2.0146349925198592e-05
263 2.1696072508348152e-05
264 3.492827818263322e-05
265 1.740454536047764e-05
266 3.3020936825778335e-05
267 3.0040710043977015e-05
268 8.73800745466724e-05
269 7.557833305327222e-05
270 2.2649734091828577e-05
271 6.520732131320983e-05
272 4.100791193195619e-05
273 3.2782540074549615e-05
274 9.42937404033728e-05
275 2.467629201419186e-05
276 2.4676259272382595e-05
277 2.5749173801159486e-05
278 4.148478910792619e-05
279 9.620181663194671e-05
280 0.00011169897334184498
281 0.0010529685532674193
282 0.0003467774367891252
283 0.0002533190418034792
284 4.4345844798954204e-05
285 0.0001076459011528641
286 0.00011658648145385087
287 5.7816479966277257e-05
288 0.00045561615843325853
289 0.00013971314183436334
290 0.0003402222937438637
291 0.00023209996288642287
292 9.85859805950895e-05
293 0.0007923782686702907
294 0.00010240065603284165
295 0.0029229267966002226
296 0.003096135100349784
297 0.0024691156577318907
298 0.0001144407651736401
299 0.002134887734428048
300 0.003267670050263405
301 0.0020902783144265413
302 0.0008345808601006866
303 9.560569014865905e-05
304 0.00018143633496947587
305 7.78433823143132e-05
306 1.800059362722095e-05
307 4.112716487725265e-05
308 0.0001125332128140144
309 9.441353176953271e-05
310 5.137916741659865e-05
311 4.7564397391397506e-05
312 1.847742714744527e-05
313 3.099437526543625e-05
314 4.005423761554994e-05
315 6.139255128800869e-05
316 3.2424883102066815e-05
317 1.2755385796481278e-05
318 3.433221354498528e-05
319 4.982931204722263e-05
320 2.0503968698903918e-05
321 1.0132785064342897e-05
322 8.70227268023882e-06
323 3.48090470652096e-05
324 1.8239012206322514e-05
325 1.2159342077211477e-05
326 1.5020363207440823e-05
327 7.641229603905231e-05
328 2.980224962811917e-05
329 4.255763269611634e-05
330 1.9311884898343123e-05
331 4.5656975999008864e-05
332 2.8967822800041176e-05
333 5.006762876291759e-05
334 3.2186449971050024e-05
335 2.753728949755896e-05
336 2.7894930099137127e-05
337 2.5272333004977554e-05
338 2.3245787815540098e-05
339 1.370905647490872e-05
340 2.491471968824044e-05
341 1.4781940080865752e-05
342 4.0292648918693885e-05
343 2.2411317331716418e-05
344 7.951253792271018e-05
345 1.6689289623172954e-05
346 7.235995144583285e-05
347 9.405605669599026e-05
348 0.00012350066390354186
349 5.698187305824831e-05
350 2.3245795091497712e-05
351 4.386890941532329e-05
352 2.1219198970356956e-05
353 1.9907938622054644e-05
354 3.7193240132182837e-05
355 3.719318556250073e-05
356 2.813333776430227e-05
357 5.936578963883221e-05
358 4.6253178879851475e-05
359 2.7298887289362028e-05
360 1.2278554095246363e-05
361 3.099439345533028e-05
362 3.170966010657139e-05
363 0.0010095727629959583
364 0.00047635845839977264
365 0.00019156912458129227
366 7.593627378810197e-05
367 9.429447527509183e-05
368 9.763221896719187e-05
369 4.76835120934993e-05
370 3.886221020366065e-05
371 1.4543529687216505e-05
372 1.76429621205898e-05
373 8.881054964149371e-05
374 6.87836145516485e-05
375 1.323221658822149e-05
376 8.058526873355731e-05
377 0.00013828258670400828
378 0.0009848994668573141
379 0.0014917707303538918
380 0.0051494925282895565
381 0.0043913209810853004
382 0.0063689034432172775
383 0.00262423325330019
384 0.005303514190018177
385 0.002424319041892886
386 0.0004010188567917794
387 0.0007057160837575793
388 0.00021862950234208256
389 0.00038766729994677007
390 0.00031626070267520845
391 0.0001929992577061057
392 8.5353764006868e-05
393 0.00012457338743843138
394 7.069107959978282e-05
395 0.00018906578770838678
396 0.00020694700651802123
397 0.00019812522805295885
398 5.8531710237730294e-05
399 5.042547491029836e-05
400 4.3153722799615934e-05
401 0.00018334321794100106
402 8.797638292890042e-05
403 6.401535210898146e-05
404 5.042546763434075e-05
405 3.4451466490281746e-05
406 6.210791616467759e-05
407 2.861021857825108e-05
408 5.8770106988959014e-05
409 5.85317138757091e-05
410 6.11542200203985e-05
411 5.7100980484392494e-05
412 2.5033938072738238e-05
413 4.6372366341529414e-05
414 5.2571016567526385e-05
415 2.9683100365218706e-05
416 4.6610788558609784e-05
417 0.00020718536688946187
418 0.0004175888025201857
419 0.0004827953816857189
420 0.00011396396439522505
421 1.7523756469017826e-05
422 6.85452832840383e-05
423 3.7908521335339174e-05
424 4.2676914745243266e-05
425 7.438637840095907e-05
426 0.00011968558828812093
427 5.829316796734929e-05
428 2.8252579795662314e-05
429 1.0848040801647585e-05
430 7.760487642372027e-05
431 2.2649752281722613e-05
432 2.5749197448021732e-05
433 6.496884452644736e-05
434 4.208083191770129e-05
435 5.4359403293346986e-05
436 6.15119279245846e-05
437 9.763234993442893e-05
438 0.0001250504283234477
439 0.00014078602544032037
440 0.00019490699924062937
441 0.00011658659786917269
442 3.1709656468592584e-05
443 0.00012254648027010262
444 6.067747381166555e-05
445 7.081026706146076e-05
446 5.078294998384081e-05
447 3.7312478525564075e-05
448 5.5432203225791454e-05
449 5.28096679772716e-05
450 0.0001254079834325239
451 8.368465205421671e-05
452 3.314012792543508e-05
453 2.8967817343072966e-05
454 8.404227264691144e-05
455 1.8715853002504446e-05
456 0.00010502328223083168
457 5.233271804172546e-05
458 9.131399565376341e-05
459 0.00016164629778359085
460 0.00011873231414938346
461 0.0021714612375944853
462 0.0007554234471172094
463 0.00027716089971363544
464 0.00041639700066298246
465 4.35113615822047e-05
466 0.00013720974675379694
467 0.00045215935097076
468 0.00011992444342467934
469 0.00025916058802977204
470 0.0015739043010398746
471 0.0004078134661540389
472 0.001583796227350831
473 0.00031113572185859084
474 0.00038158759707584977
475 7.295596151379868e-05
476 6.42536542727612e-05
477 0.00091683299979195
478 0.0004252180515322834
479 0.0002548690827097744
480 0.00126085861120373
481 0.000573989877011627
482 0.00048482304555363953
483 0.0005520564154721797
484 0.0002398482756689191
485 0.0009107523364946246
486 0.00010430804832139984
487 1.38282648549648e-05
488 0.0020365274976938963
489 0.0006499247974716127
490 0.016338909044861794
491 0.008176760748028755
492 0.012820173986256123
493 0.024748114868998528
494 0.017443252727389336
495 0.0036863465793430805
496 0.0035404153168201447
497 0.0012640830827876925
498 0.002089695306494832
499 0.0005333402077667415
500 0.0004035223100800067
501 0.0002095693489536643
502 0.00035118922824040055
503 0.00012516960850916803
504 9.357892122352496e-05
505 7.0690963184461e-05
506 4.231924322084524e-05
507 3.4809061617124826e-05
508 1.978872751351446e-05
509 3.373617437318899e-05
510 0.00013923596998210996
511 0.00015687871200498194
512 0.00015509106742683798
513 0.00022447067021857947
514 2.205370765295811e-05
515 0.00010371194366598502
516 0.00019264130969531834
517 8.869128942023963e-05
518 0.00016450743714813143
519 5.269040048005991e-05
520 0.00011205622286070138
521 0.0002523627190385014
522 0.00033139888546429574
523 0.0001252882502740249
524 0.0003280599194113165
525 0.00015497099957428873
526 0.0010251457570120692
527 0.000510084442794323
528 0.00025641763932071626
529 0.0004401121404953301
530 0.0003446280024945736
531 0.00012814984074793756
532 0.00016164628323167562
533 1.1205665941815823e-05
534 4.518025889410637e-05
535 1.7046922948793508e-05
536 3.7789319321746007e-05
537 0.0003269904700573534
538 0.00042140387813560665
539 0.002693228656426072
540 0.0002756114990916103
541 8.046601578826085e-05
542 6.711472087772563e-05
543 3.8981390389380977e-05
544 5.209441587794572e-05
545 5.7339602790307254e-05
546 6.687617860734463e-05
547 0.00010013574501499534
548 6.401535938493907e-05
549 2.098082404700108e-05
550 4.243846342433244e-05
551 4.637233359972015e-05
552 2.5153141905320808e-05
553 3.552431735442951e-05
554 8.57112609082833e-05
555 4.363049447420053e-05
556 0.000711079512257129
557 0.0008178884745575488
558 0.0004332048411015421
559 0.00036954812821932137
560 0.00025510755949653685
561 0.00021052334341220558
562 9.63210259214975e-05
563 0.00017559507978148758
564 6.103509076638147e-05
565 5.2571253036148846e-05
566 2.849100565072149e-05
567 3.9219827158376575e-05
568 0.0001420972403138876
569 0.010145355015993118
570 0.00855850987136364
571 0.024340692907571793
572 0.00804964080452919
573 0.0011515552178025246
574 0.00570909958332777
575 0.0009823378641158342
576 0.0005656448192894459
577 0.0013617996592074633
578 0.0012592591810971498
579 0.00020122395653743297
580 0.00030850779148750007
581 0.0002565363538451493
582 0.0003035031841136515
583 0.0001105062838178128
584 6.890287477290258e-05
585 3.2663265301380306e-05
586 5.018702722736634e-05
587 4.553788676275872e-05
588 1.9431099644862115e-05
589 2.014635902014561e-05
590 3.08751841657795e-05
591 2.3245802367455326e-05
592 3.659724097815342e-05
593 4.38689676229842e-05
594 8.225434612540994e-06
595 2.71797052846523e-05
596 3.361698327353224e-05
597 2.7418134777690284e-05
598 1.3947480510978494e-05
599 2.5868401280604303e-05
600 2.8848628062405623e-05
601 3.13520067720674e-05
602 5.722033165511675e-05
603 2.0384773961268365e-05
604 2.1338444639695808e-05
605 2.0980818590032868e-05
606 3.2067277061287314e-05
607 1.4543528777721804e-05
608 0.00010049316915683448
609 4.172316403128207e-05
610 5.209432856645435e-05
611 2.6941270334646106e-05
612 8.141990110743791e-05
613 0.00012040121509926394
614 5.2571253036148846e-05
615 8.213508408516645e-05
616 6.234641477931291e-05
617 3.957746957894415e-05
618 2.9921508030383848e-05
619 2.992152440128848e-05
620 2.861021857825108e-05
621 3.814695082837716e-05
622 5.745883026975207e-05
623 0.0002781147777568549
624 0.00034034159034490585
625 0.0001457928301533684
626 0.00381432450376451
627 0.0020262913312762976
628 0.003918961156159639
629 0.00674786139279604
630 0.010408138856291771
631 0.035511214286088943
632 0.01781628094613552
633 0.006005031522363424
634 0.002860852051526308
635 0.002842743881046772
636 0.00196573743596673
637 0.00021696058684028685
638 0.00016999224317260087
639 5.7697270676726475e-05
640 8.094303484540433e-05
641 5.149837670614943e-05
642 0.00011098374670837075
643 0.00020337074238341302
644 0.00020492040493991226
645 3.135201768600382e-05
646 3.969668614445254e-05
647 7.927389378892258e-05
648 2.181528543587774e-05
649 3.0040730052860454e-05
650 1.8954266124637797e-05
651 9.989730460802093e-05
652 0.0004024482914246619
653 0.00011622898455243558
654 5.686281292582862e-05
655 3.6716435715788975e-05
656 2.539156957936939e-05
657 2.1338451915653422e-05
658 2.264975046273321e-05
659 4.386895670904778e-05
660 3.6001107218908146e-05
661 2.7775740818469785e-05
662 5.614751353277825e-05
663 7.879715121816844e-05
664 0.00015675948816351593
665 0.00013530193245969713
666 4.8279664042638615e-05
667 0.001217411132529378
668 8.666490612085909e-05
669 0.0004949528374709189
670 0.0004836290318053216
671 0.0003248438879381865
672 0.0010427153902128339
673 0.005396329332143068
674 0.008079037070274353
675 0.003089845646172762
676 0.0012909065699204803
677 0.0009027651976794004
678 0.00033497740514576435
679 0.00015234913735184819
680 0.0001429317781003192
681 0.00022840437304694206
682 0.00027000842965207994
683 0.00014400467625819147
684 9.596341988071799e-05
685 2.5987621484091505e-05
686 3.898137583746575e-05
687 2.4080258299363777e-05
688 4.053111479151994e-05
689 5.972383587504737e-05
690 9.2983158538118e-05
691 0.0005941365961916745
692 0.0007739022839814425
693 0.00022566254483535886
694 0.00034642076934687793
695 0.0003958930028602481
696 0.0013158087385818362
697 0.0007777141872793436
698 0.0022621918469667435
699 0.006490468047559261
700 0.0035743974149227142
701 0.0013540860963985324
702 0.001151316799223423
703 0.0005128356860950589
704 0.00036919020931236446
705 0.0010779979638755322
706 0.0007442196947522461
707 0.0002633329131640494
708 0.00011396397167118266
709 0.00013542160741053522
710 0.00016367419448215514
711 0.0002098079858114943
712 0.0001119374719564803
713 7.891648419899866e-05
714 6.580348417628556e-05
715 7.462494977517053e-05
716 6.926055357325822e-05
717 0.00013482561917044222
718 0.000669357308652252
719 0.0005352467996999621
720 0.004090522415935993
721 4.4822674681199715e-05
722 0.00010430800466565415
723 0.00014388530689757317
724 0.00017368762928526849
725 9.334083006251603e-05
726 0.00020229784422554076
727 0.00028026013751514256
728 0.0002286431408720091
729 0.00020146346651017666
730 0.0001586673897691071
731 7.605544669786468e-05
732 0.00019061546481680125
733 0.0009069403749890625
734 0.0011105448938906193
735 0.00032043378450907767
736 0.004947388079017401
737 0.0026695220731198788
738 0.0034301832783967257
739 0.0037210406735539436
740 0.0007961911614984274
741 0.0003430836950428784
742 4.315374098950997e-05
743 0.0001343487820122391
744 5.471704207593575e-05
745 0.0006101101171225309
746 0.0008315995801240206
747 0.0013028245884925127
748 0.0010310315992683172
749 0.011410609818994999
750 0.013906173408031464
751 0.02963428944349289
752 0.02010025829076767
753 0.007423680741339922
754 0.0006982061313465238
755 0.00047743174945935607
756 0.0002731077547650784
757 0.0001916882611112669
758 3.015993206645362e-05
759 7.855888543417677e-05
760 5.5432228691643104e-05
761 7.927403203211725e-05
762 0.0001744006876833737
763 1.680849709373433e-05
764 0.00016414995479863137
765 0.00013196397048886865
766 2.7656527890940197e-05
767 0.0002943198196589947
768 7.414784340653569e-05
769 0.00011014912888640538
770 5.7458801165921614e-05
771 0.0001467463735025376
772 0.00012969941599294543
773 5.996222171233967e-05
774 0.00013184529962018132
775 3.063675467274152e-05
776 0.00011312941933283582
777 0.00010514248424442485
778 7.629390893271193e-05
779 0.00010025491064880043
780 0.0001050232895067893
781 2.9683085813303478e-05
782 5.340573261491954e-05
783 2.038477578025777e-05
784 4.851810444961302e-05
785 3.0755967600271106e-05
786 2.7775737180490978e-05
787 3.3140146115329117e-05
788 1.752375828800723e-05
789 1.8596643712953664e-05
790 6.0915826907148585e-05
791 2.038477578025777e-05
792 5.078313915873878e-05
793 1.883505319710821e-05
794 5.161761509953067e-05
795 3.9219801692524925e-05
796 3.170962736476213e-05
797 5.6981920351972803e-05
798 0.0007034417358227074
799 0.0002927755704149604
800 0.00012207006511744112
801 0.0007975035696290433
802 0.0009742912952788174
803 0.0008888153242878616
804 0.0004631248884834349
805 0.0006896192207932472
806 0.0007573255570605397
807 0.0007376604480668902
808 0.00037455459823831916
809 0.006213467568159103
810 0.004262448288500309
811 0.009482418186962605
812 0.020607415586709976
813 0.0024978576693683863
814 0.0015027218032628298
815 0.003157900646328926
816 0.002154299523681402
817 0.0024846470914781094
818 0.0007458880427293479
819 0.000979655422270298
820 0.00036776004708372056
821 0.0002242322516394779
822 4.434582660906017e-05
823 4.2796113120857626e-05
824 2.9802296921843663e-05
825 3.826613465207629e-05
826 1.931189399329014e-05
827 5.471699478221126e-05
828 3.0994378903415054e-05
829 2.4318680516444147e-05
830 1.2516972674347926e-05
831 3.385543095646426e-05
832 5.2094423153903335e-05
833 2.3007363779470325e-05
834 0.00016474664153065532
835 6.437281263060868e-05
836 0.00035261744051240385
837 6.699554796796292e-05
838 0.0002710810222197324
839 6.818766269134358e-05
840 7.557858771178871e-05
841 0.00020182110893074423
842 0.00019776789122261107
843 7.784364424878731e-05
844 0.00033187775989063084
845 0.00021934474352747202
846 0.00021457640104927123
847 0.00026178304688073695
848 4.2557705455692485e-05
849 0.00048088861512951553
850 0.0005766113754361868
851 0.0002762075746431947
852 0.0012975814752280712
853 0.005430480465292931
854 0.00013947465049568564
855 0.0002847903233487159
856 0.0001962179521797225
857 0.0002980222925543785
858 0.00016939618217293173
859 0.0002318614860996604
860 0.0003780116676352918
861 0.00010168545122724026
862 0.00015234931197483093
863 0.00043296636431477964
864 0.00018525107589084655
865 0.00018465501489117742
866 0.00011777872714446858
867 0.0006594639271497726
868 8.82148087839596e-05
869 0.0009554533171467483
870 0.000949367240536958
871 0.00025725289015099406
872 0.00021183458738960326
873 0.0002788299461826682
874 0.00037348075420595706
875 0.000706906954292208
876 6.663797103101388e-05
877 0.005195177625864744
878 0.0068299425765872
879 0.0010177994845435023
880 0.0006538601592183113
881 0.0003533351991791278
882 0.00022923809592612088
883 0.0003222212253604084
884 5.2451941883191466e-05
885 0.00018107850337401032
886 0.00022530271962750703
887 0.0002727457322180271
888 0.00046241001109592617
889 0.001121147652156651
890 0.001132479403167963
891 0.0023740134201943874
892 0.0005636194837279618
893 0.0013795954873785377
894 0.0034218188375234604
895 0.0018062422750517726
896 0.0018104020273312926
897 0.0003151888377033174
898 0.0002578488492872566
899 0.0009600995690561831
900 0.0063528744503855705
901 0.007037154398858547
902 0.004599760752171278
903 0.014034266583621502
904 0.007272161543369293
905 0.0013035251758992672
906 0.0009944261983036995
907 0.001168123329989612
908 0.0006961736944504082
909 0.0005278561729937792
910 0.0005187896895222366
911 0.0005881767137907445
912 0.00028574271709658206
913 0.0002967110776808113
914 5.078313552075997e-05
915 5.984293238725513e-05
916 0.00012028164201183245
917 2.6583638828014955e-05
918 1.6570080333622172e-05
919 3.5524251870810986e-05
920 3.838535485556349e-05
921 5.614740803139284e-05
922 1.5258785424521193e-05
923 9.119498281506822e-05
924 3.361697235959582e-05
925 2.0146349925198592e-05
926 2.2411324607674032e-05
927 3.1709631002740934e-05
928 7.367117359535769e-05
929 4.816048021893948e-05
930 2.9206225008238107e-05
931 3.4928259992739186e-05
932 4.6491586545016617e-05
933 3.862376615870744e-05
934 7.331364759011194e-05
935 6.806831515859812e-05
936 0.0008352908189408481
937 0.00023162328579928726
938 0.00034248712472617626
939 0.0006158307078294456
940 0.0002602334716357291
941 7.390969403786585e-05
942 0.00015985948266461492
943 4.6372388169402257e-05
944 6.747228326275945e-05
945 5.984288509353064e-05
946 4.196164809400216e-05
947 4.1842453356366605e-05
948 4.434580114320852e-05
949 0.00011658608127618209
950 3.3617005101405084e-05
951 9.047932690009475e-05
952 0.0001121754030464217
953 4.744527177535929e-05
954 5.87700997130014e-05
955 2.610681258374825e-05
956 2.717966890486423e-05
957 0.00023794140724930912
958 0.0010584448464214802
959 0.002927466994151473
960 0.024020571261644363
961 0.010052002966403961
962 0.0012646745890378952
963 0.0027358788065612316
964 0.0013620640384033322
965 0.0014245347119867802
966 0.0006446802872233093
967 0.00028288320754654706
968 0.0001522299717180431
969 0.00010156613279832527
970 0.00010633450438035652
971 4.8160527512663975e-05
972 6.020058208378032e-05
973 3.6120392906013876e-05
974 7.271763934113551e-06
975 2.98023151117377e-05
976 1.8715847545536235e-05
977 4.029269621241838e-05
978 2.19344838114921e-05
979 1.0251996172883082e-05
980 3.0279106795205735e-05
981 3.0040715500945225e-05
982 7.152553735068068e-06
983 3.325934085296467e-05
984 1.2397753380355425e-05
985 4.2080813727807254e-05
986 4.2676827433751896e-05
987 3.0040706405998208e-05
988 3.063678013859317e-05
989 0.0002298350736964494
990 7.140626985346898e-05
991 2.4914728783187456e-05
992 3.373619983904064e-05
993 2.8133366868132725e-05
994 3.349777034600265e-05
995 4.6133718569763005e-05
996 2.1576861399807967e-05
997 1.6331659935531206e-05
998 2.6464449547347613e-05
999 2.0146360839135014e-05
