0 6.053958892822266
1 7.508204936981201
2 6.746978759765625
3 5.070841312408447
4 2.8930976390838623
5 3.731900691986084
6 2.108894109725952
7 3.1336803436279297
8 3.6774652004241943
9 1.332747220993042
10 0.7758884429931641
11 0.6028556823730469
12 0.4061388373374939
13 0.6009855270385742
14 0.2721368074417114
15 0.1995268166065216
16 0.06285905838012695
17 0.04719037935137749
18 0.03189965710043907
19 0.019128816202282906
20 0.01660122163593769
21 0.011929881758987904
22 0.009361536242067814
23 0.009650716558098793
24 0.010855604894459248
25 0.00611817417666316
26 0.005248230416327715
27 0.0038862847723066807
28 0.003068949794396758
29 0.004574350547045469
30 0.003557874821126461
31 0.002872081473469734
32 0.00442199083045125
32 0.0030669148545712233
33 0.0014939032262191176
34 0.0014290596591308713
35 0.001296962145715952
36 0.0018991784891113639
37 0.0025975662283599377
38 0.0012941407039761543
39 0.0012408401817083359
40 0.001484545529820025
41 0.002827408956363797
42 0.0018652472645044327
43 0.0013540391810238361
44 0.0014470533933490515
45 0.0010841715848073363
46 0.0009742329712025821
47 0.001277417759411037
48 0.0008056263322941959
49 0.000968521402683109
50 0.0006820049602538347
51 0.0005360584473237395
52 0.0006281412206590176
53 0.001346837030723691
54 0.000530248275026679
55 0.0008791630389168859
56 0.000454855733551085
57 0.00030868855537846684
58 0.00045893562491983175
59 0.0006333141354843974
60 0.0005027008592151105
61 0.000380473502445966
62 0.0004683293227571994
63 0.00031811048393137753
64 0.0006374506046995521
65 0.000672382244374603
66 0.0005033327033743262
67 0.00032512543839402497
68 0.0008691621478646994
69 0.0003092145489063114
70 0.00043447630014270544
71 0.00023742104531265795
72 0.00032113425550051033
73 0.00028061994817107916
74 0.0004277035186532885
75 0.00040884295594878495
76 0.00021622881467919797
77 0.0002980831195600331
78 0.0006329987081699073
79 0.0003113433485850692
80 0.000352934846887365
81 0.0005290218396112323
82 0.0002409958397038281
83 0.0002932781644631177
84 0.0005877611692994833
85 0.00021523344912566245
86 0.0004956389311701059
87 0.00029212108347564936
88 0.00029037220519967377
89 0.0002237265434814617
90 0.00024007375759538263
91 0.0003957119188271463
92 0.0004403743951115757
93 0.00014375080354511738
94 0.00035124894930049777
95 0.00040221912786364555
96 0.00025119518977589905
97 0.0003265622945036739
98 0.00037340677226893604
99 0.00024241962819360197
100 0.00024614890571683645
101 0.00022119763889349997
102 0.0003271814784966409
103 0.00011598026321735233
104 0.00032404917874373496
105 0.00021313398610800505
106 0.00030180392786860466
107 0.0002582879096735269
108 0.0006156573654152453
109 0.0002700012701097876
110 0.00024977230350486934
111 0.00027640777989290655
112 0.00046899152221158147
113 0.000594420765992254
114 0.0003256957861594856
115 0.00012823771976400167
116 0.000263395719230175
117 6.21053550275974e-05
118 0.00016895716544240713
119 0.00017143662262242287
120 0.00028669569292105734
121 0.00015866299509070814
122 9.329804015578702e-05
123 0.0004577362269628793
124 0.00020622210286092013
125 0.00021508931240532547
126 0.00012715310731437057
127 0.0004600835090968758
128 0.00022836816788185388
129 0.00034301169216632843
130 0.00032627733889967203
131 0.00016032550774980336
132 0.00537724606692791
133 0.0027517478447407484
134 0.009753134101629257
135 0.0006741008837707341
136 0.00040317579987458885
137 0.0005057202652096748
138 0.00047434429870918393
139 0.0003885857295244932
140 0.00030603259801864624
141 9.711302845971659e-05
142 0.0002386910782661289
143 0.00010521451622480527
144 0.00013212145131547004
145 0.00014580176502931863
146 0.00010125488915946335
147 0.0003861215081997216
148 0.0002628688816912472
149 0.0003727845032699406
150 0.0001871457789093256
151 0.00031465775100514293
152 7.030455890344456e-05
153 0.00013987299462314695
154 0.00018192178686149418
155 0.00016691612836439162
156 0.0003283267142251134
157 0.00013817990839015692
158 5.084534132038243e-05
159 0.0001651532802497968
160 5.277798845781945e-05
161 0.00012313121987972409
162 0.0001689694036031142
163 0.00016391018289141357
164 0.00021417725656647235
165 0.0002896641381084919
166 0.0002605280897114426
167 0.0004402873164508492
168 0.0003485901979729533
169 8.217796857934445e-05
170 0.0001723129826132208
171 0.0004963575629517436
172 0.00037001995951868594
173 7.21057367627509e-05
174 0.00022402968897949904
175 0.0002655450953170657
176 0.00046870074584148824
177 0.00016976462211459875
178 0.00017833213496487588
179 0.0002433052140986547
180 0.0001694792736088857
181 0.0002017386577790603
182 7.637729868292809e-05
183 0.00012621037603821605
184 0.00016157570644281805
185 9.546926594339311e-05
186 0.00019900665211025625
187 8.249011443695053e-05
188 4.677827382693067e-05
189 0.00010915670281974599
190 7.499282946810126e-05
191 0.00037479554885067046
192 0.00017526438750792295
193 0.00013446580851450562
194 0.00013152322208043188
195 7.400487083941698e-05
196 0.0002766257675830275
197 0.0002551371289882809
198 0.00015485016047023237
199 9.159137698588893e-05
200 5.705680086975917e-05
201 0.00019937944307457656
202 0.00030489719938486814
203 0.00011974643712164834
204 0.0001224358711624518
205 0.00016477811732329428
206 0.000234808205277659
207 7.964901305967942e-05
208 5.168489587958902e-05
209 0.00026963435811921954
210 0.00021420889243017882
211 0.00013112995657138526
212 0.00016487643006257713
213 6.943220068933442e-05
214 0.00019481971685308963
215 0.00014083705900702626
216 0.0002099966222885996
217 0.00013493484584614635
218 0.00037560166674666107
219 0.00038160732947289944
220 0.00036045280285179615
221 0.0004367751826066524
222 0.0008163587772287428
223 0.0014861833769828081
224 0.0006380429840646684
225 0.0009965520584955812
226 0.0007625219877809286
227 0.000493426516186446
228 0.0006500240415334702
229 0.0001990941382246092
230 0.00010812297114171088
231 0.00012037702254019678
232 0.0003539696626830846
233 8.409153815591708e-05
234 0.00010187400766881183
235 4.4148713641334325e-05
236 0.0003156013845000416
237 0.00013558949285652488
238 0.00022647963487543166
239 9.671810403233394e-05
240 0.0002165909972973168
241 6.506730278488249e-05
242 0.00012935575796291232
243 0.00021865293092560023
244 0.000282355525996536
245 8.596655970904976e-05
246 0.00011787948460550979
247 8.58887578942813e-05
248 0.00013888548710383475
249 0.0001199711550725624
250 0.0001221929705934599
251 1.965036972251255e-05
252 2.1251213183859363e-05
253 0.00014296626613941044
254 0.0002810937294270843
255 6.623887020396069e-05
256 6.340452819131315e-05
257 0.0008058134699240327
258 0.0003003670135512948
259 0.0003213397285435349
260 0.0006647977279499173
261 0.0028436968568712473
262 0.003992630634456873
263 0.006895131431519985
264 0.001551872119307518
265 0.002419204916805029
266 0.0015056559350341558
267 0.002580431289970875
268 0.0010845049982890487
269 0.0002746491809375584
270 0.0005029090098105371
271 0.00042754714377224445
272 0.0007270343485288322
273 0.00012881144357379526
274 0.0005502988933585584
275 0.0010622728150337934
276 0.0007282270235009491
277 0.0009881993755698204
278 0.0004360116727184504
279 0.0005641751340590417
280 0.0003705848939716816
281 0.00016992937889881432
282 0.0002815896878018975
283 5.324170342646539e-05
284 8.51492295623757e-05
285 0.0001556339266244322
286 0.0004284882452338934
287 0.000167317790328525
288 4.639053804567084e-05
289 0.00015095689741428941
290 0.0002154662215616554
291 6.885875336593017e-05
292 6.013189704390243e-05
293 7.73988722357899e-05
294 5.838110882905312e-05
295 0.00010776001727208495
296 0.0002310388517798856
297 0.00013424883945845068
298 0.00012750802852679044
299 0.0004203236603643745
300 0.00014236233255360276
301 0.0008223126060329378
302 0.0010076307225972414
303 0.0013755992986261845
304 0.0017400002107024193
305 0.002026858041062951
306 0.001246472354978323
307 0.0011344993254169822
308 0.0008900492102839053
309 0.0014201131416484714
310 0.0011183934984728694
311 0.00024520885199308395
312 0.0005847095744684339
313 0.0002684567298274487
314 0.000457663118140772
315 0.0001645355368964374
316 0.00037952602724544704
317 0.00035760289756581187
318 0.00011057632218580693
319 0.0003453344397712499
320 0.00017919302626978606
321 0.0002824825351126492
322 0.00021499065042007715
323 0.0008221155148930848
324 0.0007470772252418101
325 0.0003053511318285018
326 0.00019039123435504735
327 0.0002557231637183577
328 0.00021687110711354762
329 0.00017122847202699631
330 0.001508629065938294
331 0.0009893594542518258
332 0.0008927382295951247
333 0.0006038850988261402
334 0.0003311149775981903
335 0.00045172704267315567
336 0.0002761038485914469
337 0.0011025844141840935
338 0.00040439877193421125
339 0.0004418369790073484
340 0.002393087139353156
341 0.0101776709780097
342 0.00937193725258112
343 0.006349767092615366
344 0.002706345869228244
345 0.0010032227728515863
346 0.0006203441880643368
347 0.0001023247095872648
348 0.00014421761443372816
349 0.0001030481798807159
350 0.0001479755446780473
351 0.00019950830028392375
352 0.0001808058877941221
353 0.00019217746739741415
354 0.0003351867198944092
355 0.00019873982819262892
356 7.563260442111641e-05
357 0.00033838098170235753
358 0.00020113756181672215
359 0.0001623529096832499
360 0.0003125232760794461
361 0.0002770588034763932
362 0.0004672275099437684
363 0.0006473804241977632
364 0.00018216681201010942
365 0.00033626228105276823
366 0.0016571801388636231
367 0.010735232383012772
368 0.0256961639970541
369 0.0450206995010376
370 0.016063880175352097
371 0.05141644924879074
372 0.012056820094585419
373 0.014776308089494705
374 0.006440024822950363
375 0.002294084755703807
376 0.002668508095666766
377 0.0017008150462061167
378 0.000997357303276658
379 0.0011594719253480434
380 0.00026236375560984015
381 8.666890062158927e-05
382 0.00044898659689351916
383 0.00011837312922580168
384 0.00045459120883606374
385 9.897426934912801e-05
386 7.612384797539562e-05
387 4.673230432672426e-05
388 4.0513259591534734e-05
389 0.00034228729782626033
390 0.00024932227097451687
391 0.0003829228808172047
392 6.024793037795462e-05
393 0.00020152112119831145
394 0.00012342566333245486
395 0.00013431848492473364
396 0.00011622693273238838
397 7.523912790929899e-05
398 3.1974810553947464e-05
399 0.00020350576960481703
400 7.216913945740089e-05
401 3.072603794862516e-05
402 0.00035529962042346597
403 0.00024786184076219797
404 0.0001862038334365934
405 0.0005834185285493731
406 0.0001703327870927751
407 0.0003186537360306829
408 0.0004908639239147305
409 0.0004465680103749037
410 0.00014681968605145812
411 0.00022059239563532174
412 0.0007542421808466315
413 0.0007737600826658309
414 0.0004379782185424119
415 0.0002571912482380867
416 0.00039597335853613913
417 0.0004569862794596702
418 0.0003516494471114129
419 0.00019894447177648544
420 0.0001814082934288308
421 0.00019605644047260284
422 0.0005030017928220332
423 0.00026792718563228846
424 9.420160495210439e-05
425 0.0008225082419812679
426 3.163642031722702e-05
427 0.00030221196357160807
428 0.0003074446285609156
429 0.00028571486473083496
430 0.00018986535724252462
431 0.0001856766320997849
432 0.00018906392506323755
433 4.538671055343002e-05
434 0.0003159069747198373
435 0.0003464399487711489
436 0.00037950099795125425
437 0.00015561573673039675
438 0.00018657911277841777
439 0.00019717167015187442
440 0.0001815650175558403
441 0.001199836260639131
442 0.0002218685986008495
443 0.0005274555878713727
444 0.0005591223598457873
445 0.00023150786000769585
446 0.00019467031233944
447 0.0008138061966747046
448 0.0005052200285717845
449 0.00026853178860619664
450 6.353543722070754e-05
451 0.0005249112145975232
452 0.00025295172235928476
453 0.0005396789638325572
454 0.00036135988193564117
455 0.0003995798761025071
456 0.0003800715785473585
457 0.00012208567932248116
458 0.0002732683205977082
459 0.0012923238100484014
460 0.0002460158139001578
461 0.000247104384470731
462 0.0004535804328043014
463 0.0001990110904444009
464 0.00023902987595647573
465 0.00014657797873951495
466 0.00022054571309126914
467 0.0001335162960458547
468 0.00055284658446908
469 0.0003040535084437579
470 0.0007793491240590811
471 0.0045201461762189865
472 0.0013099501375108957
473 0.001195848803035915
474 0.0019473691936582327
475 0.0023085589054971933
476 0.005941045004874468
477 0.007492661941796541
478 0.0024866019375622272
479 0.008983113802969456
480 0.0007144612027332187
481 0.0012448410270735621
482 0.0011505510192364454
483 0.004876572173088789
484 0.0007721880683675408
485 0.0017376006580889225
486 0.0018322558607906103
487 0.001286716666072607
488 0.0013351624365895987
489 0.0006000493303872645
490 0.0006057346472516656
491 0.000583113927859813
492 0.0003475261037237942
493 0.0015075340634211898
494 0.001987745286896825
495 0.0007423638016916811
496 0.0012698849895969033
497 0.00027682792278937995
498 0.000574720383156091
499 0.0002996941620949656
500 0.0003875760594382882
501 0.00022456665465142578
502 0.0004544157418422401
503 0.0002201880852226168
504 0.0003803982399404049
505 0.0007547937566414475
506 0.0010880149202421308
507 0.0006793710053898394
508 0.0006391050992533565
509 0.000942745478823781
510 0.00190852046944201
511 0.01764172874391079
512 0.010281626135110855
513 0.007317821029573679
514 0.012434884905815125
515 0.02534780092537403
516 0.0013055818853899837
517 0.003269872860983014
518 0.0018681426299735904
519 0.0006990841357037425
520 0.0005212409305386245
521 0.00024300903896801174
522 0.00010920330532826483
523 0.0003241206577513367
524 0.00022797982092015445
525 0.00017336971359327435
526 0.0006867347983643413
527 0.00047928752610459924
528 0.0007148958975449204
529 0.0006830699858255684
530 0.0004438340838532895
531 0.00019811578385997564
532 0.00018047427874989808
533 0.00014987669419497252
534 0.00029241712763905525
535 0.0001949170109583065
536 8.84558612597175e-05
537 5.283112113829702e-05
538 0.0001194658616441302
539 0.0001599727402208373
540 0.00011301857739454135
541 0.00014339896733872592
542 0.00035028165439143777
543 0.0003013790410477668
544 0.00015139383322093636
545 4.2345691326772794e-05
546 0.0001142779947258532
547 9.117551962845027e-05
548 0.00018735688354354352
549 0.00012682775559369475
550 0.0003821734571829438
551 0.00018994518904946744
552 0.000317721045576036
553 0.0001314210385316983
554 0.00029327644733712077
555 0.00017431689775548875
556 0.00016791903181001544
557 0.00011832010204670951
558 0.00010997689969372004
559 4.975708361598663e-05
560 0.0004910276620648801
561 0.00013354058319237083
562 0.0005340735660865903
563 0.00042512972140684724
564 0.00026702031027525663
565 0.000365737039828673
566 0.00012930821685586125
567 0.0005015740171074867
568 0.007021368946880102
569 0.003018585266545415
570 0.0003869604552164674
571 0.0007082264055497944
572 0.0006559439352713525
573 0.00019252541824243963
574 0.0003451763477642089
575 0.00042861216934397817
576 0.0004965307307429612
577 0.0014760304475203156
578 0.0012945185881108046
579 0.0002796482003759593
580 0.001316890469752252
581 0.009193661622703075
582 0.002665061503648758
583 0.0014908616431057453
584 0.0034947122912853956
585 0.0025635145138949156
586 0.003427674528211355
587 0.0016891235718503594
588 0.0030630275141447783
589 0.0033179842866957188
590 0.0014767168322578073
591 0.003606130601838231
592 0.004547344986349344
593 0.006448783911764622
594 0.007325705606490374
595 0.004380079917609692
596 0.003218891564756632
597 0.012082359753549099
598 0.003510712645947933
599 0.00533348647877574
600 0.014729241840541363
601 0.008289128541946411
602 0.005320319905877113
603 0.004814164713025093
604 0.0035188584588468075
605 0.0012956119608134031
606 0.0009871798101812601
607 0.00041964376578107476
608 0.00031726600718684494
609 0.00012957492435816675
610 0.00016087183030322194
611 0.00010319185821572319
612 0.00011401144729461521
613 0.0002548265620134771
614 0.00011295166041236371
615 0.0002138308045687154
616 9.135904838331044e-05
617 0.00010554339678492397
618 9.295219206251204e-05
619 5.202610554988496e-05
620 0.00010152153845410794
621 0.00019556858751457185
622 0.0001456202589906752
623 0.00014670980453956872
624 0.00036960552097298205
625 0.0002581510052550584
626 0.00011060778342653066
627 0.00017150126222986728
628 0.00019948126282542944
629 0.00037443023757077754
630 7.84479416324757e-05
631 0.00017021613894030452
632 0.0006090815295465291
633 0.0008397978963330388
634 0.00016135272744577378
635 7.439628825522959e-05
636 0.00013294241216499358
637 0.0007530784350819886
638 0.0005139945424161851
639 0.00015142413030844182
640 0.0004018204053863883
641 0.0017673092661425471
642 0.0009409547783434391
643 0.0005134217790327966
644 0.00045147433411329985
645 0.0009613400907255709
646 0.0002518570690881461
647 0.0002998806594405323
648 0.0002563444431871176
649 0.00043936679139733315
650 0.00012438073463272303
651 0.0005476564401760697
652 0.0001604438730282709
653 8.59528809087351e-05
654 0.00018462336447555572
655 0.0006350222392939031
656 0.0004806069773621857
657 0.00014909738092683256
658 6.441450386773795e-05
659 0.0003343198914080858
660 0.00243151537142694
661 0.008188772946596146
662 0.0010398287558928132
663 0.0009474995895288885
664 0.008487519808113575
665 0.0060124690644443035
666 0.0030183768831193447
667 0.003197370795533061
668 0.0004482669464778155
669 0.0014292020350694656
670 0.0005123149021528661
671 0.0009910025401040912
672 0.00042118405690416694
673 0.00047918138443492353
674 0.00025981137878261507
675 0.00018953684775624424
676 0.00014176752301864326
677 0.0002545494062360376
678 0.0002018582308664918
679 0.00019572649034671485
680 4.4426677050068974e-05
681 0.0005154148675501347
682 0.0003202497900929302
683 7.847342203604057e-05
684 0.00010718755220295861
685 4.638180689653382e-05
686 0.0001267855695914477
687 6.834682426415384e-05
688 8.009033626876771e-05
689 0.00021439760166686028
690 0.00017044026753865182
691 7.611805631313473e-05
692 0.0001304916659137234
693 0.00024166589719243348
694 0.0003257876669522375
695 0.00010428808309370652
696 0.000499068817589432
697 0.00016856109141372144
698 0.0003346674784552306
699 0.0007135675405152142
700 0.0010376354912295938
701 0.0008651225361973047
702 0.0008468977175652981
703 0.0009385248995386064
704 0.0005345461540855467
705 0.0003182471846230328
706 0.00030709331622347236
707 0.0010087008122354746
708 0.00021440577984321862
709 0.00336705450899899
710 0.0005050538456998765
711 0.00105255504604429
712 0.001799973426386714
713 0.001966634299606085
714 0.0009096580324694514
715 0.0012583823408931494
716 0.0021858818363398314
717 0.0006600274355150759
718 0.0003141349006909877
719 0.0008041327819228172
720 0.0023832619190216064
721 0.0012128327507525682
722 0.0020504111889749765
723 0.0024349221494048834
724 0.0012497693533077836
725 0.000367181608453393
726 0.0008508356404490769
727 0.0006960576865822077
728 0.010145990177989006
729 0.017317458987236023
730 0.003690628334879875
731 0.0011034442577511072
732 0.0021048772614449263
733 0.0015963498735800385
734 0.001080298563465476
735 0.00025435921270400286
736 0.0004935896140523255
737 0.000387226406019181
738 0.0010887174867093563
739 0.00015388199244625866
740 0.000158520822878927
741 0.000744829885661602
742 0.00047696774709038436
743 0.0005583135061897337
744 0.0027322701644152403
745 0.0013418871676549315
746 0.0017228156793862581
747 0.004998168908059597
748 0.0012431669747456908
749 0.001579222152940929
750 0.002165742451325059
751 0.0015412492211908102
752 0.0005640184390358627
753 0.0003748789895325899
754 0.00044334231643006206
755 0.00035802845377475023
756 0.0003170033451169729
757 0.0005738020408898592
758 0.00026448271819390357
759 0.00016482252976857126
760 0.000236514417338185
761 0.0005727092502638698
762 0.0007654667715542018
763 0.0001659632835071534
764 0.00029277458088472486
765 0.00035300024319440126
766 8.120744314510375e-05
767 0.0003346054581925273
768 0.0010318700224161148
769 0.00013054431474301964
770 0.0004544647817965597
771 0.0007740265573374927
772 0.002260214649140835
773 0.003790551330894232
774 0.0025173036847263575
775 0.0029859517235308886
776 0.009462764486670494
777 0.004409736022353172
778 0.0006729894084855914
779 0.000393434806028381
780 0.0001565962447784841
781 0.00014181654842104763
782 0.0004069526039529592
783 8.482777047902346e-05
784 0.00017541674606036395
785 0.000266033603111282
786 0.0003083464689552784
787 7.860126061132178e-05
788 0.0001414911384927109
789 0.0001365771604469046
790 0.00016020525072235614
791 0.0001600866817170754
792 0.00015850980707909912
793 0.00018311980238649994
794 0.00010367307550041005
795 0.0007352748652920127
796 0.0008709396934136748
797 0.00040646709385327995
798 0.0009368908358737826
799 0.0025921291671693325
800 0.0009024397004395723
801 0.000467597070382908
802 0.00019735383102670312
803 0.0003424810420256108
804 0.00030738592613488436
805 0.0003727974835783243
806 0.00018038788402918726
807 0.0002595227269921452
808 6.110972026363015e-05
809 0.0004099618527106941
810 0.0001775705168256536
811 0.00010835114517249167
812 0.0002952324284706265
813 0.0002290293195983395
814 7.569589070044458e-05
815 0.0010450845584273338
816 0.0011435216292738914
817 0.0006947855581529438
818 0.0005706131923943758
819 0.003951123915612698
820 0.002299338113516569
821 0.01749599166214466
822 0.005123371258378029
823 0.03414278104901314
824 0.00665180291980505
825 0.01933882385492325
826 0.003793576033785939
827 0.0012754459166899323
828 0.005641428288072348
829 0.0009430564241483808
830 0.00028149058925919235
831 0.0005393677856773138
832 0.00017292401753365993
833 0.00023060808598529547
834 0.0005338931223377585
835 0.00041833764407783747
836 0.005753733217716217
837 0.003146279836073518
838 0.006686484906822443
839 0.0008702598861418664
840 0.0008363176602870226
841 0.0007749925716780126
842 0.0012313519837334752
843 0.0008332290453836322
844 0.00016125004913192242
845 0.0004945395048707724
846 0.00016194234194699675
847 0.0001787386427167803
848 0.00011156495020259172
849 0.0002289926924277097
850 0.00010368362563895062
851 8.364999666810036e-05
852 0.0005073090433143079
853 7.024223305052146e-05
854 0.00039304266101680696
855 0.0002730874693952501
856 7.299715070985258e-05
857 7.111165177775547e-05
858 9.347063314635307e-05
859 0.0001558745716465637
860 0.0007485553505830467
861 0.00031820975709706545
862 0.00017839051724877208
863 0.00010851502884179354
864 0.00018090865341946483
865 6.490563100669533e-05
866 4.484475721255876e-05
867 7.273155642906204e-05
868 9.506412607152015e-05
869 0.00013723064330406487
870 7.544403342762962e-05
871 0.00017707314691506326
872 0.00010998299694620073
873 9.106109791900963e-05
874 6.446780753321946e-05
875 0.00011390634608687833
876 6.858174310764298e-05
877 0.0002020572719629854
878 9.281888196710497e-05
879 0.0006360103725455701
880 8.528509351890534e-05
881 6.643375672865659e-05
882 0.00012561427138280123
883 2.9706521672778763e-05
884 0.0006311236647889018
885 0.0005457195802591741
886 0.0005891467444598675
887 0.00015730400627944618
888 7.088857819326222e-05
889 8.939680265029892e-05
890 0.0002498267567716539
891 0.0001805756037356332
892 0.00014631790691055357
893 0.0001316962152486667
894 9.580868209013715e-05
895 0.00027842377312481403
896 4.5630717067979276e-05
897 0.00010141679376829416
898 0.00024306730483658612
899 0.0004021468630526215
900 0.00025867848307825625
901 0.00010092494630953297
902 0.00014319710317067802
903 0.00018128218653146178
904 0.00019294903904665262
905 0.00013199250679463148
906 9.087596117751673e-05
907 9.933830733643845e-05
908 9.084383782465011e-05
909 0.0001979487860808149
910 4.7984689445002005e-05
911 6.482967000920326e-05
912 0.00012090432574041188
913 4.946154876961373e-05
914 0.00015292142052203417
915 6.925054913153872e-05
916 0.00011079639079980552
917 0.00024970649974420667
918 0.0001383444614475593
919 0.00015630887355655432
920 0.0001887548278318718
921 0.0003285646380390972
922 0.00011752837599487975
923 0.0006862105219624937
924 0.00047541188541799784
925 0.0008820269722491503
926 0.00038164592115208507
927 0.0008654922712594271
928 0.00012618879554793239
929 0.001042247167788446
930 0.00171950354706496
931 0.0064450157806277275
932 0.0047761257737874985
933 0.0020776307210326195
934 0.004923241212964058
935 0.003906456753611565
936 0.0012708337744697928
937 0.0018913008971139789
938 0.00020480684179347008
939 0.00012612964201252908
940 7.702641596551985e-05
941 0.0007134886109270155
942 0.0004649788897950202
943 0.00026853886083699763
944 0.00021734647452831268
945 0.00018383572751190513
946 8.352811710210517e-05
947 0.00010961945372400805
948 0.0007970167207531631
949 0.0007858384633436799
950 0.002130527049303055
951 0.0001246646570507437
952 0.0006380746490322053
953 0.0007085343822836876
954 0.0003635761677287519
955 0.00033524283207952976
956 0.0005540917627513409
957 0.000416850030887872
958 0.0006219897768460214
959 0.0005373814492486417
960 0.00039753661258146167
961 0.0004898794577457011
962 0.0003530187241267413
963 0.0012171212583780289
964 0.011820525862276554
965 0.001965791918337345
966 0.011982698924839497
967 0.0026392294093966484
968 0.0017117626266553998
969 0.002268006559461355
970 0.0006991992704570293
971 0.0006650350405834615
972 0.0004091970040462911
973 0.00033805400016717613
974 0.0004487113328650594
975 0.00027040255372412503
976 8.012371108634397e-05
977 0.00022316398099064827
978 8.22514048195444e-05
979 0.00013237578968983144
980 0.00011297343735350296
981 0.00033587944926694036
982 0.00020382323418743908
983 0.001679187174886465
984 0.0003154739097226411
985 0.00032857831683941185
986 0.0002467396843712777
987 0.00023629663337487727
988 0.0005660467431880534
989 0.0001964772236533463
990 0.00020045186101924628
991 0.00024632670101709664
992 0.0005098683177493513
993 0.000156864887685515
994 0.00017459748778492212
995 0.00013659372052643448
996 0.00012351537588983774
997 9.171339479507878e-05
998 6.94094633217901e-05
999 9.227645205100998e-05
1000 2.4029122869251296e-05
1001 4.5257063902681693e-05
1002 5.2303810662124306e-05
1003 3.9028487663017586e-05
1004 0.00012536074791569263
1005 6.496049900306389e-05
1006 0.00021883902081754059
1007 0.00011063583224313334
1008 0.00023848944692872465
1009 0.00011627357162069529
1010 0.00023592782963532954
1011 0.0003347930032759905
1012 0.0003174411249347031
1013 0.00023408400011248887
1014 0.0030987197533249855
1015 0.00019868950766976923
1016 0.01388891413807869
1017 0.0052820835262537
1018 0.006501763127744198
1019 0.026287734508514404
1020 0.008480867370963097
1021 0.0015568204689770937
1022 0.000164935045177117
1023 0.00019551641889847815
1024 0.00010691127681639045
1025 9.433317609364167e-05
1026 8.799005445325747e-05
1027 0.00020233170653227717
1028 9.777044760994613e-05
1029 6.785728328395635e-05
1030 0.0002205453347414732
1031 0.00013849842071067542
