0 7.6597981452941895
1 9.360161781311035
2 7.485416889190674
3 2.4090068340301514
4 1.1308565139770508
5 7.148778915405273
6 5.670208930969238
7 1.8075159788131714
8 2.0346527099609375
9 4.362911701202393
10 3.166816234588623
11 3.1432807445526123
12 4.238284111022949
13 1.501831293106079
14 1.4735767841339111
15 0.3921061158180237
16 0.30797532200813293
17 0.20107531547546387
18 0.19827502965927124
19 0.04585806652903557
20 0.05023850128054619
21 0.033972177654504776
22 0.019375765696167946
23 0.018954383209347725
24 0.010000075213611126
25 0.01478649117052555
26 0.005760838743299246
27 0.007884702645242214
28 0.006824337411671877
29 0.002975155133754015
30 0.004812207072973251
31 0.00170842744410038
32 0.0018231833819299936
33 0.00326479971408844
34 0.0017714014975354075
35 0.0012128223897889256
36 0.0018171684350818396
37 0.0018778435187414289
38 0.0031489641405642033
39 0.0021416416857391596
40 0.0012303788680583239
41 0.0014743368374183774
42 0.0011023214319720864
43 0.0007587116560898721
44 0.0011682030744850636
45 0.0012071168748661876
46 0.0010653561912477016
47 0.0005707052769139409
48 0.0007536615594290197
49 0.00035294672125019133
50 0.0011436090571805835
51 0.0006226719706319273
52 0.00041136142681352794
53 0.0007280549616552889
54 0.00040361593710258603
55 0.0006631500436924398
56 0.00020161400607321411
57 0.00018515867122914642
58 8.055076614255086e-05
59 0.0005940065020695329
60 0.0007040464552119374
61 0.0007829160895198584
62 0.0007188922027125955
63 0.0003064821066800505
64 0.0013915813760831952
65 0.0004355066630523652
66 0.0003444030589889735
67 0.000327762943925336
68 0.0003461407613940537
69 0.00027709631831385195
70 0.00019650608010124415
71 0.00021345091226976365
72 8.291850099340081e-05
73 0.00011081827688030899
74 9.039831638801843e-05
75 0.00011610406363615766
76 0.0001179019091068767
77 0.0005563405575230718
78 0.000320988183375448
79 0.00021437802934087813
80 0.00024217285681515932
81 0.0004283349262550473
82 0.0004996803472749889
83 7.523121894337237e-05
84 0.00030808240990154445
85 0.00018294084293302149
86 0.00013462878996506333
87 9.510037489235401e-05
88 0.0001569158339407295
89 0.00016800384037196636
90 0.0003040964074898511
91 0.00019916794553864747
92 0.00011005194392055273
93 0.00021216992172412574
94 9.729312296258286e-05
95 0.00017713147099129856
96 0.0002896883524954319
97 5.5099651945056394e-05
98 0.0002465431171003729
99 4.3701591494027525e-05
100 0.00013615659554488957
101 0.00047891176654957235
102 0.0007737735868431628
103 0.00030511454679071903
104 0.0002969913766719401
105 0.00018546996579971164
106 0.0001293741079280153
107 2.399548247922212e-05
108 5.296686140354723e-05
109 9.964000491891056e-05
110 0.00010993993782903999
111 7.865532825235277e-05
112 0.0001338282017968595
113 0.00013647637388203293
114 0.0005181137821637094
115 0.006398057099431753
116 0.011569843627512455
117 0.015839191153645515
118 0.006878174841403961
119 0.009672782383859158
120 0.00970865972340107
121 0.002607818692922592
122 0.0005181721644476056
123 0.001163540524430573
124 0.00048385007539764047
125 0.0004386891087051481
126 0.00018049663049168885
127 0.0033392354380339384
128 0.003460806328803301
129 0.00013575317279901356
130 0.0022695527877658606
131 0.000430568732554093
132 0.00019846441864501685
133 0.00014890870079398155
134 0.0001451879070373252
135 7.205930160125718e-05
136 0.0001498932106187567
137 8.778226037975401e-05
138 0.0002221593022113666
139 8.276463631773368e-05
140 0.00020718746236525476
141 0.00022508502297569066
142 7.97633474576287e-05
143 6.415332609321922e-05
144 0.00025289252516813576
145 0.0002078303077723831
146 0.0001924794923979789
147 7.91997299529612e-05
148 0.00018275025649927557
149 7.307555642910302e-05
150 0.00022193827317096293
151 7.593270129291341e-05
152 0.0002530787605792284
153 5.2136980229988694e-05
154 8.039924432523549e-05
155 0.000522343791089952
156 0.00020394900639075786
157 0.00020017431234009564
158 0.00010684762673918158
159 7.994129555299878e-05
160 0.00014481291873380542
161 9.565176151227206e-05
162 0.001135741244070232
163 0.001072103506885469
164 0.0002633306139614433
165 0.00022494877339340746
166 0.0001746812486089766
167 0.0007570955203846097
168 0.00024603045312687755
169 0.0065269144251942635
170 0.0003077953588217497
171 0.0026865280233323574
172 0.0011022877879440784
173 0.001493804040364921
174 0.001335828099399805
175 0.0006871432415209711
176 0.003864891827106476
177 0.0002768063568510115
178 0.007930065505206585
179 0.006507766433060169
180 0.002843703841790557
181 0.001931419363245368
182 0.0012473799288272858
183 0.004789981059730053
184 0.0013906185049563646
185 0.0012329858727753162
186 0.003426407463848591
187 0.000599821622017771
188 0.0002778468478936702
189 0.004290808457881212
190 0.002783725503832102
191 0.007835770957171917
192 0.001206125132739544
193 0.0009620216442272067
194 0.002770919119939208
195 0.00199270062148571
196 0.001483688596636057
197 0.003406375180929899
198 0.00386789464391768
199 0.0036110987421125174
200 8.91546078491956e-05
201 0.0006056541460566223
202 0.0006237532943487167
203 0.0003411702055018395
204 0.0002369634894421324
205 8.865197014529258e-05
206 7.520680082961917e-05
207 4.225533484714106e-05
208 9.396356472279876e-05
209 0.0010841898620128632
210 0.0004349361115600914
211 0.0003972254053223878
212 0.0002760817587841302
213 0.00019062637875322253
214 0.00033031104248948395
215 0.0001866780366981402
216 0.0001091427548089996
217 8.771125430939719e-05
218 0.00018301664385944605
219 0.004912924021482468
220 0.014567064121365547
221 0.014694861136376858
222 0.02667734958231449
223 0.057174261659383774
224 0.0586034320294857
225 0.005250838585197926
226 0.0044994349591434
227 0.0011674161069095135
228 0.0005057168309576809
229 0.0006217635818757117
230 0.0005197717109695077
231 0.00012818732648156583
232 0.00038600177504122257
233 0.00010926530376309529
234 0.00023106976004783064
235 0.00016671436605975032
236 6.646231486229226e-05
237 0.0001630212354939431
238 9.248881542589515e-05
239 0.00010310662037227303
240 4.984482075087726e-05
241 0.00011218136205570772
242 2.5631088647060096e-05
243 0.00014682220353279263
244 3.936074790544808e-05
245 2.774899621726945e-05
246 8.476292714476585e-05
247 3.355026274221018e-05
248 2.9259424991323613e-05
249 3.0084402169450186e-05
250 3.5585835576057434e-05
251 8.514047658536583e-05
252 3.063935218960978e-05
253 9.348708408651873e-05
254 1.7347214452456683e-05
255 3.907708378392272e-05
256 4.044298475491814e-05
257 6.102649786043912e-05
258 9.300345845986158e-05
259 5.359697388485074e-05
260 6.93749389029108e-05
261 4.343832188169472e-05
262 5.8492292737355456e-05
263 6.603824294870719e-05
264 1.8510318113840185e-05
265 4.314336911193095e-05
266 2.4507362468284555e-05
267 4.2512623622315004e-05
268 5.812074232380837e-05
269 6.88949876348488e-05
270 7.174807251431048e-05
271 3.076307621086016e-05
272 6.977265729801729e-05
273 0.00014787999680265784
274 9.9151351605542e-05
275 8.777971379458904e-05
276 0.00013270021008793265
277 8.278145105578005e-05
278 0.000138552684802562
279 8.843310934025794e-05
280 8.764459198573604e-05
281 0.00015907478518784046
282 0.000617953366599977
283 0.00022900750627741218
284 7.227999594761059e-05
285 7.871485286159441e-05
286 0.00022438149608206004
287 0.0017100406112149358
288 0.011115266010165215
289 0.0004959137295372784
290 0.012700983323156834
291 0.0028746887110173702
292 0.0031111910939216614
293 0.004801466595381498
294 0.002245052717626095
295 0.0017121975542977452
296 0.011362933553755283
297 0.0031760099809616804
298 0.06427028030157089
299 0.008620758540928364
300 0.0013954492751508951
301 0.003499288810417056
302 0.0003625118697527796
303 0.0016875230940058827
304 0.00041039890493266284
305 0.0011891002068296075
306 0.00025239825481548905
307 0.001772692077793181
308 0.0011634057154878974
309 0.00016647488519083709
310 0.000504139403346926
311 0.00022998308122623712
312 0.0003321389958728105
313 0.0006730661843903363
314 6.536518048960716e-05
315 8.853064355207607e-05
316 7.906595419626683e-05
317 9.901688463287428e-05
318 0.0003457092971075326
319 0.0004245693562552333
320 0.00042449968168511987
321 0.0020961943082511425
322 0.00025459544849582016
323 0.004557790234684944
324 0.0016388442600145936
325 0.01277744397521019
326 0.0031314371153712273
327 0.006629308219999075
328 0.008188909851014614
329 0.002414821647107601
330 0.0008701012120582163
331 0.005195189267396927
332 0.03606289625167847
333 0.0072960807010531425
334 0.017179371789097786
335 0.018801581114530563
336 0.0020124621223658323
337 0.0006969795795157552
338 0.0013300011632964015
339 0.0009607410174794495
340 0.0002198534202761948
341 0.0002427416038699448
342 0.00013819019659422338
343 9.763878188095987e-05
344 6.965224747546017e-05
345 2.9976934456499293e-05
346 5.302459976519458e-05
347 2.4686771212145686e-05
348 2.7294319806969725e-05
349 4.8058678657980636e-05
350 3.858115087496117e-05
351 3.217165431124158e-05
352 2.342716652492527e-05
353 2.091913302137982e-05
354 2.5982251827372238e-05
355 4.288849959266372e-05
356 6.331731856334955e-05
357 4.032105061924085e-05
358 5.432153193396516e-05
359 6.235171895241365e-05
360 9.373926877742633e-05
361 6.267130083870143e-05
362 2.4306054910994135e-05
363 3.21356019412633e-05
364 4.08581763622351e-05
365 2.2687176169711165e-05
366 2.014588244492188e-05
367 5.656918801832944e-05
368 2.986673280247487e-05
369 0.00022709794575348496
370 0.00017014237528201193
371 8.95599732757546e-05
372 3.181630017934367e-05
373 5.838353172293864e-05
374 9.1393398179207e-05
375 4.5140568545321e-05
376 8.182641613529995e-05
377 2.1602854758384638e-05
378 0.00012286876153666526
379 0.0072107636369764805
380 0.0007668347680009902
381 0.009223774075508118
382 0.003437988692894578
383 0.0006235815235413611
384 0.008254789747297764
385 0.02367946319282055
386 0.007747701834887266
387 0.004243167582899332
388 0.0010881989728659391
389 0.00045786413829773664
390 0.0010442135389894247
391 0.0011656633578240871
392 0.0005280206678435206
393 7.560384256066754e-05
394 4.829906174563803e-05
395 9.967316873371601e-05
396 0.00019841008179355413
397 0.0003961061011068523
398 0.002277212683111429
399 0.001137636718340218
400 0.003748991061002016
401 0.0061067696660757065
402 0.025386394932866096
403 0.010269383899867535
404 0.02581571415066719
405 0.015116997994482517
406 0.005332868080586195
407 0.006385742221027613
408 0.0034768590703606606
409 0.015765655785799026
410 0.008848978206515312
411 0.02685665525496006
412 0.04213771969079971
413 0.01825559325516224
414 0.002051598159596324
415 0.002108478918671608
416 0.0007692180806770921
417 0.0008104490698315203
418 0.00020751371630467474
419 0.000236299165408127
420 0.00026793204597197473
421 0.00011630910739768296
422 0.00010527410631766543
423 7.833936979295686e-05
424 3.9299760828725994e-05
425 0.00013155271881259978
426 3.5939752706326544e-05
427 2.952893373731058e-05
428 2.8518135877675377e-05
429 3.784742875723168e-05
430 6.240602670004591e-05
431 7.076066685840487e-05
432 4.590438766172156e-05
433 0.00010221694537904114
434 4.792512481799349e-05
435 3.8175876397872344e-05
436 7.893981819506735e-05
437 0.00014303489297162741
438 5.442746260087006e-05
439 4.6080003812676296e-05
440 3.311358523205854e-05
441 1.7081885744119063e-05
442 4.6379296691156924e-05
443 3.259574805269949e-05
444 4.4393938878783956e-05
445 2.0830317225772887e-05
446 3.1128663977142423e-05
447 9.649627463659272e-05
448 8.359002822544426e-05
449 8.110628550639376e-05
450 0.0002728920371737331
451 5.579138814937323e-05
452 5.9088633861392736e-05
453 8.568327757529914e-05
454 7.338260911637917e-05
455 9.496005077380687e-05
456 4.421638368512504e-05
457 2.501684139133431e-05
458 5.795594188384712e-05
459 4.722153244074434e-05
460 3.0026852982700802e-05
461 3.056423884117976e-05
462 3.684041803353466e-05
463 0.0002774856402538717
464 0.0003213652817066759
465 0.00018769163580145687
466 0.00014825792459305376
467 0.00015947820793371648
468 0.00014352871221490204
469 7.004897634033114e-05
470 8.448679727734998e-05
471 0.0002166401536669582
472 0.00066028768196702
473 0.0004178693925496191
474 0.000171489838976413
475 0.0005319960182532668
476 0.009622054174542427
477 0.007754071615636349
478 0.011983304284512997
479 0.0057125091552734375
480 0.0007806918583810329
481 0.0010938453488051891
482 0.0006344800349324942
483 0.0004662423161789775
484 0.0001407893723808229
485 0.00020027538994327188
486 0.0006767993327230215
487 0.0016895132139325142
488 0.0016812990652397275
489 0.0018252854933962226
490 0.0006962727638892829
491 0.00029530073516070843
492 0.00046884638140909374
493 0.0014287272933870554
494 0.001313894521445036
495 0.004672480281442404
496 0.0036275761667639017
497 0.005888499319553375
498 0.0006961357430554926
499 0.0014671322423964739
500 0.0013479434419423342
501 0.0010046560782939196
502 0.00108225061558187
503 0.007463310845196247
504 0.012214688584208488
505 0.0023986040614545345
506 0.0276014544069767
507 0.005586670245975256
508 0.00410075718536973
509 0.011525736190378666
510 0.009843114763498306
511 0.052884723991155624
512 0.055922310799360275
513 0.014184941537678242
514 0.0244526956230402
515 0.011569812893867493
516 0.006915839854627848
517 0.0014763511717319489
518 0.0005600100848823786
519 0.000480452086776495
520 0.0012853344669565558
521 0.0009745681891217828
522 0.0007443754584528506
523 0.00019965777755714953
524 0.0001067448829417117
525 9.961205796571448e-05
526 9.285430860472843e-05
527 6.814956577727571e-05
528 2.054731157841161e-05
529 2.852612487913575e-05
530 3.326035584905185e-05
531 3.3082193112932146e-05
532 3.517490767990239e-05
533 8.928614988690242e-05
534 4.2771298467414454e-05
535 8.280373003799468e-05
536 7.557567005278543e-05
537 3.1757077522343025e-05
538 4.10484972235281e-05
539 4.009560143458657e-05
540 5.955022788839415e-05
541 0.00010951008152915165
542 5.304654405335896e-05
543 1.4188130080583505e-05
544 3.867032864945941e-05
545 6.882679736008868e-05
546 4.942221858073026e-05
547 3.458272840362042e-05
548 8.394038013648242e-05
549 4.6944853238528594e-05
550 2.2095637177699246e-05
551 0.00015027172048576176
552 0.00033867114689201117
553 0.00015206240641418844
554 8.218488801503554e-05
555 0.0002342407387914136
556 0.0010327768977731466
557 0.0005244542844593525
558 0.0006280280649662018
559 0.0006410350906662643
560 0.00023624757886864245
561 9.28654262679629e-05
562 0.00020882929675281048
563 7.947380072437227e-05
564 0.000477624183986336
565 8.875576895661652e-05
566 7.716566324234009e-05
567 8.385821274714544e-05
568 5.459275780594908e-05
569 0.00010234747605863959
570 4.929147326038219e-05
571 0.00017494121857453138
572 6.66564010316506e-05
573 5.9423877246445045e-05
574 5.818517820443958e-05
575 0.0002231021353509277
576 0.0001853321009548381
577 0.00021478356211446226
578 0.0011230895761400461
579 0.0024761732202023268
580 0.010389828123152256
581 0.001699239481240511
582 0.0013736514374613762
583 0.002361756283789873
584 0.0004885252565145493
585 0.0009360706899315119
586 0.00047170804464258254
587 0.00018841323617380112
588 0.00012906099436804652
589 0.00033790996531024575
590 0.00011226472997805104
591 0.0002650247188284993
592 0.0003232983290217817
593 0.0004984075203537941
594 0.001123283407650888
595 0.00037442907341755927
596 0.0002621958847157657
597 0.0002906824229285121
598 0.000499337853398174
599 0.00022829585941508412
600 0.0002837737265508622
601 0.0005867108702659607
602 0.00039183979970403016
603 0.0006609768606722355
604 0.0021990234963595867
605 0.011705426499247551
606 0.04612453281879425
607 0.05052260681986809
608 0.014355447143316269
609 0.010386348702013493
610 0.004774212837219238
611 0.0008769090054556727
612 0.00036626867949962616
613 0.00017932998889591545
614 0.0003391917562112212
615 0.00022294865630101413
616 7.155838829930872e-05
617 7.042257493594661e-05
618 8.555295062251389e-05
619 5.964209049125202e-05
620 6.297678919509053e-05
621 0.00010927655239356682
622 0.00010653976642061025
623 2.411844252492301e-05
624 6.448392377933487e-05
625 5.316222450346686e-05
626 0.0001273398520424962
627 0.00015511875972151756
628 6.970114191062748e-05
629 4.0731465560384095e-05
630 0.00011090953921666369
631 3.179031773470342e-05
632 6.786420999560505e-05
633 7.782852480886504e-05
634 0.00013839115854352713
635 5.4238043958321214e-05
636 4.619982064468786e-05
637 7.687749894103035e-05
638 3.416665640543215e-05
639 7.955008186399937e-05
640 2.2700965928379446e-05
641 2.857554136426188e-05
642 5.9098128986079246e-05
643 9.478088759351522e-05
644 2.1749039660790004e-05
645 9.770938049769029e-05
646 0.00025922985514625907
647 0.00013678531104233116
648 0.0001434377918485552
649 8.344111847691238e-05
650 0.00014170189388096333
651 0.0008871685131452978
652 0.001307181315496564
653 0.00030528014758601785
654 0.0004321127780713141
655 0.001330919680185616
656 0.0006446065381169319
657 0.00018504841136746109
658 0.00025690477923490107
659 0.0009332863264717162
660 0.002237448003143072
661 0.000424179743276909
662 0.0007140557863749564
663 0.0034120245836675167
664 0.007571301888674498
665 0.010118188336491585
666 0.012770802713930607
667 0.051433417946100235
668 0.05087830498814583
669 0.06271713227033615
670 0.05906764045357704
671 0.05374107137322426
672 0.03919363021850586
673 0.02458304539322853
674 0.0069854301400482655
675 0.007759179454296827
676 0.002685574581846595
677 0.0011409171856939793
678 0.0010395983699709177
679 0.0010916257742792368
680 0.00017125095473602414
681 0.0004615288635250181
682 0.00015456014079973102
683 0.0001491917355451733
684 0.0002013104094658047
685 0.00013428048987407237
686 0.0001392787235090509
687 0.00012825716112274677
688 0.00012564382632263005
689 0.00017673194815870374
690 0.00011762797657866031
691 0.00016644482093397528
692 0.0002371721639065072
693 7.262804138008505e-05
694 7.291269139386714e-05
695 4.819859532290138e-05
696 3.8072361348895356e-05
697 9.77101517491974e-05
698 3.885394107783213e-05
699 7.31822510715574e-05
700 5.0487029511714354e-05
701 9.485692862654105e-05
702 4.146238279645331e-05
703 2.9079032174195163e-05
704 5.337256152415648e-05
705 3.615390960476361e-05
706 7.152207399485633e-05
707 3.3975800761254504e-05
708 6.734120688633993e-05
709 0.0001336422865279019
710 1.9386283383937553e-05
711 5.7492685300530866e-05
712 3.235731855966151e-05
713 7.09367886884138e-05
714 0.0001072508457582444
715 5.8249330322723836e-05
716 2.1088484572828747e-05
717 2.3397817130899057e-05
718 5.499198232428171e-05
719 3.147684765281156e-05
720 8.467934094369411e-05
721 4.129057197133079e-05
722 7.416956214001402e-05
723 2.2225178327062167e-05
724 3.09876813844312e-05
725 5.920782496104948e-05
726 4.320671723689884e-05
727 2.7846737793879583e-05
728 4.6445216867141426e-05
729 1.6169617083505727e-05
730 1.3859457794751506e-05
731 6.188417319208384e-05
732 2.006378781516105e-05
733 2.670727735676337e-05
734 2.0762487110914662e-05
735 2.958800905616954e-05
736 1.8997285224031657e-05
737 1.2387677088554483e-05
738 3.819410267169587e-05
739 2.0939032765454613e-05
740 0.00014115461090113968
741 3.392040525795892e-05
742 5.378030618885532e-05
743 6.737778312526643e-05
744 0.00016328459605574608
745 9.810071060201153e-05
746 4.888400144409388e-05
747 8.132898074109107e-05
748 5.9310757933417335e-05
749 4.3088199163321406e-05
750 4.0749466279521585e-05
751 1.0770037079055328e-05
752 2.6990830519935116e-05
753 0.0001207481327583082
754 0.00012983017950318754
755 5.700193651136942e-05
756 0.00011942075798287988
757 0.00014810306311119348
758 9.882988524623215e-05
759 0.00021131901303306222
760 0.00024386541917920113
761 0.00017865884001366794
762 0.00025547409313730896
763 0.0005116218817420304
764 6.260909867705777e-05
765 0.0005772102158516645
766 0.000510995218064636
767 0.0074599673971533775
768 0.10020629316568375
769 0.0073186494410037994
770 0.011311276815831661
771 0.003809156361967325
772 0.0007226968882605433
773 0.0006810091435909271
774 0.0005568077904172242
775 0.00028273428324609995
776 0.00028667820151895285
777 0.00019157727365382016
778 0.00012071085802745074
779 0.00010414297867100686
780 0.0001777607249096036
781 0.00010204799036728218
782 0.0001102209062082693
783 9.735597996041179e-05
784 0.00011500113760121167
785 0.00021200093033257872
786 0.00019067287212237716
787 8.015854109544307e-05
788 0.00024679049965925515
789 0.00020440711523406208
790 0.0001881330244941637
791 0.00013602986291516572
792 0.00017114653019234538
793 7.366108184214681e-05
794 0.00010749288776423782
795 0.00019222033733967692
796 0.0002885092981159687
797 8.362238440895453e-05
798 5.293455978971906e-05
799 0.0001534076000098139
800 6.39527861494571e-05
801 0.00015863218868616968
802 8.362181688426062e-05
803 0.00010158853547181934
804 0.00014412619930226356
805 0.00010328372445655987
806 0.00012960117601323873
807 0.00014925733557902277
808 0.00011272411211393774
809 5.503743886947632e-05
810 7.304445171030238e-05
811 3.57224271283485e-05
812 3.575230948626995e-05
813 7.584762352053076e-05
814 0.00011333954171277583
815 0.00018815722432918847
816 0.0001166990987258032
817 0.00015333894407376647
818 0.00023873685859143734
819 0.00012643892841879278
820 0.0008292266284115613
821 0.0007191327167674899
822 0.0007639024406671524
823 0.00033891608472913504
824 0.0005316741298884153
825 0.0015249010175466537
826 0.0003453833342064172
827 0.0003225008549634367
828 0.0002741413190960884
829 0.00025860563619062304
830 0.0003676303895190358
831 0.00016164193220902234
832 0.0001007940954877995
833 0.00023544424038846046
834 0.0005500544211827219
835 0.0004875067970715463
836 0.0002464120334479958
837 0.00013045858941040933
838 0.00020269704691600055
839 0.000576116843149066
840 0.0003541582264006138
841 0.00020255098934285343
842 0.00040382641600444913
843 0.000371513917343691
844 0.00047565787099301815
845 0.00014246816863305867
846 0.0008196239359676838
847 0.0006958667072467506
848 0.0006009457283653319
849 0.0006065502529963851
850 0.00030645832885056734
851 0.0009961494943127036
852 0.002992867026478052
853 0.002066955203190446
854 0.004516943357884884
855 0.001970914425328374
856 0.005115685053169727
857 0.0032161495182663202
858 0.02020668424665928
859 0.0024710826110094786
860 0.001667348900809884
861 0.008352123200893402
862 0.003580014919862151
863 0.0020075037609785795
864 0.0012184777297079563
865 0.0013766761403530836
866 0.0016993311000987887
867 0.0006702085374854505
868 0.0005619775620289147
869 0.001803503604605794
870 0.0012263859389349818
871 0.0013121452648192644
872 0.005316353868693113
873 0.0009750131866894662
874 0.000782497227191925
875 0.0007486800313927233
876 0.0005014914786443114
877 0.00041546259308233857
878 0.0005624559707939625
879 0.0004409615066833794
880 0.00026883144164457917
881 0.0001587110891705379
882 0.00020022167882416397
883 0.0004455760936252773
884 0.0007469482952728868
885 0.00045917273382656276
886 0.00017777808534447104
887 0.000168122976901941
888 0.0002514112857170403
889 0.00019612719188444316
890 0.0002610054216347635
891 0.0008232228574343026
892 0.0009312302572652698
893 0.0009749075979925692
894 0.0013140033697709441
895 0.0016852094558998942
896 0.0022737605031579733
897 0.0045690881088376045
898 0.0016990771982818842
899 0.004249146208167076
900 0.002263926435261965
901 0.01098213717341423
902 0.020508073270320892
903 0.010108660906553268
904 0.003916481044143438
905 0.010190045461058617
906 0.004200686700642109
907 0.0027630957774817944
908 0.0037905056960880756
909 0.011294441297650337
910 0.006010662764310837
911 0.0017899669473990798
912 0.0015790396137163043
913 0.0017537734238430858
914 0.0019757826812565327
915 0.000575339887291193
916 0.00043550090049393475
917 0.00020083898562006652
918 0.00011922666453756392
919 7.353346882155165e-05
920 0.0004142804828006774
921 0.00032418943010270596
922 0.0002599921135697514
923 0.00016829822561703622
924 5.685320502379909e-05
925 9.484866313869134e-05
926 7.153414480853826e-05
927 0.00028541701612994075
928 0.00043591944267973304
929 0.00016087695257738233
930 0.00032490494777448475
931 0.00015176174929365516
932 4.5939192204969004e-05
933 4.586192517308518e-05
934 5.336638059816323e-05
935 3.7408695789054036e-05
936 0.00012469006469473243
937 6.137822492746636e-05
938 0.00013024355575907975
939 8.894852362573147e-05
940 0.0001712402590783313
941 0.0001433754659956321
942 0.0002218667941633612
943 0.0006447596824727952
944 0.00016286720347125083
945 0.0004527487908490002
946 0.0004203538119327277
947 0.00017578424012754112
948 0.0002709115797188133
949 0.00024503289023414254
950 0.00032281570020131767
951 0.00019126410188619047
952 0.00016763890744186938
953 0.000213800638448447
954 0.00011233856639591977
955 5.0867503887275234e-05
956 0.0003465971094556153
957 0.000313659809762612
958 0.0012550516985356808
959 0.005918914917856455
960 0.0009525971254333854
961 0.0014183184830471873
962 0.001351187122054398
963 0.0009072828106582165
964 0.0010450552217662334
965 0.0015871282666921616
966 0.0020167019683867693
967 0.0021428982727229595
968 0.003624705132097006
969 0.00527485366910696
970 0.0006580394692718983
971 0.0010132021270692348
972 0.00037034868728369474
973 0.00023930231691338122
974 0.0003802984720095992
975 0.0003950247773900628
976 0.0006700145313516259
977 0.0008601699373684824
978 0.0008066914160735905
979 0.0004491115687415004
980 0.0004755188710987568
981 0.002212062943726778
982 0.012315880507230759
983 0.015921935439109802
984 0.013369258493185043
985 0.0012552209664136171
986 0.001285589998587966
987 0.0007788549410179257
988 0.00045777781633660197
989 0.0002836059429682791
990 0.00034071828122250736
991 0.00013063552614767104
992 5.7155943068210036e-05
993 9.47355292737484e-05
994 8.797397458693013e-05
995 0.0001957748900167644
996 7.308018393814564e-05
997 2.301493259437848e-05
998 0.00013893288269173354
999 5.1564216846600175e-05
