0 151.1170196533203
1 147.93678283691406
2 144.30850219726562
3 140.95570373535156
4 140.2310028076172
5 139.95460510253906
6 137.22894287109375
7 136.71063232421875
8 130.90432739257812
9 128.55140686035156
10 128.33062744140625
11 127.12227630615234
12 123.69269561767578
13 119.06454467773438
14 117.58592987060547
15 114.52421569824219
16 114.52185821533203
17 112.15069580078125
18 110.71945190429688
19 110.68444061279297
20 104.35205841064453
21 102.3246841430664
22 99.74173736572266
23 101.5033187866211
24 98.01024627685547
25 96.87828063964844
26 94.90310668945312
27 91.31561279296875
28 89.61881256103516
29 89.56653594970703
30 86.21820068359375
31 85.18460083007812
32 86.09967803955078
33 81.4284896850586
34 79.04796600341797
35 79.5026626586914
36 77.35033416748047
37 74.53561401367188
38 75.00071716308594
39 73.92589569091797
40 71.07106018066406
41 71.29704284667969
42 67.62645721435547
43 65.35523986816406
44 62.980804443359375
45 62.58964157104492
46 60.59912109375
47 62.631370544433594
48 62.49220275878906
49 61.220001220703125
50 55.98460388183594
51 58.1760368347168
52 53.96259307861328
53 53.344486236572266
54 52.391597747802734
55 53.115623474121094
56 49.2557373046875
57 46.58504104614258
58 46.94781494140625
59 43.75947570800781
60 47.4857292175293
61 41.76808547973633
62 43.0953254699707
63 44.08252716064453
64 42.393856048583984
65 39.28883743286133
66 42.66864776611328
67 41.87021255493164
68 40.05259704589844
69 33.24397659301758
70 33.7172966003418
71 31.66170883178711
72 35.698055267333984
73 32.224578857421875
74 31.875205993652344
75 34.208770751953125
76 31.00388526916504
77 27.090003967285156
78 30.904279708862305
79 26.01628303527832
80 24.66535758972168
81 27.670654296875
82 30.521217346191406
83 24.75006866455078
84 26.093210220336914
85 27.868947982788086
86 27.82254981994629
87 22.657976150512695
88 27.81808853149414
89 24.54142189025879
90 22.994834899902344
91 20.64706039428711
92 24.127208709716797
93 19.717113494873047
94 18.912124633789062
95 19.16063690185547
96 24.03235626220703
97 19.912864685058594
98 15.509078979492188
99 16.43465805053711
100 17.6339111328125
101 18.903100967407227
102 25.40766143798828
103 17.378856658935547
104 21.10974884033203
105 12.192888259887695
106 16.79104232788086
107 13.544867515563965
108 11.148041725158691
109 15.631495475769043
110 16.298784255981445
111 15.297374725341797
112 11.549562454223633
113 18.73577117919922
114 19.673627853393555
115 15.379592895507812
116 9.5166597366333
117 11.912169456481934
118 13.861732482910156
119 6.728427410125732
120 14.434240341186523
121 7.037082195281982
122 9.781423568725586
123 10.128514289855957
124 12.127670288085938
125 11.201234817504883
126 8.51112174987793
127 14.448324203491211
128 6.527096748352051
129 9.777369499206543
130 12.507204055786133
131 10.646347999572754
132 8.978421211242676
133 8.999752044677734
134 13.200164794921875
135 10.088990211486816
136 7.882736682891846
137 7.1706671714782715
138 10.61763858795166
139 7.198960304260254
140 8.39312744140625
141 11.418396949768066
142 8.877936363220215
143 8.54275131225586
144 6.10247802734375
145 6.254220485687256
146 7.667672157287598
147 4.075254440307617
148 6.037807941436768
149 10.035868644714355
150 10.470139503479004
151 5.870095252990723
152 10.065567016601562
153 8.375415802001953
154 7.508640766143799
155 7.726369380950928
156 3.929898262023926
157 10.023463249206543
158 7.356357097625732
159 6.308377742767334
160 5.5421366691589355
161 9.037979125976562
162 6.146709442138672
163 4.613057613372803
164 3.2414345741271973
165 6.663483619689941
166 5.014683723449707
167 5.998126029968262
168 10.31850528717041
169 5.180508613586426
170 4.039855003356934
171 8.518179893493652
172 7.853911876678467
173 3.5060112476348877
174 6.671923637390137
175 2.819185733795166
176 9.24483871459961
177 8.431059837341309
178 7.732694625854492
179 10.181212425231934
180 3.3194212913513184
181 6.8502888679504395
182 6.023768901824951
183 2.84954571723938
184 6.7912445068359375
185 8.078954696655273
186 2.51957106590271
187 9.45305347442627
188 5.072452545166016
189 4.7512335777282715
190 5.629351615905762
191 8.093600273132324
192 3.5873029232025146
193 4.370018482208252
194 6.4872918128967285
195 5.295073509216309
196 4.1800384521484375
197 5.179059982299805
198 3.2249300479888916
199 8.926807403564453
200 3.8299615383148193
201 5.562535285949707
202 3.226597547531128
203 5.384636402130127
204 3.9377212524414062
205 8.273536682128906
206 6.1669111251831055
207 5.096712112426758
208 5.1116042137146
209 4.693790912628174
210 6.996992588043213
211 5.2642974853515625
212 4.119345188140869
213 7.127519130706787
214 4.149038314819336
215 8.068530082702637
216 4.122607231140137
217 6.618317127227783
218 5.596571922302246
219 4.624233245849609
220 4.609066486358643
221 4.55014705657959
222 5.963038444519043
223 2.8055214881896973
224 7.164883136749268
225 13.088540077209473
226 3.518183946609497
227 4.243266582489014
228 2.448887348175049
229 4.015235900878906
230 7.968944072723389
231 5.292286396026611
232 6.115641117095947
233 4.062301158905029
234 7.808487892150879
235 4.326253890991211
236 2.5950639247894287
237 2.5873916149139404
238 4.0269999504089355
239 6.720164775848389
240 2.797128438949585
241 8.855751991271973
242 4.072159767150879
243 2.9537100791931152
244 2.807711124420166
245 6.793424129486084
246 1.7485237121582031
247 6.0543670654296875
248 6.215093612670898
249 3.577962636947632
250 3.5548179149627686
251 7.640562534332275
252 4.737331390380859
253 6.262935638427734
254 4.212932109832764
255 11.610039710998535
256 7.888735294342041
257 6.544604301452637
258 6.395412445068359
259 7.570420742034912
260 4.372802734375
261 1.3521161079406738
262 7.293888092041016
263 7.670327186584473
264 7.871689796447754
265 7.179078578948975
266 4.230507850646973
267 1.5273098945617676
268 4.085186958312988
269 5.084839820861816
270 6.041105270385742
271 8.987238883972168
272 4.799505710601807
273 3.184414863586426
274 5.407871723175049
275 5.112313747406006
276 5.339072227478027
277 2.9655609130859375
278 6.3090643882751465
279 5.745128631591797
280 4.710387229919434
281 7.996190071105957
282 5.971141815185547
283 4.851774215698242
284 8.076171875
285 3.254765033721924
286 4.127782344818115
287 2.9604713916778564
288 5.010555744171143
289 6.155970096588135
290 2.1732380390167236
291 3.9748549461364746
292 3.584259271621704
293 6.286795616149902
294 6.102024555206299
295 5.559208869934082
296 4.309113025665283
297 6.654870986938477
298 2.963545322418213
299 5.711422443389893
300 3.200136184692383
301 6.1449737548828125
302 2.045288562774658
303 2.6568386554718018
304 6.096171855926514
305 3.160238027572632
306 4.455392837524414
307 5.985682964324951
308 11.108285903930664
309 5.463119983673096
310 6.757872104644775
311 5.750205039978027
312 3.2614004611968994
313 8.33656120300293
314 6.441134452819824
315 6.454798221588135
316 2.8945705890655518
317 4.885188102722168
318 2.8952698707580566
319 3.1816020011901855
320 5.440409183502197
321 4.527123928070068
322 5.24991512298584
323 5.378725528717041
324 3.768512725830078
325 8.392362594604492
326 10.251423835754395
327 4.652852535247803
328 5.880923748016357
329 4.378171920776367
330 6.140970706939697
331 6.54279899597168
332 10.887886047363281
333 8.203803062438965
334 5.706803321838379
335 2.870821237564087
336 6.549589157104492
337 3.1213207244873047
338 4.829900741577148
339 3.236515522003174
340 6.5716753005981445
341 3.4801769256591797
342 6.189688205718994
343 2.741931438446045
344 5.639791011810303
345 3.2807040214538574
346 5.116560935974121
347 8.534381866455078
348 3.3311636447906494
349 2.2417168617248535
350 3.1031765937805176
351 3.956803560256958
352 3.8632454872131348
353 1.8120259046554565
354 4.037114143371582
355 5.214423656463623
356 5.321902275085449
357 4.020270824432373
358 2.3239386081695557
359 8.201923370361328
360 5.214125633239746
361 4.5332722663879395
362 1.6915310621261597
363 3.774280548095703
364 4.657496452331543
365 3.4270787239074707
366 6.1647772789001465
367 7.687581539154053
368 3.3865549564361572
369 5.7937188148498535
370 4.425464630126953
371 3.652188777923584
372 6.559699535369873
373 6.660443305969238
374 4.31657600402832
375 0.9602313041687012
376 2.231886148452759
377 3.7177047729492188
378 1.6072609424591064
379 3.23870849609375
380 6.589768886566162
381 3.3567938804626465
382 0.7172685265541077
383 5.95743989944458
384 2.9088189601898193
385 2.9367032051086426
386 5.2929463386535645
387 5.561119079589844
388 7.705785751342773
389 9.428154945373535
390 4.063368797302246
391 5.323005676269531
392 6.698905944824219
393 10.712884902954102
394 3.999854803085327
395 5.56868314743042
396 3.9255383014678955
397 3.4456541538238525
398 2.3252556324005127
399 2.558279037475586
400 3.5786683559417725
401 4.303328514099121
402 5.525491714477539
403 4.298948764801025
404 3.9876039028167725
405 0.6745486259460449
406 3.2257449626922607
407 4.233205795288086
408 7.584352970123291
409 5.625782489776611
410 8.787871360778809
411 6.550790309906006
412 2.3902053833007812
413 10.430021286010742
414 3.6307172775268555
415 4.321344375610352
416 5.200771808624268
417 5.00291109085083
418 4.266845703125
419 3.5103766918182373
420 8.394401550292969
421 5.385758399963379
422 5.878575325012207
423 4.594329357147217
424 8.327701568603516
425 5.812814235687256
426 8.056534767150879
427 3.315424919128418
428 6.410234451293945
429 6.1287384033203125
430 2.295037269592285
431 5.998287677764893
432 5.584536552429199
433 4.554027080535889
434 3.7602317333221436
435 4.564423084259033
436 5.032428741455078
437 6.40259313583374
438 4.904705047607422
439 7.474435806274414
440 4.158504009246826
441 3.566558599472046
442 4.411585807800293
443 6.370558738708496
444 3.856618881225586
445 2.465878963470459
446 2.5133912563323975
447 2.815213918685913
448 2.4197497367858887
449 4.990243911743164
450 4.914897918701172
451 5.373363494873047
452 9.296733856201172
453 4.621098041534424
454 4.88288688659668
455 1.9398115873336792
456 1.4477763175964355
457 6.897365093231201
458 2.842116355895996
459 4.645081996917725
460 2.7373099327087402
461 6.86050271987915
462 3.509040355682373
463 6.5403008460998535
464 5.4033522605896
465 5.021633148193359
466 5.744810104370117
467 4.205465793609619
468 5.876814842224121
469 7.3170671463012695
470 2.3681726455688477
471 3.524451971054077
472 2.419551134109497
473 2.8378210067749023
474 4.120262145996094
475 7.391043663024902
476 5.805794715881348
477 1.6191959381103516
478 5.377771377563477
479 0.9642840027809143
480 3.651862621307373
481 5.035897254943848
482 5.2459940910339355
483 3.4529733657836914
484 1.9209401607513428
485 8.48035717010498
486 1.4279966354370117
487 4.810400009155273
488 3.3827226161956787
489 2.4731485843658447
490 5.61113166809082
491 5.107132434844971
492 2.804086208343506
493 1.7864073514938354
494 7.131410598754883
495 3.7109644412994385
496 4.626652717590332
497 5.234599590301514
498 4.583642482757568
499 3.5498688220977783
500 1.5819488763809204
501 5.170618534088135
502 2.4603331089019775
503 4.394974708557129
504 3.992340087890625
505 0.8633381128311157
506 1.3668938875198364
507 4.890625953674316
508 5.303428649902344
509 2.859614610671997
510 5.172102928161621
511 5.412577152252197
512 1.0639749765396118
513 3.5733482837677
514 4.408328056335449
515 4.681088447570801
516 1.9513914585113525
517 2.7505781650543213
518 4.694981098175049
519 7.401856899261475
520 6.681112289428711
521 7.462373733520508
522 3.807373523712158
523 6.078996658325195
524 4.674163818359375
525 5.42763090133667
526 6.238232612609863
527 3.393310785293579
528 5.29630708694458
529 4.966559410095215
530 5.337294101715088
531 5.67817497253418
532 5.748883247375488
533 6.075514793395996
534 7.8480353355407715
535 4.401975154876709
536 4.37263822555542
537 3.6157968044281006
538 3.800974130630493
539 4.275358200073242
540 4.6332316398620605
541 4.4679341316223145
542 2.249004364013672
543 3.3318588733673096
544 3.5938899517059326
545 2.5916435718536377
546 0.6695228815078735
547 4.197749137878418
548 0.6285724639892578
549 3.4167442321777344
550 3.716682195663452
551 5.94258451461792
552 4.944125175476074
553 3.3792598247528076
554 4.071244716644287
555 2.6705453395843506
556 2.357560157775879
557 2.3340017795562744
558 4.342135906219482
559 2.992896556854248
560 6.626276016235352
561 2.3925693035125732
562 4.80635404586792
563 3.1362087726593018
564 6.076995849609375
565 2.2372355461120605
566 5.128045082092285
567 4.823816299438477
568 3.0968823432922363
569 4.4467267990112305
570 4.346978187561035
571 4.769532680511475
572 1.2601035833358765
573 3.9676506519317627
574 4.603912830352783
575 2.900336503982544
576 2.8645596504211426
577 3.94606351852417
578 2.1653847694396973
579 2.3135182857513428
580 4.83669900894165
581 3.023012399673462
582 5.652217864990234
583 4.265511512756348
584 1.3931905031204224
585 5.081366062164307
586 4.260982990264893
587 1.343218207359314
588 1.5189183950424194
589 3.0102574825286865
590 4.8781514167785645
591 3.1060190200805664
592 2.222774028778076
593 6.249810695648193
594 5.0112223625183105
595 3.997999668121338
596 6.281482219696045
597 1.8241958618164062
598 3.6371381282806396
599 1.028296709060669
600 2.6283843517303467
601 2.8684568405151367
602 4.4786810874938965
603 3.508938789367676
604 2.852569341659546
605 2.055833101272583
606 4.221624851226807
607 4.197455406188965
608 2.1601314544677734
609 0.9078764915466309
610 3.5583276748657227
611 5.618843078613281
612 1.8565291166305542
613 1.9168624877929688
614 3.813973903656006
615 4.936789512634277
616 4.816394805908203
617 5.105408191680908
618 4.891321659088135
619 3.0808918476104736
620 2.995332717895508
621 4.718364715576172
622 4.134183883666992
623 1.4443036317825317
624 4.730384826660156
625 2.151498794555664
626 2.2852118015289307
627 3.1207571029663086
628 4.90184211730957
629 2.113624095916748
630 2.9771275520324707
631 4.062567710876465
632 3.849663496017456
633 6.803349018096924
634 4.0208539962768555
635 5.6711249351501465
636 1.0633063316345215
637 3.785217761993408
638 2.0427136421203613
639 3.159968137741089
640 2.703240156173706
641 4.645516395568848
642 2.1390442848205566
643 4.945431709289551
644 5.8555073738098145
645 0.848942756652832
646 2.5895698070526123
647 2.616706132888794
648 1.4306950569152832
649 5.197080135345459
650 5.132424354553223
651 5.022477149963379
652 2.479729413986206
653 2.015824794769287
654 1.294126272201538
655 3.6781985759735107
656 3.0891027450561523
657 4.28192138671875
658 2.653453826904297
659 2.409801483154297
660 4.770674228668213
661 2.4327287673950195
662 2.3375892639160156
663 1.2960468530654907
664 5.889745235443115
665 3.031531810760498
666 1.4792873859405518
667 4.717759609222412
668 1.623455286026001
669 3.9776291847229004
670 3.433326482772827
671 0.9776878356933594
672 2.185917377471924
673 2.1475977897644043
674 2.8945541381835938
675 1.754887342453003
676 1.3333505392074585
677 0.8198256492614746
678 2.9092257022857666
679 2.1386542320251465
680 1.3483692407608032
681 4.489441871643066
682 1.5599339008331299
683 3.679987907409668
684 1.9832879304885864
685 3.6162874698638916
686 3.367452383041382
687 4.099845886230469
688 2.26767897605896
689 1.785739779472351
690 2.562117576599121
691 4.960705757141113
692 2.987044334411621
693 2.347663402557373
694 2.5922865867614746
695 1.2437597513198853
696 3.5624682903289795
697 2.591209888458252
698 3.32161283493042
699 2.5299763679504395
700 3.9986836910247803
701 3.28920841217041
702 2.661067485809326
703 3.3190016746520996
704 3.9325366020202637
705 1.0177288055419922
706 3.187619924545288
707 1.986763834953308
708 1.9910303354263306
709 0.6678048372268677
710 2.4842634201049805
711 4.04977560043335
712 2.034400224685669
713 2.2687554359436035
714 0.9017495512962341
715 3.1547863483428955
716 3.8642096519470215
717 1.3594908714294434
718 2.5030863285064697
719 0.7999197840690613
720 2.606743812561035
721 2.9040160179138184
722 1.5812958478927612
723 2.4454431533813477
724 1.5085513591766357
725 1.2641496658325195
726 2.1022002696990967
727 2.0878913402557373
728 1.414966106414795
729 3.434277296066284
730 2.646766424179077
731 1.9981186389923096
732 0.39442870020866394
733 2.429831027984619
734 1.8873831033706665
735 2.165574789047241
736 2.5505917072296143
737 1.63791024684906
738 3.281808376312256
739 0.4436139166355133
740 1.5493336915969849
741 2.573336362838745
742 3.126497507095337
743 1.385193109512329
744 1.2903047800064087
745 2.90439510345459
746 2.9403772354125977
747 1.7638856172561646
748 0.6276766657829285
749 1.575959324836731
750 1.7045904397964478
751 3.411884307861328
752 1.5030357837677002
753 3.056098699569702
754 2.4896416664123535
755 1.3498958349227905
756 2.5019371509552
757 2.1556270122528076
758 1.5850961208343506
759 3.2776994705200195
760 1.228464961051941
761 2.7214574813842773
762 3.2556614875793457
763 3.0193073749542236
764 3.1904067993164062
765 1.0946404933929443
766 0.9031221866607666
767 0.6528842449188232
768 2.378340482711792
769 2.4188833236694336
770 1.0969562530517578
771 1.803634762763977
772 1.8284237384796143
773 3.4526607990264893
774 2.9092366695404053
775 1.7024754285812378
776 1.5862600803375244
777 1.3742318153381348
778 3.487004041671753
779 2.6249184608459473
780 2.797078847885132
781 1.3469804525375366
782 1.4941223859786987
783 2.185957193374634
784 1.6422979831695557
785 1.1849371194839478
786 1.3799560070037842
787 2.5098507404327393
788 2.2938408851623535
789 3.6871562004089355
790 1.9787269830703735
791 1.8053429126739502
792 1.5145047903060913
793 0.402901828289032
794 1.23530113697052
795 1.7683353424072266
796 1.7485677003860474
797 3.208380937576294
798 2.9027860164642334
799 0.7848392724990845
800 0.6279923915863037
801 1.4279906749725342
802 1.0653822422027588
803 0.7709062695503235
804 2.5830001831054688
805 1.4825316667556763
806 1.6380977630615234
807 2.175192356109619
808 1.5034666061401367
809 3.523141860961914
810 3.0017013549804688
811 1.1934369802474976
812 1.7142322063446045
813 1.9810715913772583
814 3.2820241451263428
815 1.96762216091156
816 2.6778173446655273
817 1.1571874618530273
818 1.792877197265625
819 2.3521647453308105
820 2.270376205444336
821 2.3506104946136475
822 1.4690721035003662
823 1.7265633344650269
824 1.6215192079544067
825 0.8212463855743408
826 1.0417147874832153
827 1.2217592000961304
828 2.226397752761841
829 2.1741342544555664
830 2.448208808898926
831 1.7130485773086548
832 1.399566411972046
833 2.3472814559936523
834 1.092507004737854
835 0.7296191453933716
836 2.3916823863983154
837 0.8077820539474487
838 2.428677797317505
839 1.3538926839828491
840 1.4762765169143677
841 1.3301609754562378
842 1.6885361671447754
843 2.8201797008514404
844 2.018523931503296
845 0.3713611364364624
846 1.9404884576797485
847 2.871098041534424
848 0.8610745668411255
849 0.9698352813720703
850 1.4561898708343506
851 1.5871000289916992
852 1.0696390867233276
853 2.08951473236084
854 1.5958075523376465
855 1.235878586769104
856 1.7742754220962524
857 1.3006043434143066
858 1.849880337715149
859 1.3130238056182861
860 1.4269777536392212
861 2.111891269683838
862 1.9287389516830444
863 1.8107047080993652
864 1.8963818550109863
865 2.104252576828003
866 1.9430166482925415
867 2.64058518409729
868 1.207157850265503
869 1.2919793128967285
870 0.609829306602478
871 1.7942646741867065
872 1.317580223083496
873 1.5130144357681274
874 1.0493708848953247
875 0.8179947733879089
876 2.34132719039917
877 1.6683051586151123
878 2.4522507190704346
879 0.8340084552764893
880 2.0908472537994385
881 1.4731680154800415
882 1.9303618669509888
883 1.5000345706939697
884 1.2945085763931274
885 1.3213586807250977
886 1.1137381792068481
887 1.4265090227127075
888 2.7873122692108154
889 1.5610742568969727
890 1.845062255859375
891 3.108487606048584
892 0.73554927110672
893 1.0948796272277832
894 1.6757014989852905
895 1.780063271522522
896 1.3115545511245728
897 1.7990829944610596
898 1.0419361591339111
899 1.7875087261199951
900 0.999791145324707
901 2.037060022354126
902 0.8318558931350708
903 2.445340633392334
904 0.9083424210548401
905 1.2132768630981445
906 1.4374926090240479
907 1.066784381866455
908 2.0740342140197754
909 1.0745041370391846
910 0.6388980150222778
911 1.248036503791809
912 1.2140154838562012
913 0.7865097522735596
914 1.3537997007369995
915 0.4517621397972107
916 1.331384539604187
917 1.5944342613220215
918 1.6886930465698242
919 1.1350154876708984
920 1.3758347034454346
921 0.9496212601661682
922 0.8858294486999512
923 1.141904592514038
924 1.1358503103256226
925 1.2240806818008423
926 2.1125407218933105
927 0.8643174767494202
928 1.7444448471069336
929 1.6901838779449463
930 1.1722835302352905
931 1.251889705657959
932 1.948669672012329
933 1.8019860982894897
934 1.2130476236343384
935 1.7105087041854858
936 1.1536303758621216
937 0.912031888961792
938 1.0803258419036865
939 1.100725531578064
940 1.011602520942688
941 0.9510834217071533
942 1.3484805822372437
943 1.4062646627426147
944 1.2921772003173828
945 1.6680552959442139
946 0.9234341979026794
947 1.5957142114639282
948 1.1882810592651367
949 0.7568702101707458
950 1.4623607397079468
951 0.6175695061683655
952 1.050845742225647
953 1.1793214082717896
954 0.9036380648612976
955 0.9878629446029663
956 1.3755836486816406
957 0.7891742587089539
958 1.376761555671692
959 0.9834374189376831
960 1.5737111568450928
961 0.7586633563041687
962 1.5542933940887451
963 2.0363609790802
964 0.7550396919250488
965 0.9530588984489441
966 1.4724997282028198
967 1.3862227201461792
968 1.730039119720459
969 0.8380237817764282
970 1.0716774463653564
971 0.9031964540481567
972 1.0989372730255127
973 1.3759846687316895
974 0.7200130224227905
975 1.1823335886001587
976 1.1436715126037598
977 0.7261055111885071
978 1.0959736108779907
979 0.8282930850982666
980 0.6080484390258789
981 0.7812680006027222
982 1.7954826354980469
983 0.6947106719017029
984 0.5638030767440796
985 0.7827457785606384
986 1.5162180662155151
987 1.2423101663589478
988 1.6341248750686646
989 1.573837399482727
990 0.43372610211372375
991 0.6383845806121826
992 0.5647322535514832
993 0.9974740743637085
994 0.25562840700149536
995 1.4157891273498535
996 0.679214596748352
997 0.7760178446769714
998 1.3141132593154907
999 0.37227562069892883
